 0 1 2 3 5 6 7 8 9 10 13 14 17 18 20 21 22 23 24 25 26 28 29 30 31 32 34 35 36 37 39 41 44 45 46 47 48 49 50 51 52 55 56 57 59 61 62 63 64 65 67 68 69 71 72 73 76 77 80 81 82 83 84 86 87 88 89 90 92 94 95 96 97 98 99 100 101 103 104 105 106 107 108 109 110 112 113 115 116 117 118 121 123 124 125 126 128 129 130 131 132 133 135 136 137 138 139 140 141 145 146 147 148 149 150 151 152 153 154 155 156 157 158 159 161 162 163 164 165 166 167 168 169 170 172 174 176 177 179 180 181 182 183 184 186 187 189 190 192 193 194 195 196 197 198 199 202 204 206 207 208 210 211 213 214 215 216 217 218 220 221 222 223 224 225 226 227 228 229 230 231 232 233 234 236 238 239 240 241 242 244 245 246 247 249 250 252 253 254 255 256 259 260 261 262 263 265 266 267 268 269 270 271 273 277 278 279 280 281 282 283 284 285 286 288 289 290 292 295 296 297 298 299 300 301 302 303 305 306 308 311 312 313 314 315 316 317 320 321 322 323 325 326 328 329 331 332 334 335 336 340 341 342 343 344 345 346 348 349 350 351 352 357 358 359 360 362 364 368 369 372 373 374 376 378 379 380 381 382 383 384 385 386 387 388 389 391 392 393 395 396 397 398 399 400 401 402 404 406 407 408 409 410 412 413 414 415 418 419 421 422 423 424 425 428 429 430 432 434 437 438 440 441 442 443 444 445 447 448 449 450 451 452 456 457 458 460 461 463 464 467 468 469 470 471 472 477 480 481 482 483 485 486 487 488 490 491 492 493 494 496 497 498 499 500 501 502 503 504 506 509 510
Print [key0:key1]: Print [key0:key1]: *** lower bound 48
*** upper bound 222
 48 49 50 51 52 55 56 57 59 61 62 63 64 65 67 68 69 71 72 73 76 77 80 81 82 83 84 86 87 88 89 90 92 94 95 96 97 98 99 100 101 103 104 105 106 107 108 109 110 112 113 115 116 117 118 121 123 124 125 126 128 129 130 131 132 133 135 136 137 138 139 140 141 145 146 147 148 149 150 151 152 153 154 155 156 157 158 159 161 162 163 164 165 166 167 168 169 170 172 174 176 177 179 180 181 182 183 184 186 187 189 190 192 193 194 195 196 197 198 199 202 204 206 207 208 210 211 213 214 215 216 217 218 220 221
Print [key0:key1]: *** lower bound 323
*** upper bound 325
 323
Print [key0:key1]: *** lower bound 45
*** upper bound 396
 45 46 47 48 49 50 51 52 55 56 57 59 61 62 63 64 65 67 68 69 71 72 73 76 77 80 81 82 83 84 86 87 88 89 90 92 94 95 96 97 98 99 100 101 103 104 105 106 107 108 109 110 112 113 115 116 117 118 121 123 124 125 126 128 129 130 131 132 133 135 136 137 138 139 140 141 145 146 147 148 149 150 151 152 153 154 155 156 157 158 159 161 162 163 164 165 166 167 168 169 170 172 174 176 177 179 180 181 182 183 184 186 187 189 190 192 193 194 195 196 197 198 199 202 204 206 207 208 210 211 213 214 215 216 217 218 220 221 222 223 224 225 226 227 228 229 230 231 232 233 234 236 238 239 240 241 242 244 245 246 247 249 250 252 253 254 255 256 259 260 261 262 263 265 266 267 268 269 270 271 273 277 278 279 280 281 282 283 284 285 286 288 289 290 292 295 296 297 298 299 300 301 302 303 305 306 308 311 312 313 314 315 316 317 320 321 322 323 325 326 328 329 331 332 334 335 336 340 341 342 343 344 345 346 348 349 350 351 352 357 358 359 360 362 364 368 369 372 373 374 376 378 379 380 381 382 383 384 385 386 387 388 389 391 392 393 395
Print [key0:key1]: Print [key0:key1]: *** lower bound 24
*** upper bound 172
 24 25 26 28 29 30 31 32 34 35 36 37 39 41 44 45 46 47 48 49 50 51 52 55 56 57 59 61 62 63 64 65 67 68 69 71 72 73 76 77 80 81 82 83 84 86 87 88 89 90 92 94 95 96 97 98 99 100 101 103 104 105 106 107 108 109 110 112 113 115 116 117 118 121 123 124 125 126 128 129 130 131 132 133 135 136 137 138 139 140 141 145 146 147 148 149 150 151 152 153 154 155 156 157 158 159 161 162 163 164 165 166 167 168 169 170
Print [key0:key1]: *** lower bound 186
*** upper bound 401
 186 187 189 190 192 193 194 195 196 197 198 199 202 204 206 207 208 210 211 213 214 215 216 217 218 220 221 222 223 224 225 226 227 228 229 230 231 232 233 234 236 238 239 240 241 242 244 245 246 247 249 250 252 253 254 255 256 259 260 261 262 263 265 266 267 268 269 270 271 273 277 278 279 280 281 282 283 284 285 286 288 289 290 292 295 296 297 298 299 300 301 302 303 305 306 308 311 312 313 314 315 316 317 320 321 322 323 325 326 328 329 331 332 334 335 336 340 341 342 343 344 345 346 348 349 350 351 352 357 358 359 360 362 364 368 369 372 373 374 376 378 379 380 381 382 383 384 385 386 387 388 389 391 392 393 395 396 397 398 399 400
Print [key0:key1]: Print [key0:key1]: *** lower bound 84
*** upper bound 323
 84 86 87 88 89 90 92 94 95 96 97 98 99 100 101 103 104 105 106 107 108 109 110 112 113 115 116 117 118 121 123 124 125 126 128 129 130 131 132 133 135 136 137 138 139 140 141 145 146 147 148 149 150 151 152 153 154 155 156 157 158 159 161 162 163 164 165 166 167 168 169 170 172 174 176 177 179 180 181 182 183 184 186 187 189 190 192 193 194 195 196 197 198 199 202 204 206 207 208 210 211 213 214 215 216 217 218 220 221 222 223 224 225 226 227 228 229 230 231 232 233 234 236 238 239 240 241 242 244 245 246 247 249 250 252 253 254 255 256 259 260 261 262 263 265 266 267 268 269 270 271 273 277 278 279 280 281 282 283 284 285 286 288 289 290 292 295 296 297 298 299 300 301 302 303 305 306 308 311 312 313 314 315 316 317 320 321 322
Print [key0:key1]: Print [key0:key1]: *** lower bound 232
*** upper bound 383
 232 233 234 236 238 239 240 241 242 244 245 246 247 249 250 252 253 254 255 256 259 260 261 262 263 265 266 267 268 269 270 271 273 277 278 279 280 281 282 283 284 285 286 288 289 290 292 295 296 297 298 299 300 301 302 303 305 306 308 311 312 313 314 315 316 317 320 321 322 323 325 326 328 329 331 332 334 335 336 340 341 342 343 344 345 346 348 349 350 351 352 357 358 359 360 362 364 368 369 372 373 374 376 378 379 380 381 382
Print [key0:key1]: *** lower bound 39
*** upper bound 92
 39 41 44 45 46 47 48 49 50 51 52 55 56 57 59 61 62 63 64 65 67 68 69 71 72 73 76 77 80 81 82 83 84 86 87 88 89 90
Print [key0:key1]: *** lower bound 8
*** upper bound 55
 8 9 10 13 14 17 18 20 21 22 23 24 25 26 28 29 30 31 32 34 35 36 37 39 41 44 45 46 47 48 49 50 51 52
Print [key0:key1]: Print [key0:key1]: Print [key0:key1]: Print [key0:key1]: Print [key0:key1]: *** lower bound 110
*** upper bound 343
 110 112 113 115 116 117 118 121 123 124 125 126 128 129 130 131 132 133 135 136 137 138 139 140 141 145 146 147 148 149 150 151 152 153 154 155 156 157 158 159 161 162 163 164 165 166 167 168 169 170 172 174 176 177 179 180 181 182 183 184 186 187 189 190 192 193 194 195 196 197 198 199 202 204 206 207 208 210 211 213 214 215 216 217 218 220 221 222 223 224 225 226 227 228 229 230 231 232 233 234 236 238 239 240 241 242 244 245 246 247 249 250 252 253 254 255 256 259 260 261 262 263 265 266 267 268 269 270 271 273 277 278 279 280 281 282 283 284 285 286 288 289 290 292 295 296 297 298 299 300 301 302 303 305 306 308 311 312 313 314 315 316 317 320 321 322 323 325 326 328 329 331 332 334 335 336 340 341 342
Print [key0:key1]: Print [key0:key1]: Print [key0:key1]: *** lower bound 197
*** upper bound 342
 197 198 199 202 204 206 207 208 210 211 213 214 215 216 217 218 220 221 222 223 224 225 226 227 228 229 230 231 232 233 234 236 238 239 240 241 242 244 245 246 247 249 250 252 253 254 255 256 259 260 261 262 263 265 266 267 268 269 270 271 273 277 278 279 280 281 282 283 284 285 286 288 289 290 292 295 296 297 298 299 300 301 302 303 305 306 308 311 312 313 314 315 316 317 320 321 322 323 325 326 328 329 331 332 334 335 336 340 341
Print [key0:key1]: Print [key0:key1]: *** lower bound 30
*** upper bound 233
 30 31 32 34 35 36 37 39 41 44 45 46 47 48 49 50 51 52 55 56 57 59 61 62 63 64 65 67 68 69 71 72 73 76 77 80 81 82 83 84 86 87 88 89 90 92 94 95 96 97 98 99 100 101 103 104 105 106 107 108 109 110 112 113 115 116 117 118 121 123 124 125 126 128 129 130 131 132 133 135 136 137 138 139 140 141 145 146 147 148 149 150 151 152 153 154 155 156 157 158 159 161 162 163 164 165 166 167 168 169 170 172 174 176 177 179 180 181 182 183 184 186 187 189 190 192 193 194 195 196 197 198 199 202 204 206 207 208 210 211 213 214 215 216 217 218 220 221 222 223 224 225 226 227 228 229 230 231 232
Print [key0:key1]: *** lower bound 273
*** upper bound 369
 273 277 278 279 280 281 282 283 284 285 286 288 289 290 292 295 296 297 298 299 300 301 302 303 305 306 308 311 312 313 314 315 316 317 320 321 322 323 325 326 328 329 331 332 334 335 336 340 341 342 343 344 345 346 348 349 350 351 352 357 358 359 360 362 364 368
Print [key0:key1]: *** lower bound 39
*** upper bound 192
 39 41 44 45 46 47 48 49 50 51 52 55 56 57 59 61 62 63 64 65 67 68 69 71 72 73 76 77 80 81 82 83 84 86 87 88 89 90 92 94 95 96 97 98 99 100 101 103 104 105 106 107 108 109 110 112 113 115 116 117 118 121 123 124 125 126 128 129 130 131 132 133 135 136 137 138 139 140 141 145 146 147 148 149 150 151 152 153 154 155 156 157 158 159 161 162 163 164 165 166 167 168 169 170 172 174 176 177 179 180 181 182 183 184 186 187 189 190
Print [key0:key1]: Print [key0:key1]: Print [key0:key1]: *** lower bound 41
*** upper bound 204
 41 44 45 46 47 48 49 50 51 52 55 56 57 59 61 62 63 64 65 67 68 69 71 72 73 76 77 80 81 82 83 84 86 87 88 89 90 92 94 95 96 97 98 99 100 101 103 104 105 106 107 108 109 110 112 113 115 116 117 118 121 123 124 125 126 128 129 130 131 132 133 135 136 137 138 139 140 141 145 146 147 148 149 150 151 152 153 154 155 156 157 158 159 161 162 163 164 165 166 167 168 169 170 172 174 176 177 179 180 181 182 183 184 186 187 189 190 192 193 194 195 196 197 198 199 202
Print [key0:key1]: *** lower bound 135
*** upper bound 174
 135 136 137 138 139 140 141 145 146 147 148 149 150 151 152 153 154 155 156 157 158 159 161 162 163 164 165 166 167 168 169 170 172
Print [key0:key1]: *** lower bound 207
*** upper bound 246
 207 208 210 211 213 214 215 216 217 218 220 221 222 223 224 225 226 227 228 229 230 231 232 233 234 236 238 239 240 241 242 244 245
Print [key0:key1]: *** lower bound 128
*** upper bound 320
 128 129 130 131 132 133 135 136 137 138 139 140 141 145 146 147 148 149 150 151 152 153 154 155 156 157 158 159 161 162 163 164 165 166 167 168 169 170 172 174 176 177 179 180 181 182 183 184 186 187 189 190 192 193 194 195 196 197 198 199 202 204 206 207 208 210 211 213 214 215 216 217 218 220 221 222 223 224 225 226 227 228 229 230 231 232 233 234 236 238 239 240 241 242 244 245 246 247 249 250 252 253 254 255 256 259 260 261 262 263 265 266 267 268 269 270 271 273 277 278 279 280 281 282 283 284 285 286 288 289 290 292 295 296 297 298 299 300 301 302 303 305 306 308 311 312 313 314 315 316 317
Print [key0:key1]: *** lower bound 80
*** upper bound 250
 80 81 82 83 84 86 87 88 89 90 92 94 95 96 97 98 99 100 101 103 104 105 106 107 108 109 110 112 113 115 116 117 118 121 123 124 125 126 128 129 130 131 132 133 135 136 137 138 139 140 141 145 146 147 148 149 150 151 152 153 154 155 156 157 158 159 161 162 163 164 165 166 167 168 169 170 172 174 176 177 179 180 181 182 183 184 186 187 189 190 192 193 194 195 196 197 198 199 202 204 206 207 208 210 211 213 214 215 216 217 218 220 221 222 223 224 225 226 227 228 229 230 231 232 233 234 236 238 239 240 241 242 244 245 246 247 249
Print [key0:key1]: Print [key0:key1]: Print [key0:key1]: *** lower bound 182
*** upper bound 392
 182 183 184 186 187 189 190 192 193 194 195 196 197 198 199 202 204 206 207 208 210 211 213 214 215 216 217 218 220 221 222 223 224 225 226 227 228 229 230 231 232 233 234 236 238 239 240 241 242 244 245 246 247 249 250 252 253 254 255 256 259 260 261 262 263 265 266 267 268 269 270 271 273 277 278 279 280 281 282 283 284 285 286 288 289 290 292 295 296 297 298 299 300 301 302 303 305 306 308 311 312 313 314 315 316 317 320 321 322 323 325 326 328 329 331 332 334 335 336 340 341 342 343 344 345 346 348 349 350 351 352 357 358 359 360 362 364 368 369 372 373 374 376 378 379 380 381 382 383 384 385 386 387 388 389 391
Print [key0:key1]: Print [key0:key1]: *** lower bound 118
*** upper bound 130
 118 121 123 124 125 126 128 129
Print [key0:key1]: Print [key0:key1]: *** lower bound 110
*** upper bound 345
 110 112 113 115 116 117 118 121 123 124 125 126 128 129 130 131 132 133 135 136 137 138 139 140 141 145 146 147 148 149 150 151 152 153 154 155 156 157 158 159 161 162 163 164 165 166 167 168 169 170 172 174 176 177 179 180 181 182 183 184 186 187 189 190 192 193 194 195 196 197 198 199 202 204 206 207 208 210 211 213 214 215 216 217 218 220 221 222 223 224 225 226 227 228 229 230 231 232 233 234 236 238 239 240 241 242 244 245 246 247 249 250 252 253 254 255 256 259 260 261 262 263 265 266 267 268 269 270 271 273 277 278 279 280 281 282 283 284 285 286 288 289 290 292 295 296 297 298 299 300 301 302 303 305 306 308 311 312 313 314 315 316 317 320 321 322 323 325 326 328 329 331 332 334 335 336 340 341 342 343 344
Print [key0:key1]: Print [key0:key1]: *** lower bound 292
*** upper bound 386
 292 295 296 297 298 299 300 301 302 303 305 306 308 311 312 313 314 315 316 317 320 321 322 323 325 326 328 329 331 332 334 335 336 340 341 342 343 344 345 346 348 349 350 351 352 357 358 359 360 362 364 368 369 372 373 374 376 378 379 380 381 382 383 384 385
Print [key0:key1]: Print [key0:key1]: *** lower bound 224
*** upper bound 292
 224 225 226 227 228 229 230 231 232 233 234 236 238 239 240 241 242 244 245 246 247 249 250 252 253 254 255 256 259 260 261 262 263 265 266 267 268 269 270 271 273 277 278 279 280 281 282 283 284 285 286 288 289 290
Print [key0:key1]: *** lower bound 334
*** upper bound 345
 334 335 336 340 341 342 343 344
Print [key0:key1]: *** lower bound 90
*** upper bound 194
 90 92 94 95 96 97 98 99 100 101 103 104 105 106 107 108 109 110 112 113 115 116 117 118 121 123 124 125 126 128 129 130 131 132 133 135 136 137 138 139 140 141 145 146 147 148 149 150 151 152 153 154 155 156 157 158 159 161 162 163 164 165 166 167 168 169 170 172 174 176 177 179 180 181 182 183 184 186 187 189 190 192 193
Print [key0:key1]: *** lower bound 31
*** upper bound 133
 31 32 34 35 36 37 39 41 44 45 46 47 48 49 50 51 52 55 56 57 59 61 62 63 64 65 67 68 69 71 72 73 76 77 80 81 82 83 84 86 87 88 89 90 92 94 95 96 97 98 99 100 101 103 104 105 106 107 108 109 110 112 113 115 116 117 118 121 123 124 125 126 128 129 130 131 132
Print [key0:key1]: *** lower bound 146
*** upper bound 322
 146 147 148 149 150 151 152 153 154 155 156 157 158 159 161 162 163 164 165 166 167 168 169 170 172 174 176 177 179 180 181 182 183 184 186 187 189 190 192 193 194 195 196 197 198 199 202 204 206 207 208 210 211 213 214 215 216 217 218 220 221 222 223 224 225 226 227 228 229 230 231 232 233 234 236 238 239 240 241 242 244 245 246 247 249 250 252 253 254 255 256 259 260 261 262 263 265 266 267 268 269 270 271 273 277 278 279 280 281 282 283 284 285 286 288 289 290 292 295 296 297 298 299 300 301 302 303 305 306 308 311 312 313 314 315 316 317 320 321
Print [key0:key1]: Print [key0:key1]: *** lower bound 99
*** upper bound 161
 99 100 101 103 104 105 106 107 108 109 110 112 113 115 116 117 118 121 123 124 125 126 128 129 130 131 132 133 135 136 137 138 139 140 141 145 146 147 148 149 150 151 152 153 154 155 156 157 158 159
Print [key0:key1]: Print [key0:key1]: Print [key0:key1]: Print [key0:key1]: Print [key0:key1]: *** lower bound 362
*** upper bound 391
 362 364 368 369 372 373 374 376 378 379 380 381 382 383 384 385 386 387 388 389
Print [key0:key1]: Print [key0:key1]: *** lower bound 241
*** upper bound 388
 241 242 244 245 246 247 249 250 252 253 254 255 256 259 260 261 262 263 265 266 267 268 269 270 271 273 277 278 279 280 281 282 283 284 285 286 288 289 290 292 295 296 297 298 299 300 301 302 303 305 306 308 311 312 313 314 315 316 317 320 321 322 323 325 326 328 329 331 332 334 335 336 340 341 342 343 344 345 346 348 349 350 351 352 357 358 359 360 362 364 368 369 372 373 374 376 378 379 380 381 382 383 384 385 386 387
Print [key0:key1]: Print [key0:key1]: *** lower bound 83
*** upper bound 103
 83 84 86 87 88 89 90 92 94 95 96 97 98 99 100 101
Print [key0:key1]: Print [key0:key1]: *** lower bound 55
*** upper bound 181
 55 56 57 59 61 62 63 64 65 67 68 69 71 72 73 76 77 80 81 82 83 84 86 87 88 89 90 92 94 95 96 97 98 99 100 101 103 104 105 106 107 108 109 110 112 113 115 116 117 118 121 123 124 125 126 128 129 130 131 132 133 135 136 137 138 139 140 141 145 146 147 148 149 150 151 152 153 154 155 156 157 158 159 161 162 163 164 165 166 167 168 169 170 172 174 176 177 179 180
Print [key0:key1]: *** lower bound 301
*** upper bound 357
 301 302 303 305 306 308 311 312 313 314 315 316 317 320 321 322 323 325 326 328 329 331 332 334 335 336 340 341 342 343 344 345 346 348 349 350 351 352
Print [key0:key1]: *** lower bound 5
*** upper bound 189
 5 6 7 8 9 10 13 14 17 18 20 21 22 23 24 25 26 28 29 30 31 32 34 35 36 37 39 41 44 45 46 47 48 49 50 51 52 55 56 57 59 61 62 63 64 65 67 68 69 71 72 73 76 77 80 81 82 83 84 86 87 88 89 90 92 94 95 96 97 98 99 100 101 103 104 105 106 107 108 109 110 112 113 115 116 117 118 121 123 124 125 126 128 129 130 131 132 133 135 136 137 138 139 140 141 145 146 147 148 149 150 151 152 153 154 155 156 157 158 159 161 162 163 164 165 166 167 168 169 170 172 174 176 177 179 180 181 182 183 184 186 187
Print [key0:key1]: *** lower bound 28
*** upper bound 107
 28 29 30 31 32 34 35 36 37 39 41 44 45 46 47 48 49 50 51 52 55 56 57 59 61 62 63 64 65 67 68 69 71 72 73 76 77 80 81 82 83 84 86 87 88 89 90 92 94 95 96 97 98 99 100 101 103 104 105 106
Print [key0:key1]: Print [key0:key1]: Print [key0:key1]: Print [key0:key1]: *** lower bound 81
*** upper bound 322
 81 82 83 84 86 87 88 89 90 92 94 95 96 97 98 99 100 101 103 104 105 106 107 108 109 110 112 113 115 116 117 118 121 123 124 125 126 128 129 130 131 132 133 135 136 137 138 139 140 141 145 146 147 148 149 150 151 152 153 154 155 156 157 158 159 161 162 163 164 165 166 167 168 169 170 172 174 176 177 179 180 181 182 183 184 186 187 189 190 192 193 194 195 196 197 198 199 202 204 206 207 208 210 211 213 214 215 216 217 218 220 221 222 223 224 225 226 227 228 229 230 231 232 233 234 236 238 239 240 241 242 244 245 246 247 249 250 252 253 254 255 256 259 260 261 262 263 265 266 267 268 269 270 271 273 277 278 279 280 281 282 283 284 285 286 288 289 290 292 295 296 297 298 299 300 301 302 303 305 306 308 311 312 313 314 315 316 317 320 321
Print [key0:key1]: *** lower bound 226
*** upper bound 376
 226 227 228 229 230 231 232 233 234 236 238 239 240 241 242 244 245 246 247 249 250 252 253 254 255 256 259 260 261 262 263 265 266 267 268 269 270 271 273 277 278 279 280 281 282 283 284 285 286 288 289 290 292 295 296 297 298 299 300 301 302 303 305 306 308 311 312 313 314 315 316 317 320 321 322 323 325 326 328 329 331 332 334 335 336 340 341 342 343 344 345 346 348 349 350 351 352 357 358 359 360 362 364 368 369 372 373 374
Print [key0:key1]: Print [key0:key1]: *** lower bound 90
*** upper bound 105
 90 92 94 95 96 97 98 99 100 101 103 104
Print [key0:key1]: *** lower bound 262
*** upper bound 357
 262 263 265 266 267 268 269 270 271 273 277 278 279 280 281 282 283 284 285 286 288 289 290 292 295 296 297 298 299 300 301 302 303 305 306 308 311 312 313 314 315 316 317 320 321 322 323 325 326 328 329 331 332 334 335 336 340 341 342 343 344 345 346 348 349 350 351 352
Print [key0:key1]: *** lower bound 317
*** upper bound 358
 317 320 321 322 323 325 326 328 329 331 332 334 335 336 340 341 342 343 344 345 346 348 349 350 351 352 357
Print [key0:key1]: *** lower bound 71
*** upper bound 145
 71 72 73 76 77 80 81 82 83 84 86 87 88 89 90 92 94 95 96 97 98 99 100 101 103 104 105 106 107 108 109 110 112 113 115 116 117 118 121 123 124 125 126 128 129 130 131 132 133 135 136 137 138 139 140 141
Print [key0:key1]: *** lower bound 161
*** upper bound 308
 161 162 163 164 165 166 167 168 169 170 172 174 176 177 179 180 181 182 183 184 186 187 189 190 192 193 194 195 196 197 198 199 202 204 206 207 208 210 211 213 214 215 216 217 218 220 221 222 223 224 225 226 227 228 229 230 231 232 233 234 236 238 239 240 241 242 244 245 246 247 249 250 252 253 254 255 256 259 260 261 262 263 265 266 267 268 269 270 271 273 277 278 279 280 281 282 283 284 285 286 288 289 290 292 295 296 297 298 299 300 301 302 303 305 306
Print [key0:key1]: Print [key0:key1]: *** lower bound 123
*** upper bound 202
 123 124 125 126 128 129 130 131 132 133 135 136 137 138 139 140 141 145 146 147 148 149 150 151 152 153 154 155 156 157 158 159 161 162 163 164 165 166 167 168 169 170 172 174 176 177 179 180 181 182 183 184 186 187 189 190 192 193 194 195 196 197 198 199
Print [key0:key1]: *** lower bound 92
*** upper bound 113
 92 94 95 96 97 98 99 100 101 103 104 105 106 107 108 109 110 112
Print [key0:key1]: *** lower bound 162
*** upper bound 301
 162 163 164 165 166 167 168 169 170 172 174 176 177 179 180 181 182 183 184 186 187 189 190 192 193 194 195 196 197 198 199 202 204 206 207 208 210 211 213 214 215 216 217 218 220 221 222 223 224 225 226 227 228 229 230 231 232 233 234 236 238 239 240 241 242 244 245 246 247 249 250 252 253 254 255 256 259 260 261 262 263 265 266 267 268 269 270 271 273 277 278 279 280 281 282 283 284 285 286 288 289 290 292 295 296 297 298 299 300
Print [key0:key1]: Print [key0:key1]: Print [key0:key1]: Print [key0:key1]: *** lower bound 104
*** upper bound 285
 104 105 106 107 108 109 110 112 113 115 116 117 118 121 123 124 125 126 128 129 130 131 132 133 135 136 137 138 139 140 141 145 146 147 148 149 150 151 152 153 154 155 156 157 158 159 161 162 163 164 165 166 167 168 169 170 172 174 176 177 179 180 181 182 183 184 186 187 189 190 192 193 194 195 196 197 198 199 202 204 206 207 208 210 211 213 214 215 216 217 218 220 221 222 223 224 225 226 227 228 229 230 231 232 233 234 236 238 239 240 241 242 244 245 246 247 249 250 252 253 254 255 256 259 260 261 262 263 265 266 267 268 269 270 271 273 277 278 279 280 281 282 283 284
Print [key0:key1]: Print [key0:key1]: Print [key0:key1]: *** lower bound 115
*** upper bound 357
 115 116 117 118 121 123 124 125 126 128 129 130 131 132 133 135 136 137 138 139 140 141 145 146 147 148 149 150 151 152 153 154 155 156 157 158 159 161 162 163 164 165 166 167 168 169 170 172 174 176 177 179 180 181 182 183 184 186 187 189 190 192 193 194 195 196 197 198 199 202 204 206 207 208 210 211 213 214 215 216 217 218 220 221 222 223 224 225 226 227 228 229 230 231 232 233 234 236 238 239 240 241 242 244 245 246 247 249 250 252 253 254 255 256 259 260 261 262 263 265 266 267 268 269 270 271 273 277 278 279 280 281 282 283 284 285 286 288 289 290 292 295 296 297 298 299 300 301 302 303 305 306 308 311 312 313 314 315 316 317 320 321 322 323 325 326 328 329 331 332 334 335 336 340 341 342 343 344 345 346 348 349 350 351 352
Print [key0:key1]: Print [key0:key1]: *** lower bound 86
*** upper bound 284
 86 87 88 89 90 92 94 95 96 97 98 99 100 101 103 104 105 106 107 108 109 110 112 113 115 116 117 118 121 123 124 125 126 128 129 130 131 132 133 135 136 137 138 139 140 141 145 146 147 148 149 150 151 152 153 154 155 156 157 158 159 161 162 163 164 165 166 167 168 169 170 172 174 176 177 179 180 181 182 183 184 186 187 189 190 192 193 194 195 196 197 198 199 202 204 206 207 208 210 211 213 214 215 216 217 218 220 221 222 223 224 225 226 227 228 229 230 231 232 233 234 236 238 239 240 241 242 244 245 246 247 249 250 252 253 254 255 256 259 260 261 262 263 265 266 267 268 269 270 271 273 277 278 279 280 281 282 283
Print [key0:key1]: *** lower bound 90
*** upper bound 401
 90 92 94 95 96 97 98 99 100 101 103 104 105 106 107 108 109 110 112 113 115 116 117 118 121 123 124 125 126 128 129 130 131 132 133 135 136 137 138 139 140 141 145 146 147 148 149 150 151 152 153 154 155 156 157 158 159 161 162 163 164 165 166 167 168 169 170 172 174 176 177 179 180 181 182 183 184 186 187 189 190 192 193 194 195 196 197 198 199 202 204 206 207 208 210 211 213 214 215 216 217 218 220 221 222 223 224 225 226 227 228 229 230 231 232 233 234 236 238 239 240 241 242 244 245 246 247 249 250 252 253 254 255 256 259 260 261 262 263 265 266 267 268 269 270 271 273 277 278 279 280 281 282 283 284 285 286 288 289 290 292 295 296 297 298 299 300 301 302 303 305 306 308 311 312 313 314 315 316 317 320 321 322 323 325 326 328 329 331 332 334 335 336 340 341 342 343 344 345 346 348 349 350 351 352 357 358 359 360 362 364 368 369 372 373 374 376 378 379 380 381 382 383 384 385 386 387 388 389 391 392 393 395 396 397 398 399 400
Print [key0:key1]: Print [key0:key1]: Print [key0:key1]: Print [key0:key1]: *** lower bound 87
*** upper bound 252
 87 88 89 90 92 94 95 96 97 98 99 100 101 103 104 105 106 107 108 109 110 112 113 115 116 117 118 121 123 124 125 126 128 129 130 131 132 133 135 136 137 138 139 140 141 145 146 147 148 149 150 151 152 153 154 155 156 157 158 159 161 162 163 164 165 166 167 168 169 170 172 174 176 177 179 180 181 182 183 184 186 187 189 190 192 193 194 195 196 197 198 199 202 204 206 207 208 210 211 213 214 215 216 217 218 220 221 222 223 224 225 226 227 228 229 230 231 232 233 234 236 238 239 240 241 242 244 245 246 247 249 250
Print [key0:key1]: *** lower bound 83
*** upper bound 397
 83 84 86 87 88 89 90 92 94 95 96 97 98 99 100 101 103 104 105 106 107 108 109 110 112 113 115 116 117 118 121 123 124 125 126 128 129 130 131 132 133 135 136 137 138 139 140 141 145 146 147 148 149 150 151 152 153 154 155 156 157 158 159 161 162 163 164 165 166 167 168 169 170 172 174 176 177 179 180 181 182 183 184 186 187 189 190 192 193 194 195 196 197 198 199 202 204 206 207 208 210 211 213 214 215 216 217 218 220 221 222 223 224 225 226 227 228 229 230 231 232 233 234 236 238 239 240 241 242 244 245 246 247 249 250 252 253 254 255 256 259 260 261 262 263 265 266 267 268 269 270 271 273 277 278 279 280 281 282 283 284 285 286 288 289 290 292 295 296 297 298 299 300 301 302 303 305 306 308 311 312 313 314 315 316 317 320 321 322 323 325 326 328 329 331 332 334 335 336 340 341 342 343 344 345 346 348 349 350 351 352 357 358 359 360 362 364 368 369 372 373 374 376 378 379 380 381 382 383 384 385 386 387 388 389 391 392 393 395 396
Print [key0:key1]: Print [key0:key1]: *** lower bound 124
*** upper bound 305
 124 125 126 128 129 130 131 132 133 135 136 137 138 139 140 141 145 146 147 148 149 150 151 152 153 154 155 156 157 158 159 161 162 163 164 165 166 167 168 169 170 172 174 176 177 179 180 181 182 183 184 186 187 189 190 192 193 194 195 196 197 198 199 202 204 206 207 208 210 211 213 214 215 216 217 218 220 221 222 223 224 225 226 227 228 229 230 231 232 233 234 236 238 239 240 241 242 244 245 246 247 249 250 252 253 254 255 256 259 260 261 262 263 265 266 267 268 269 270 271 273 277 278 279 280 281 282 283 284 285 286 288 289 290 292 295 296 297 298 299 300 301 302 303
Print [key0:key1]: Print [key0:key1]: *** lower bound 76
*** upper bound 321
 76 77 80 81 82 83 84 86 87 88 89 90 92 94 95 96 97 98 99 100 101 103 104 105 106 107 108 109 110 112 113 115 116 117 118 121 123 124 125 126 128 129 130 131 132 133 135 136 137 138 139 140 141 145 146 147 148 149 150 151 152 153 154 155 156 157 158 159 161 162 163 164 165 166 167 168 169 170 172 174 176 177 179 180 181 182 183 184 186 187 189 190 192 193 194 195 196 197 198 199 202 204 206 207 208 210 211 213 214 215 216 217 218 220 221 222 223 224 225 226 227 228 229 230 231 232 233 234 236 238 239 240 241 242 244 245 246 247 249 250 252 253 254 255 256 259 260 261 262 263 265 266 267 268 269 270 271 273 277 278 279 280 281 282 283 284 285 286 288 289 290 292 295 296 297 298 299 300 301 302 303 305 306 308 311 312 313 314 315 316 317 320
Print [key0:key1]: *** lower bound 357
*** upper bound 372
 357 358 359 360 362 364 368 369
Print [key0:key1]: Print [key0:key1]: *** lower bound 21
*** upper bound 384
 21 22 23 24 25 26 28 29 30 31 32 34 35 36 37 39 41 44 45 46 47 48 49 50 51 52 55 56 57 59 61 62 63 64 65 67 68 69 71 72 73 76 77 80 81 82 83 84 86 87 88 89 90 92 94 95 96 97 98 99 100 101 103 104 105 106 107 108 109 110 112 113 115 116 117 118 121 123 124 125 126 128 129 130 131 132 133 135 136 137 138 139 140 141 145 146 147 148 149 150 151 152 153 154 155 156 157 158 159 161 162 163 164 165 166 167 168 169 170 172 174 176 177 179 180 181 182 183 184 186 187 189 190 192 193 194 195 196 197 198 199 202 204 206 207 208 210 211 213 214 215 216 217 218 220 221 222 223 224 225 226 227 228 229 230 231 232 233 234 236 238 239 240 241 242 244 245 246 247 249 250 252 253 254 255 256 259 260 261 262 263 265 266 267 268 269 270 271 273 277 278 279 280 281 282 283 284 285 286 288 289 290 292 295 296 297 298 299 300 301 302 303 305 306 308 311 312 313 314 315 316 317 320 321 322 323 325 326 328 329 331 332 334 335 336 340 341 342 343 344 345 346 348 349 350 351 352 357 358 359 360 362 364 368 369 372 373 374 376 378 379 380 381 382 383
Print [key0:key1]: Print [key0:key1]: Print [key0:key1]: Print [key0:key1]: *** lower bound 256
*** upper bound 331
 256 259 260 261 262 263 265 266 267 268 269 270 271 273 277 278 279 280 281 282 283 284 285 286 288 289 290 292 295 296 297 298 299 300 301 302 303 305 306 308 311 312 313 314 315 316 317 320 321 322 323 325 326 328 329
Print [key0:key1]: *** lower bound 199
*** upper bound 322
 199 202 204 206 207 208 210 211 213 214 215 216 217 218 220 221 222 223 224 225 226 227 228 229 230 231 232 233 234 236 238 239 240 241 242 244 245 246 247 249 250 252 253 254 255 256 259 260 261 262 263 265 266 267 268 269 270 271 273 277 278 279 280 281 282 283 284 285 286 288 289 290 292 295 296 297 298 299 300 301 302 303 305 306 308 311 312 313 314 315 316 317 320 321
Print [key0:key1]: Print [key0:key1]: *** lower bound 49
*** upper bound 295
 49 50 51 52 55 56 57 59 61 62 63 64 65 67 68 69 71 72 73 76 77 80 81 82 83 84 86 87 88 89 90 92 94 95 96 97 98 99 100 101 103 104 105 106 107 108 109 110 112 113 115 116 117 118 121 123 124 125 126 128 129 130 131 132 133 135 136 137 138 139 140 141 145 146 147 148 149 150 151 152 153 154 155 156 157 158 159 161 162 163 164 165 166 167 168 169 170 172 174 176 177 179 180 181 182 183 184 186 187 189 190 192 193 194 195 196 197 198 199 202 204 206 207 208 210 211 213 214 215 216 217 218 220 221 222 223 224 225 226 227 228 229 230 231 232 233 234 236 238 239 240 241 242 244 245 246 247 249 250 252 253 254 255 256 259 260 261 262 263 265 266 267 268 269 270 271 273 277 278 279 280 281 282 283 284 285 286 288 289 290 292
Print [key0:key1]: *** lower bound 135
*** upper bound 277
 135 136 137 138 139 140 141 145 146 147 148 149 150 151 152 153 154 155 156 157 158 159 161 162 163 164 165 166 167 168 169 170 172 174 176 177 179 180 181 182 183 184 186 187 189 190 192 193 194 195 196 197 198 199 202 204 206 207 208 210 211 213 214 215 216 217 218 220 221 222 223 224 225 226 227 228 229 230 231 232 233 234 236 238 239 240 241 242 244 245 246 247 249 250 252 253 254 255 256 259 260 261 262 263 265 266 267 268 269 270 271 273
Print [key0:key1]: Print [key0:key1]: *** lower bound 379
*** upper bound 398
 379 380 381 382 383 384 385 386 387 388 389 391 392 393 395 396 397
Print [key0:key1]: Print [key0:key1]: *** lower bound 260
*** upper bound 277
 260 261 262 263 265 266 267 268 269 270 271 273
Print [key0:key1]: *** lower bound 221
*** upper bound 285
 221 222 223 224 225 226 227 228 229 230 231 232 233 234 236 238 239 240 241 242 244 245 246 247 249 250 252 253 254 255 256 259 260 261 262 263 265 266 267 268 269 270 271 273 277 278 279 280 281 282 283 284
Print [key0:key1]: *** lower bound 52
*** upper bound 295
 52 55 56 57 59 61 62 63 64 65 67 68 69 71 72 73 76 77 80 81 82 83 84 86 87 88 89 90 92 94 95 96 97 98 99 100 101 103 104 105 106 107 108 109 110 112 113 115 116 117 118 121 123 124 125 126 128 129 130 131 132 133 135 136 137 138 139 140 141 145 146 147 148 149 150 151 152 153 154 155 156 157 158 159 161 162 163 164 165 166 167 168 169 170 172 174 176 177 179 180 181 182 183 184 186 187 189 190 192 193 194 195 196 197 198 199 202 204 206 207 208 210 211 213 214 215 216 217 218 220 221 222 223 224 225 226 227 228 229 230 231 232 233 234 236 238 239 240 241 242 244 245 246 247 249 250 252 253 254 255 256 259 260 261 262 263 265 266 267 268 269 270 271 273 277 278 279 280 281 282 283 284 285 286 288 289 290 292
Print [key0:key1]: *** lower bound 35
*** upper bound 130
 35 36 37 39 41 44 45 46 47 48 49 50 51 52 55 56 57 59 61 62 63 64 65 67 68 69 71 72 73 76 77 80 81 82 83 84 86 87 88 89 90 92 94 95 96 97 98 99 100 101 103 104 105 106 107 108 109 110 112 113 115 116 117 118 121 123 124 125 126 128 129
Print [key0:key1]: Print [key0:key1]: Print [key0:key1]: *** lower bound 271
*** upper bound 340
 271 273 277 278 279 280 281 282 283 284 285 286 288 289 290 292 295 296 297 298 299 300 301 302 303 305 306 308 311 312 313 314 315 316 317 320 321 322 323 325 326 328 329 331 332 334 335 336
Print [key0:key1]: *** lower bound 259
*** upper bound 311
 259 260 261 262 263 265 266 267 268 269 270 271 273 277 278 279 280 281 282 283 284 285 286 288 289 290 292 295 296 297 298 299 300 301 302 303 305 306 308
Print [key0:key1]: *** lower bound 147
*** upper bound 233
 147 148 149 150 151 152 153 154 155 156 157 158 159 161 162 163 164 165 166 167 168 169 170 172 174 176 177 179 180 181 182 183 184 186 187 189 190 192 193 194 195 196 197 198 199 202 204 206 207 208 210 211 213 214 215 216 217 218 220 221 222 223 224 225 226 227 228 229 230 231 232
Print [key0:key1]: *** lower bound 174
*** upper bound 311
 174 176 177 179 180 181 182 183 184 186 187 189 190 192 193 194 195 196 197 198 199 202 204 206 207 208 210 211 213 214 215 216 217 218 220 221 222 223 224 225 226 227 228 229 230 231 232 233 234 236 238 239 240 241 242 244 245 246 247 249 250 252 253 254 255 256 259 260 261 262 263 265 266 267 268 269 270 271 273 277 278 279 280 281 282 283 284 285 286 288 289 290 292 295 296 297 298 299 300 301 302 303 305 306 308
Print [key0:key1]: Print [key0:key1]: Print [key0:key1]: *** lower bound 107
*** upper bound 204
 107 108 109 110 112 113 115 116 117 118 121 123 124 125 126 128 129 130 131 132 133 135 136 137 138 139 140 141 145 146 147 148 149 150 151 152 153 154 155 156 157 158 159 161 162 163 164 165 166 167 168 169 170 172 174 176 177 179 180 181 182 183 184 186 187 189 190 192 193 194 195 196 197 198 199 202
Print [key0:key1]: *** lower bound 194
*** upper bound 204
 194 195 196 197 198 199 202
Print [key0:key1]: *** lower bound 240
*** upper bound 381
 240 241 242 244 245 246 247 249 250 252 253 254 255 256 259 260 261 262 263 265 266 267 268 269 270 271 273 277 278 279 280 281 282 283 284 285 286 288 289 290 292 295 296 297 298 299 300 301 302 303 305 306 308 311 312 313 314 315 316 317 320 321 322 323 325 326 328 329 331 332 334 335 336 340 341 342 343 344 345 346 348 349 350 351 352 357 358 359 360 362 364 368 369 372 373 374 376 378 379 380
Print [key0:key1]: Print [key0:key1]: *** lower bound 71
*** upper bound 105
 71 72 73 76 77 80 81 82 83 84 86 87 88 89 90 92 94 95 96 97 98 99 100 101 103 104
Print [key0:key1]: *** lower bound 196
*** upper bound 261
 196 197 198 199 202 204 206 207 208 210 211 213 214 215 216 217 218 220 221 222 223 224 225 226 227 228 229 230 231 232 233 234 236 238 239 240 241 242 244 245 246 247 249 250 252 253 254 255 256 259 260
Print [key0:key1]: *** lower bound 9
*** upper bound 299
 9 10 13 14 17 18 20 21 22 23 24 25 26 28 29 30 31 32 34 35 36 37 39 41 44 45 46 47 48 49 50 51 52 55 56 57 59 61 62 63 64 65 67 68 69 71 72 73 76 77 80 81 82 83 84 86 87 88 89 90 92 94 95 96 97 98 99 100 101 103 104 105 106 107 108 109 110 112 113 115 116 117 118 121 123 124 125 126 128 129 130 131 132 133 135 136 137 138 139 140 141 145 146 147 148 149 150 151 152 153 154 155 156 157 158 159 161 162 163 164 165 166 167 168 169 170 172 174 176 177 179 180 181 182 183 184 186 187 189 190 192 193 194 195 196 197 198 199 202 204 206 207 208 210 211 213 214 215 216 217 218 220 221 222 223 224 225 226 227 228 229 230 231 232 233 234 236 238 239 240 241 242 244 245 246 247 249 250 252 253 254 255 256 259 260 261 262 263 265 266 267 268 269 270 271 273 277 278 279 280 281 282 283 284 285 286 288 289 290 292 295 296 297 298
Print [key0:key1]: *** lower bound 50
*** upper bound 263
 50 51 52 55 56 57 59 61 62 63 64 65 67 68 69 71 72 73 76 77 80 81 82 83 84 86 87 88 89 90 92 94 95 96 97 98 99 100 101 103 104 105 106 107 108 109 110 112 113 115 116 117 118 121 123 124 125 126 128 129 130 131 132 133 135 136 137 138 139 140 141 145 146 147 148 149 150 151 152 153 154 155 156 157 158 159 161 162 163 164 165 166 167 168 169 170 172 174 176 177 179 180 181 182 183 184 186 187 189 190 192 193 194 195 196 197 198 199 202 204 206 207 208 210 211 213 214 215 216 217 218 220 221 222 223 224 225 226 227 228 229 230 231 232 233 234 236 238 239 240 241 242 244 245 246 247 249 250 252 253 254 255 256 259 260 261 262
Print [key0:key1]: *** lower bound 169
*** upper bound 202
 169 170 172 174 176 177 179 180 181 182 183 184 186 187 189 190 192 193 194 195 196 197 198 199
Print [key0:key1]: *** lower bound 87
*** upper bound 382
 87 88 89 90 92 94 95 96 97 98 99 100 101 103 104 105 106 107 108 109 110 112 113 115 116 117 118 121 123 124 125 126 128 129 130 131 132 133 135 136 137 138 139 140 141 145 146 147 148 149 150 151 152 153 154 155 156 157 158 159 161 162 163 164 165 166 167 168 169 170 172 174 176 177 179 180 181 182 183 184 186 187 189 190 192 193 194 195 196 197 198 199 202 204 206 207 208 210 211 213 214 215 216 217 218 220 221 222 223 224 225 226 227 228 229 230 231 232 233 234 236 238 239 240 241 242 244 245 246 247 249 250 252 253 254 255 256 259 260 261 262 263 265 266 267 268 269 270 271 273 277 278 279 280 281 282 283 284 285 286 288 289 290 292 295 296 297 298 299 300 301 302 303 305 306 308 311 312 313 314 315 316 317 320 321 322 323 325 326 328 329 331 332 334 335 336 340 341 342 343 344 345 346 348 349 350 351 352 357 358 359 360 362 364 368 369 372 373 374 376 378 379 380 381
Print [key0:key1]: Print [key0:key1]: *** lower bound 136
*** upper bound 170
 136 137 138 139 140 141 145 146 147 148 149 150 151 152 153 154 155 156 157 158 159 161 162 163 164 165 166 167 168 169
Print [key0:key1]: Print [key0:key1]: *** lower bound 311
*** upper bound 314
 311 312 313
Print [key0:key1]: Print [key0:key1]: Print [key0:key1]: Print [key0:key1]: Print [key0:key1]: *** lower bound 269
*** upper bound 389
 269 270 271 273 277 278 279 280 281 282 283 284 285 286 288 289 290 292 295 296 297 298 299 300 301 302 303 305 306 308 311 312 313 314 315 316 317 320 321 322 323 325 326 328 329 331 332 334 335 336 340 341 342 343 344 345 346 348 349 350 351 352 357 358 359 360 362 364 368 369 372 373 374 376 378 379 380 381 382 383 384 385 386 387 388
Print [key0:key1]: *** lower bound 67
*** upper bound 138
 67 68 69 71 72 73 76 77 80 81 82 83 84 86 87 88 89 90 92 94 95 96 97 98 99 100 101 103 104 105 106 107 108 109 110 112 113 115 116 117 118 121 123 124 125 126 128 129 130 131 132 133 135 136 137
Print [key0:key1]: *** lower bound 59
*** upper bound 202
 59 61 62 63 64 65 67 68 69 71 72 73 76 77 80 81 82 83 84 86 87 88 89 90 92 94 95 96 97 98 99 100 101 103 104 105 106 107 108 109 110 112 113 115 116 117 118 121 123 124 125 126 128 129 130 131 132 133 135 136 137 138 139 140 141 145 146 147 148 149 150 151 152 153 154 155 156 157 158 159 161 162 163 164 165 166 167 168 169 170 172 174 176 177 179 180 181 182 183 184 186 187 189 190 192 193 194 195 196 197 198 199
Print [key0:key1]: Print [key0:key1]: Print [key0:key1]: Print [key0:key1]: Print [key0:key1]: *** lower bound 283
*** upper bound 317
 283 284 285 286 288 289 290 292 295 296 297 298 299 300 301 302 303 305 306 308 311 312 313 314 315 316
Print [key0:key1]: Print [key0:key1]: Print [key0:key1]: Print [key0:key1]: *** lower bound 277
*** upper bound 350
 277 278 279 280 281 282 283 284 285 286 288 289 290 292 295 296 297 298 299 300 301 302 303 305 306 308 311 312 313 314 315 316 317 320 321 322 323 325 326 328 329 331 332 334 335 336 340 341 342 343 344 345 346 348 349
Print [key0:key1]: *** lower bound 63
*** upper bound 295
 63 64 65 67 68 69 71 72 73 76 77 80 81 82 83 84 86 87 88 89 90 92 94 95 96 97 98 99 100 101 103 104 105 106 107 108 109 110 112 113 115 116 117 118 121 123 124 125 126 128 129 130 131 132 133 135 136 137 138 139 140 141 145 146 147 148 149 150 151 152 153 154 155 156 157 158 159 161 162 163 164 165 166 167 168 169 170 172 174 176 177 179 180 181 182 183 184 186 187 189 190 192 193 194 195 196 197 198 199 202 204 206 207 208 210 211 213 214 215 216 217 218 220 221 222 223 224 225 226 227 228 229 230 231 232 233 234 236 238 239 240 241 242 244 245 246 247 249 250 252 253 254 255 256 259 260 261 262 263 265 266 267 268 269 270 271 273 277 278 279 280 281 282 283 284 285 286 288 289 290 292
Print [key0:key1]: Print [key0:key1]: *** lower bound 25
*** upper bound 207
 25 26 28 29 30 31 32 34 35 36 37 39 41 44 45 46 47 48 49 50 51 52 55 56 57 59 61 62 63 64 65 67 68 69 71 72 73 76 77 80 81 82 83 84 86 87 88 89 90 92 94 95 96 97 98 99 100 101 103 104 105 106 107 108 109 110 112 113 115 116 117 118 121 123 124 125 126 128 129 130 131 132 133 135 136 137 138 139 140 141 145 146 147 148 149 150 151 152 153 154 155 156 157 158 159 161 162 163 164 165 166 167 168 169 170 172 174 176 177 179 180 181 182 183 184 186 187 189 190 192 193 194 195 196 197 198 199 202 204 206
Print [key0:key1]: Print [key0:key1]: Print [key0:key1]: Print [key0:key1]: Print [key0:key1]: *** lower bound 55
*** upper bound 342
 55 56 57 59 61 62 63 64 65 67 68 69 71 72 73 76 77 80 81 82 83 84 86 87 88 89 90 92 94 95 96 97 98 99 100 101 103 104 105 106 107 108 109 110 112 113 115 116 117 118 121 123 124 125 126 128 129 130 131 132 133 135 136 137 138 139 140 141 145 146 147 148 149 150 151 152 153 154 155 156 157 158 159 161 162 163 164 165 166 167 168 169 170 172 174 176 177 179 180 181 182 183 184 186 187 189 190 192 193 194 195 196 197 198 199 202 204 206 207 208 210 211 213 214 215 216 217 218 220 221 222 223 224 225 226 227 228 229 230 231 232 233 234 236 238 239 240 241 242 244 245 246 247 249 250 252 253 254 255 256 259 260 261 262 263 265 266 267 268 269 270 271 273 277 278 279 280 281 282 283 284 285 286 288 289 290 292 295 296 297 298 299 300 301 302 303 305 306 308 311 312 313 314 315 316 317 320 321 322 323 325 326 328 329 331 332 334 335 336 340 341
Print [key0:key1]: Print [key0:key1]: *** lower bound 110
*** upper bound 238
 110 112 113 115 116 117 118 121 123 124 125 126 128 129 130 131 132 133 135 136 137 138 139 140 141 145 146 147 148 149 150 151 152 153 154 155 156 157 158 159 161 162 163 164 165 166 167 168 169 170 172 174 176 177 179 180 181 182 183 184 186 187 189 190 192 193 194 195 196 197 198 199 202 204 206 207 208 210 211 213 214 215 216 217 218 220 221 222 223 224 225 226 227 228 229 230 231 232 233 234 236
Print [key0:key1]: Print [key0:key1]: Print [key0:key1]: Print [key0:key1]: Print [key0:key1]: *** lower bound 364
*** upper bound 368
 364
Print [key0:key1]: *** lower bound 10
*** upper bound 183
 10 13 14 17 18 20 21 22 23 24 25 26 28 29 30 31 32 34 35 36 37 39 41 44 45 46 47 48 49 50 51 52 55 56 57 59 61 62 63 64 65 67 68 69 71 72 73 76 77 80 81 82 83 84 86 87 88 89 90 92 94 95 96 97 98 99 100 101 103 104 105 106 107 108 109 110 112 113 115 116 117 118 121 123 124 125 126 128 129 130 131 132 133 135 136 137 138 139 140 141 145 146 147 148 149 150 151 152 153 154 155 156 157 158 159 161 162 163 164 165 166 167 168 169 170 172 174 176 177 179 180 181 182
Print [key0:key1]: *** lower bound 117
*** upper bound 358
 117 118 121 123 124 125 126 128 129 130 131 132 133 135 136 137 138 139 140 141 145 146 147 148 149 150 151 152 153 154 155 156 157 158 159 161 162 163 164 165 166 167 168 169 170 172 174 176 177 179 180 181 182 183 184 186 187 189 190 192 193 194 195 196 197 198 199 202 204 206 207 208 210 211 213 214 215 216 217 218 220 221 222 223 224 225 226 227 228 229 230 231 232 233 234 236 238 239 240 241 242 244 245 246 247 249 250 252 253 254 255 256 259 260 261 262 263 265 266 267 268 269 270 271 273 277 278 279 280 281 282 283 284 285 286 288 289 290 292 295 296 297 298 299 300 301 302 303 305 306 308 311 312 313 314 315 316 317 320 321 322 323 325 326 328 329 331 332 334 335 336 340 341 342 343 344 345 346 348 349 350 351 352 357
Print [key0:key1]: Print [key0:key1]: Print [key0:key1]: Print [key0:key1]: *** lower bound 86
*** upper bound 340
 86 87 88 89 90 92 94 95 96 97 98 99 100 101 103 104 105 106 107 108 109 110 112 113 115 116 117 118 121 123 124 125 126 128 129 130 131 132 133 135 136 137 138 139 140 141 145 146 147 148 149 150 151 152 153 154 155 156 157 158 159 161 162 163 164 165 166 167 168 169 170 172 174 176 177 179 180 181 182 183 184 186 187 189 190 192 193 194 195 196 197 198 199 202 204 206 207 208 210 211 213 214 215 216 217 218 220 221 222 223 224 225 226 227 228 229 230 231 232 233 234 236 238 239 240 241 242 244 245 246 247 249 250 252 253 254 255 256 259 260 261 262 263 265 266 267 268 269 270 271 273 277 278 279 280 281 282 283 284 285 286 288 289 290 292 295 296 297 298 299 300 301 302 303 305 306 308 311 312 313 314 315 316 317 320 321 322 323 325 326 328 329 331 332 334 335 336
Print [key0:key1]: *** lower bound 71
*** upper bound 402
 71 72 73 76 77 80 81 82 83 84 86 87 88 89 90 92 94 95 96 97 98 99 100 101 103 104 105 106 107 108 109 110 112 113 115 116 117 118 121 123 124 125 126 128 129 130 131 132 133 135 136 137 138 139 140 141 145 146 147 148 149 150 151 152 153 154 155 156 157 158 159 161 162 163 164 165 166 167 168 169 170 172 174 176 177 179 180 181 182 183 184 186 187 189 190 192 193 194 195 196 197 198 199 202 204 206 207 208 210 211 213 214 215 216 217 218 220 221 222 223 224 225 226 227 228 229 230 231 232 233 234 236 238 239 240 241 242 244 245 246 247 249 250 252 253 254 255 256 259 260 261 262 263 265 266 267 268 269 270 271 273 277 278 279 280 281 282 283 284 285 286 288 289 290 292 295 296 297 298 299 300 301 302 303 305 306 308 311 312 313 314 315 316 317 320 321 322 323 325 326 328 329 331 332 334 335 336 340 341 342 343 344 345 346 348 349 350 351 352 357 358 359 360 362 364 368 369 372 373 374 376 378 379 380 381 382 383 384 385 386 387 388 389 391 392 393 395 396 397 398 399 400 401
Print [key0:key1]: *** lower bound 167
*** upper bound 189
 167 168 169 170 172 174 176 177 179 180 181 182 183 184 186 187
Print [key0:key1]: Print [key0:key1]: Print [key0:key1]: *** lower bound 89
*** upper bound 358
 89 90 92 94 95 96 97 98 99 100 101 103 104 105 106 107 108 109 110 112 113 115 116 117 118 121 123 124 125 126 128 129 130 131 132 133 135 136 137 138 139 140 141 145 146 147 148 149 150 151 152 153 154 155 156 157 158 159 161 162 163 164 165 166 167 168 169 170 172 174 176 177 179 180 181 182 183 184 186 187 189 190 192 193 194 195 196 197 198 199 202 204 206 207 208 210 211 213 214 215 216 217 218 220 221 222 223 224 225 226 227 228 229 230 231 232 233 234 236 238 239 240 241 242 244 245 246 247 249 250 252 253 254 255 256 259 260 261 262 263 265 266 267 268 269 270 271 273 277 278 279 280 281 282 283 284 285 286 288 289 290 292 295 296 297 298 299 300 301 302 303 305 306 308 311 312 313 314 315 316 317 320 321 322 323 325 326 328 329 331 332 334 335 336 340 341 342 343 344 345 346 348 349 350 351 352 357
Print [key0:key1]: Print [key0:key1]: Print [key0:key1]: Print [key0:key1]: Print [key0:key1]: Print [key0:key1]: *** lower bound 133
*** upper bound 166
 133 135 136 137 138 139 140 141 145 146 147 148 149 150 151 152 153 154 155 156 157 158 159 161 162 163 164 165
Print [key0:key1]: Print [key0:key1]: Print [key0:key1]: *** lower bound 71
*** upper bound 393
 71 72 73 76 77 80 81 82 83 84 86 87 88 89 90 92 94 95 96 97 98 99 100 101 103 104 105 106 107 108 109 110 112 113 115 116 117 118 121 123 124 125 126 128 129 130 131 132 133 135 136 137 138 139 140 141 145 146 147 148 149 150 151 152 153 154 155 156 157 158 159 161 162 163 164 165 166 167 168 169 170 172 174 176 177 179 180 181 182 183 184 186 187 189 190 192 193 194 195 196 197 198 199 202 204 206 207 208 210 211 213 214 215 216 217 218 220 221 222 223 224 225 226 227 228 229 230 231 232 233 234 236 238 239 240 241 242 244 245 246 247 249 250 252 253 254 255 256 259 260 261 262 263 265 266 267 268 269 270 271 273 277 278 279 280 281 282 283 284 285 286 288 289 290 292 295 296 297 298 299 300 301 302 303 305 306 308 311 312 313 314 315 316 317 320 321 322 323 325 326 328 329 331 332 334 335 336 340 341 342 343 344 345 346 348 349 350 351 352 357 358 359 360 362 364 368 369 372 373 374 376 378 379 380 381 382 383 384 385 386 387 388 389 391 392
Print [key0:key1]: *** lower bound 177
*** upper bound 195
 177 179 180 181 182 183 184 186 187 189 190 192 193 194
Print [key0:key1]: Print [key0:key1]: Print [key0:key1]: 
