 0 2 3 4 5 6 7 8 9 10 11 12 13 14 16 17 18 19 20 21 22 23 25 26 27 28 29 32 33 34 35 36 38 39 40 41 42 44 45 46 47 48 49 50 51 52 54 57 58 59 60 61 62 63 64 68 69 75 76 78 79 80 81 82 83 84 85 86 87 88 89 90 91 92 93 94 95 96 97 98 99 100 102 103 104 106 108 109 110 111 112 115 116 119 120 121 123 124 125 126 127 128 129 130 131 132 133 134 135 136 139 141 142 143 146 147 149 150 152 153 154 155 156 158 161 162 163 164 165 166 167 168 171 172 173 175 177 178 179 181 182 184 185 186 187 188 190 191 192 193 194 196 197 198 199 200 201 203 204 205 208 209 211 212 213 214 215 216 217 218 221 222 223 224 225 226 227 229 230 231 232 234 235 236 237 238 239 240 241 243 244 245 246 248 249 250 251 252 254 255 257 258 262 263 264 265 266 268 269 270 271 273 275 279 280 281 282 283 284 285 287 289 290 291 293 294 295 296 297 298 299 300 301 302 303 304 305 308 310 311 313 314 315 316 317 318 319 320 321 322 323 324 325 326 327 329 331 334 336 337 338 339 340 341 342 343 345 346 347 348 353 354 355 356 359 360 361 363 364 365 366 369 372 373 374 375 376 379 380 381 382 383 384 386 388 392 393 394 395 396 397 398 400 401 402 403 404 405 406 407 408 409 410 411 412 413 414 416 417 418 420 421 422 425 426 427 429 430 432 433 435 436 437 438 439 441 442 443 444 445 447 448 449 450 451 452 453 454 456 457 458 459 460 461 462 463 464 466 469 470 471 472 473 474 476 477 479 480 482 485 486 487 490 493 496 498 499 501 503 504 505 506 508 509 510 511 514 515 518 522 523 524 525 526 527 530 532 533 534 535 536 537 538 539 540
Print [key0:key1]: Print [key0:key1]: Print [key0:key1]: *** lower bound 51
*** upper bound 334
 51 52 54 57 58 59 60 61 62 63 64 68 69 75 76 78 79 80 81 82 83 84 85 86 87 88 89 90 91 92 93 94 95 96 97 98 99 100 102 103 104 106 108 109 110 111 112 115 116 119 120 121 123 124 125 126 127 128 129 130 131 132 133 134 135 136 139 141 142 143 146 147 149 150 152 153 154 155 156 158 161 162 163 164 165 166 167 168 171 172 173 175 177 178 179 181 182 184 185 186 187 188 190 191 192 193 194 196 197 198 199 200 201 203 204 205 208 209 211 212 213 214 215 216 217 218 221 222 223 224 225 226 227 229 230 231 232 234 235 236 237 238 239 240 241 243 244 245 246 248 249 250 251 252 254 255 257 258 262 263 264 265 266 268 269 270 271 273 275 279 280 281 282 283 284 285 287 289 290 291 293 294 295 296 297 298 299 300 301 302 303 304 305 308 310 311 313 314 315 316 317 318 319 320 321 322 323 324 325 326 327 329 331
Print [key0:key1]: *** lower bound 0
*** upper bound 33
 0 2 3 4 5 6 7 8 9 10 11 12 13 14 16 17 18 19 20 21 22 23 25 26 27 28 29 32
Print [key0:key1]: Print [key0:key1]: *** lower bound 19
*** upper bound 263
 19 20 21 22 23 25 26 27 28 29 32 33 34 35 36 38 39 40 41 42 44 45 46 47 48 49 50 51 52 54 57 58 59 60 61 62 63 64 68 69 75 76 78 79 80 81 82 83 84 85 86 87 88 89 90 91 92 93 94 95 96 97 98 99 100 102 103 104 106 108 109 110 111 112 115 116 119 120 121 123 124 125 126 127 128 129 130 131 132 133 134 135 136 139 141 142 143 146 147 149 150 152 153 154 155 156 158 161 162 163 164 165 166 167 168 171 172 173 175 177 178 179 181 182 184 185 186 187 188 190 191 192 193 194 196 197 198 199 200 201 203 204 205 208 209 211 212 213 214 215 216 217 218 221 222 223 224 225 226 227 229 230 231 232 234 235 236 237 238 239 240 241 243 244 245 246 248 249 250 251 252 254 255 257 258 262
Print [key0:key1]: Print [key0:key1]: Print [key0:key1]: Print [key0:key1]: Print [key0:key1]: Print [key0:key1]: *** lower bound 76
*** upper bound 135
 76 78 79 80 81 82 83 84 85 86 87 88 89 90 91 92 93 94 95 96 97 98 99 100 102 103 104 106 108 109 110 111 112 115 116 119 120 121 123 124 125 126 127 128 129 130 131 132 133 134
Print [key0:key1]: Print [key0:key1]: Print [key0:key1]: *** lower bound 9
*** upper bound 86
 9 10 11 12 13 14 16 17 18 19 20 21 22 23 25 26 27 28 29 32 33 34 35 36 38 39 40 41 42 44 45 46 47 48 49 50 51 52 54 57 58 59 60 61 62 63 64 68 69 75 76 78 79 80 81 82 83 84 85
Print [key0:key1]: *** lower bound 19
*** upper bound 340
 19 20 21 22 23 25 26 27 28 29 32 33 34 35 36 38 39 40 41 42 44 45 46 47 48 49 50 51 52 54 57 58 59 60 61 62 63 64 68 69 75 76 78 79 80 81 82 83 84 85 86 87 88 89 90 91 92 93 94 95 96 97 98 99 100 102 103 104 106 108 109 110 111 112 115 116 119 120 121 123 124 125 126 127 128 129 130 131 132 133 134 135 136 139 141 142 143 146 147 149 150 152 153 154 155 156 158 161 162 163 164 165 166 167 168 171 172 173 175 177 178 179 181 182 184 185 186 187 188 190 191 192 193 194 196 197 198 199 200 201 203 204 205 208 209 211 212 213 214 215 216 217 218 221 222 223 224 225 226 227 229 230 231 232 234 235 236 237 238 239 240 241 243 244 245 246 248 249 250 251 252 254 255 257 258 262 263 264 265 266 268 269 270 271 273 275 279 280 281 282 283 284 285 287 289 290 291 293 294 295 296 297 298 299 300 301 302 303 304 305 308 310 311 313 314 315 316 317 318 319 320 321 322 323 324 325 326 327 329 331 334 336 337 338 339
Print [key0:key1]: *** lower bound 80
*** upper bound 164
 80 81 82 83 84 85 86 87 88 89 90 91 92 93 94 95 96 97 98 99 100 102 103 104 106 108 109 110 111 112 115 116 119 120 121 123 124 125 126 127 128 129 130 131 132 133 134 135 136 139 141 142 143 146 147 149 150 152 153 154 155 156 158 161 162 163
Print [key0:key1]: *** lower bound 185
*** upper bound 366
 185 186 187 188 190 191 192 193 194 196 197 198 199 200 201 203 204 205 208 209 211 212 213 214 215 216 217 218 221 222 223 224 225 226 227 229 230 231 232 234 235 236 237 238 239 240 241 243 244 245 246 248 249 250 251 252 254 255 257 258 262 263 264 265 266 268 269 270 271 273 275 279 280 281 282 283 284 285 287 289 290 291 293 294 295 296 297 298 299 300 301 302 303 304 305 308 310 311 313 314 315 316 317 318 319 320 321 322 323 324 325 326 327 329 331 334 336 337 338 339 340 341 342 343 345 346 347 348 353 354 355 356 359 360 361 363 364 365
Print [key0:key1]: Print [key0:key1]: *** lower bound 190
*** upper bound 425
 190 191 192 193 194 196 197 198 199 200 201 203 204 205 208 209 211 212 213 214 215 216 217 218 221 222 223 224 225 226 227 229 230 231 232 234 235 236 237 238 239 240 241 243 244 245 246 248 249 250 251 252 254 255 257 258 262 263 264 265 266 268 269 270 271 273 275 279 280 281 282 283 284 285 287 289 290 291 293 294 295 296 297 298 299 300 301 302 303 304 305 308 310 311 313 314 315 316 317 318 319 320 321 322 323 324 325 326 327 329 331 334 336 337 338 339 340 341 342 343 345 346 347 348 353 354 355 356 359 360 361 363 364 365 366 369 372 373 374 375 376 379 380 381 382 383 384 386 388 392 393 394 395 396 397 398 400 401 402 403 404 405 406 407 408 409 410 411 412 413 414 416 417 418 420 421 422
Print [key0:key1]: *** lower bound 279
*** upper bound 372
 279 280 281 282 283 284 285 287 289 290 291 293 294 295 296 297 298 299 300 301 302 303 304 305 308 310 311 313 314 315 316 317 318 319 320 321 322 323 324 325 326 327 329 331 334 336 337 338 339 340 341 342 343 345 346 347 348 353 354 355 356 359 360 361 363 364 365 366 369
Print [key0:key1]: Print [key0:key1]: *** lower bound 132
*** upper bound 388
 132 133 134 135 136 139 141 142 143 146 147 149 150 152 153 154 155 156 158 161 162 163 164 165 166 167 168 171 172 173 175 177 178 179 181 182 184 185 186 187 188 190 191 192 193 194 196 197 198 199 200 201 203 204 205 208 209 211 212 213 214 215 216 217 218 221 222 223 224 225 226 227 229 230 231 232 234 235 236 237 238 239 240 241 243 244 245 246 248 249 250 251 252 254 255 257 258 262 263 264 265 266 268 269 270 271 273 275 279 280 281 282 283 284 285 287 289 290 291 293 294 295 296 297 298 299 300 301 302 303 304 305 308 310 311 313 314 315 316 317 318 319 320 321 322 323 324 325 326 327 329 331 334 336 337 338 339 340 341 342 343 345 346 347 348 353 354 355 356 359 360 361 363 364 365 366 369 372 373 374 375 376 379 380 381 382 383 384 386
Print [key0:key1]: Print [key0:key1]: Print [key0:key1]: Print [key0:key1]: *** lower bound 152
*** upper bound 425
 152 153 154 155 156 158 161 162 163 164 165 166 167 168 171 172 173 175 177 178 179 181 182 184 185 186 187 188 190 191 192 193 194 196 197 198 199 200 201 203 204 205 208 209 211 212 213 214 215 216 217 218 221 222 223 224 225 226 227 229 230 231 232 234 235 236 237 238 239 240 241 243 244 245 246 248 249 250 251 252 254 255 257 258 262 263 264 265 266 268 269 270 271 273 275 279 280 281 282 283 284 285 287 289 290 291 293 294 295 296 297 298 299 300 301 302 303 304 305 308 310 311 313 314 315 316 317 318 319 320 321 322 323 324 325 326 327 329 331 334 336 337 338 339 340 341 342 343 345 346 347 348 353 354 355 356 359 360 361 363 364 365 366 369 372 373 374 375 376 379 380 381 382 383 384 386 388 392 393 394 395 396 397 398 400 401 402 403 404 405 406 407 408 409 410 411 412 413 414 416 417 418 420 421 422
Print [key0:key1]: *** lower bound 248
*** upper bound 376
 248 249 250 251 252 254 255 257 258 262 263 264 265 266 268 269 270 271 273 275 279 280 281 282 283 284 285 287 289 290 291 293 294 295 296 297 298 299 300 301 302 303 304 305 308 310 311 313 314 315 316 317 318 319 320 321 322 323 324 325 326 327 329 331 334 336 337 338 339 340 341 342 343 345 346 347 348 353 354 355 356 359 360 361 363 364 365 366 369 372 373 374 375
Print [key0:key1]: Print [key0:key1]: Print [key0:key1]: *** lower bound 44
*** upper bound 275
 44 45 46 47 48 49 50 51 52 54 57 58 59 60 61 62 63 64 68 69 75 76 78 79 80 81 82 83 84 85 86 87 88 89 90 91 92 93 94 95 96 97 98 99 100 102 103 104 106 108 109 110 111 112 115 116 119 120 121 123 124 125 126 127 128 129 130 131 132 133 134 135 136 139 141 142 143 146 147 149 150 152 153 154 155 156 158 161 162 163 164 165 166 167 168 171 172 173 175 177 178 179 181 182 184 185 186 187 188 190 191 192 193 194 196 197 198 199 200 201 203 204 205 208 209 211 212 213 214 215 216 217 218 221 222 223 224 225 226 227 229 230 231 232 234 235 236 237 238 239 240 241 243 244 245 246 248 249 250 251 252 254 255 257 258 262 263 264 265 266 268 269 270 271 273
Print [key0:key1]: Print [key0:key1]: Print [key0:key1]: Print [key0:key1]: *** lower bound 23
*** upper bound 279
 23 25 26 27 28 29 32 33 34 35 36 38 39 40 41 42 44 45 46 47 48 49 50 51 52 54 57 58 59 60 61 62 63 64 68 69 75 76 78 79 80 81 82 83 84 85 86 87 88 89 90 91 92 93 94 95 96 97 98 99 100 102 103 104 106 108 109 110 111 112 115 116 119 120 121 123 124 125 126 127 128 129 130 131 132 133 134 135 136 139 141 142 143 146 147 149 150 152 153 154 155 156 158 161 162 163 164 165 166 167 168 171 172 173 175 177 178 179 181 182 184 185 186 187 188 190 191 192 193 194 196 197 198 199 200 201 203 204 205 208 209 211 212 213 214 215 216 217 218 221 222 223 224 225 226 227 229 230 231 232 234 235 236 237 238 239 240 241 243 244 245 246 248 249 250 251 252 254 255 257 258 262 263 264 265 266 268 269 270 271 273 275
Print [key0:key1]: *** lower bound 108
*** upper bound 146
 108 109 110 111 112 115 116 119 120 121 123 124 125 126 127 128 129 130 131 132 133 134 135 136 139 141 142 143
Print [key0:key1]: *** lower bound 372
*** upper bound 383
 372 373 374 375 376 379 380 381 382
Print [key0:key1]: Print [key0:key1]: Print [key0:key1]: Print [key0:key1]: Print [key0:key1]: Print [key0:key1]: *** lower bound 11
*** upper bound 51
 11 12 13 14 16 17 18 19 20 21 22 23 25 26 27 28 29 32 33 34 35 36 38 39 40 41 42 44 45 46 47 48 49 50
Print [key0:key1]: Print [key0:key1]: *** lower bound 139
*** upper bound 369
 139 141 142 143 146 147 149 150 152 153 154 155 156 158 161 162 163 164 165 166 167 168 171 172 173 175 177 178 179 181 182 184 185 186 187 188 190 191 192 193 194 196 197 198 199 200 201 203 204 205 208 209 211 212 213 214 215 216 217 218 221 222 223 224 225 226 227 229 230 231 232 234 235 236 237 238 239 240 241 243 244 245 246 248 249 250 251 252 254 255 257 258 262 263 264 265 266 268 269 270 271 273 275 279 280 281 282 283 284 285 287 289 290 291 293 294 295 296 297 298 299 300 301 302 303 304 305 308 310 311 313 314 315 316 317 318 319 320 321 322 323 324 325 326 327 329 331 334 336 337 338 339 340 341 342 343 345 346 347 348 353 354 355 356 359 360 361 363 364 365 366
Print [key0:key1]: *** lower bound 20
*** upper bound 275
 20 21 22 23 25 26 27 28 29 32 33 34 35 36 38 39 40 41 42 44 45 46 47 48 49 50 51 52 54 57 58 59 60 61 62 63 64 68 69 75 76 78 79 80 81 82 83 84 85 86 87 88 89 90 91 92 93 94 95 96 97 98 99 100 102 103 104 106 108 109 110 111 112 115 116 119 120 121 123 124 125 126 127 128 129 130 131 132 133 134 135 136 139 141 142 143 146 147 149 150 152 153 154 155 156 158 161 162 163 164 165 166 167 168 171 172 173 175 177 178 179 181 182 184 185 186 187 188 190 191 192 193 194 196 197 198 199 200 201 203 204 205 208 209 211 212 213 214 215 216 217 218 221 222 223 224 225 226 227 229 230 231 232 234 235 236 237 238 239 240 241 243 244 245 246 248 249 250 251 252 254 255 257 258 262 263 264 265 266 268 269 270 271 273
Print [key0:key1]: *** lower bound 0
*** upper bound 329
 0 2 3 4 5 6 7 8 9 10 11 12 13 14 16 17 18 19 20 21 22 23 25 26 27 28 29 32 33 34 35 36 38 39 40 41 42 44 45 46 47 48 49 50 51 52 54 57 58 59 60 61 62 63 64 68 69 75 76 78 79 80 81 82 83 84 85 86 87 88 89 90 91 92 93 94 95 96 97 98 99 100 102 103 104 106 108 109 110 111 112 115 116 119 120 121 123 124 125 126 127 128 129 130 131 132 133 134 135 136 139 141 142 143 146 147 149 150 152 153 154 155 156 158 161 162 163 164 165 166 167 168 171 172 173 175 177 178 179 181 182 184 185 186 187 188 190 191 192 193 194 196 197 198 199 200 201 203 204 205 208 209 211 212 213 214 215 216 217 218 221 222 223 224 225 226 227 229 230 231 232 234 235 236 237 238 239 240 241 243 244 245 246 248 249 250 251 252 254 255 257 258 262 263 264 265 266 268 269 270 271 273 275 279 280 281 282 283 284 285 287 289 290 291 293 294 295 296 297 298 299 300 301 302 303 304 305 308 310 311 313 314 315 316 317 318 319 320 321 322 323 324 325 326 327
Print [key0:key1]: *** lower bound 227
*** upper bound 397
 227 229 230 231 232 234 235 236 237 238 239 240 241 243 244 245 246 248 249 250 251 252 254 255 257 258 262 263 264 265 266 268 269 270 271 273 275 279 280 281 282 283 284 285 287 289 290 291 293 294 295 296 297 298 299 300 301 302 303 304 305 308 310 311 313 314 315 316 317 318 319 320 321 322 323 324 325 326 327 329 331 334 336 337 338 339 340 341 342 343 345 346 347 348 353 354 355 356 359 360 361 363 364 365 366 369 372 373 374 375 376 379 380 381 382 383 384 386 388 392 393 394 395 396
Print [key0:key1]: Print [key0:key1]: *** lower bound 89
*** upper bound 298
 89 90 91 92 93 94 95 96 97 98 99 100 102 103 104 106 108 109 110 111 112 115 116 119 120 121 123 124 125 126 127 128 129 130 131 132 133 134 135 136 139 141 142 143 146 147 149 150 152 153 154 155 156 158 161 162 163 164 165 166 167 168 171 172 173 175 177 178 179 181 182 184 185 186 187 188 190 191 192 193 194 196 197 198 199 200 201 203 204 205 208 209 211 212 213 214 215 216 217 218 221 222 223 224 225 226 227 229 230 231 232 234 235 236 237 238 239 240 241 243 244 245 246 248 249 250 251 252 254 255 257 258 262 263 264 265 266 268 269 270 271 273 275 279 280 281 282 283 284 285 287 289 290 291 293 294 295 296 297
Print [key0:key1]: Print [key0:key1]: *** lower bound 146
*** upper bound 279
 146 147 149 150 152 153 154 155 156 158 161 162 163 164 165 166 167 168 171 172 173 175 177 178 179 181 182 184 185 186 187 188 190 191 192 193 194 196 197 198 199 200 201 203 204 205 208 209 211 212 213 214 215 216 217 218 221 222 223 224 225 226 227 229 230 231 232 234 235 236 237 238 239 240 241 243 244 245 246 248 249 250 251 252 254 255 257 258 262 263 264 265 266 268 269 270 271 273 275
Print [key0:key1]: Print [key0:key1]: *** lower bound 146
*** upper bound 196
 146 147 149 150 152 153 154 155 156 158 161 162 163 164 165 166 167 168 171 172 173 175 177 178 179 181 182 184 185 186 187 188 190 191 192 193 194
Print [key0:key1]: Print [key0:key1]: Print [key0:key1]: Print [key0:key1]: *** lower bound 166
*** upper bound 410
 166 167 168 171 172 173 175 177 178 179 181 182 184 185 186 187 188 190 191 192 193 194 196 197 198 199 200 201 203 204 205 208 209 211 212 213 214 215 216 217 218 221 222 223 224 225 226 227 229 230 231 232 234 235 236 237 238 239 240 241 243 244 245 246 248 249 250 251 252 254 255 257 258 262 263 264 265 266 268 269 270 271 273 275 279 280 281 282 283 284 285 287 289 290 291 293 294 295 296 297 298 299 300 301 302 303 304 305 308 310 311 313 314 315 316 317 318 319 320 321 322 323 324 325 326 327 329 331 334 336 337 338 339 340 341 342 343 345 346 347 348 353 354 355 356 359 360 361 363 364 365 366 369 372 373 374 375 376 379 380 381 382 383 384 386 388 392 393 394 395 396 397 398 400 401 402 403 404 405 406 407 408 409
Print [key0:key1]: *** lower bound 111
*** upper bound 171
 111 112 115 116 119 120 121 123 124 125 126 127 128 129 130 131 132 133 134 135 136 139 141 142 143 146 147 149 150 152 153 154 155 156 158 161 162 163 164 165 166 167 168
Print [key0:key1]: Print [key0:key1]: *** lower bound 91
*** upper bound 92
 91
Print [key0:key1]: Print [key0:key1]: Print [key0:key1]: Print [key0:key1]: *** lower bound 89
*** upper bound 131
 89 90 91 92 93 94 95 96 97 98 99 100 102 103 104 106 108 109 110 111 112 115 116 119 120 121 123 124 125 126 127 128 129 130
Print [key0:key1]: *** lower bound 359
*** upper bound 401
 359 360 361 363 364 365 366 369 372 373 374 375 376 379 380 381 382 383 384 386 388 392 393 394 395 396 397 398 400
Print [key0:key1]: Print [key0:key1]: Print [key0:key1]: *** lower bound 57
*** upper bound 64
 57 58 59 60 61 62 63
Print [key0:key1]: *** lower bound 95
*** upper bound 234
 95 96 97 98 99 100 102 103 104 106 108 109 110 111 112 115 116 119 120 121 123 124 125 126 127 128 129 130 131 132 133 134 135 136 139 141 142 143 146 147 149 150 152 153 154 155 156 158 161 162 163 164 165 166 167 168 171 172 173 175 177 178 179 181 182 184 185 186 187 188 190 191 192 193 194 196 197 198 199 200 201 203 204 205 208 209 211 212 213 214 215 216 217 218 221 222 223 224 225 226 227 229 230 231 232
Print [key0:key1]: Print [key0:key1]: Print [key0:key1]: Print [key0:key1]: Print [key0:key1]: *** lower bound 146
*** upper bound 270
 146 147 149 150 152 153 154 155 156 158 161 162 163 164 165 166 167 168 171 172 173 175 177 178 179 181 182 184 185 186 187 188 190 191 192 193 194 196 197 198 199 200 201 203 204 205 208 209 211 212 213 214 215 216 217 218 221 222 223 224 225 226 227 229 230 231 232 234 235 236 237 238 239 240 241 243 244 245 246 248 249 250 251 252 254 255 257 258 262 263 264 265 266 268 269
Print [key0:key1]: *** lower bound 254
*** upper bound 298
 254 255 257 258 262 263 264 265 266 268 269 270 271 273 275 279 280 281 282 283 284 285 287 289 290 291 293 294 295 296 297
Print [key0:key1]: Print [key0:key1]: Print [key0:key1]: *** lower bound 248
*** upper bound 418
 248 249 250 251 252 254 255 257 258 262 263 264 265 266 268 269 270 271 273 275 279 280 281 282 283 284 285 287 289 290 291 293 294 295 296 297 298 299 300 301 302 303 304 305 308 310 311 313 314 315 316 317 318 319 320 321 322 323 324 325 326 327 329 331 334 336 337 338 339 340 341 342 343 345 346 347 348 353 354 355 356 359 360 361 363 364 365 366 369 372 373 374 375 376 379 380 381 382 383 384 386 388 392 393 394 395 396 397 398 400 401 402 403 404 405 406 407 408 409 410 411 412 413 414 416 417
Print [key0:key1]: *** lower bound 190
*** upper bound 301
 190 191 192 193 194 196 197 198 199 200 201 203 204 205 208 209 211 212 213 214 215 216 217 218 221 222 223 224 225 226 227 229 230 231 232 234 235 236 237 238 239 240 241 243 244 245 246 248 249 250 251 252 254 255 257 258 262 263 264 265 266 268 269 270 271 273 275 279 280 281 282 283 284 285 287 289 290 291 293 294 295 296 297 298 299 300
Print [key0:key1]: *** lower bound 369
*** upper bound 380
 369 372 373 374 375 376 379
Print [key0:key1]: Print [key0:key1]: *** lower bound 0
*** upper bound 64
 0 2 3 4 5 6 7 8 9 10 11 12 13 14 16 17 18 19 20 21 22 23 25 26 27 28 29 32 33 34 35 36 38 39 40 41 42 44 45 46 47 48 49 50 51 52 54 57 58 59 60 61 62 63
Print [key0:key1]: *** lower bound 50
*** upper bound 282
 50 51 52 54 57 58 59 60 61 62 63 64 68 69 75 76 78 79 80 81 82 83 84 85 86 87 88 89 90 91 92 93 94 95 96 97 98 99 100 102 103 104 106 108 109 110 111 112 115 116 119 120 121 123 124 125 126 127 128 129 130 131 132 133 134 135 136 139 141 142 143 146 147 149 150 152 153 154 155 156 158 161 162 163 164 165 166 167 168 171 172 173 175 177 178 179 181 182 184 185 186 187 188 190 191 192 193 194 196 197 198 199 200 201 203 204 205 208 209 211 212 213 214 215 216 217 218 221 222 223 224 225 226 227 229 230 231 232 234 235 236 237 238 239 240 241 243 244 245 246 248 249 250 251 252 254 255 257 258 262 263 264 265 266 268 269 270 271 273 275 279 280 281
Print [key0:key1]: *** lower bound 87
*** upper bound 165
 87 88 89 90 91 92 93 94 95 96 97 98 99 100 102 103 104 106 108 109 110 111 112 115 116 119 120 121 123 124 125 126 127 128 129 130 131 132 133 134 135 136 139 141 142 143 146 147 149 150 152 153 154 155 156 158 161 162 163 164
Print [key0:key1]: *** lower bound 141
*** upper bound 287
 141 142 143 146 147 149 150 152 153 154 155 156 158 161 162 163 164 165 166 167 168 171 172 173 175 177 178 179 181 182 184 185 186 187 188 190 191 192 193 194 196 197 198 199 200 201 203 204 205 208 209 211 212 213 214 215 216 217 218 221 222 223 224 225 226 227 229 230 231 232 234 235 236 237 238 239 240 241 243 244 245 246 248 249 250 251 252 254 255 257 258 262 263 264 265 266 268 269 270 271 273 275 279 280 281 282 283 284 285
Print [key0:key1]: *** lower bound 23
*** upper bound 244
 23 25 26 27 28 29 32 33 34 35 36 38 39 40 41 42 44 45 46 47 48 49 50 51 52 54 57 58 59 60 61 62 63 64 68 69 75 76 78 79 80 81 82 83 84 85 86 87 88 89 90 91 92 93 94 95 96 97 98 99 100 102 103 104 106 108 109 110 111 112 115 116 119 120 121 123 124 125 126 127 128 129 130 131 132 133 134 135 136 139 141 142 143 146 147 149 150 152 153 154 155 156 158 161 162 163 164 165 166 167 168 171 172 173 175 177 178 179 181 182 184 185 186 187 188 190 191 192 193 194 196 197 198 199 200 201 203 204 205 208 209 211 212 213 214 215 216 217 218 221 222 223 224 225 226 227 229 230 231 232 234 235 236 237 238 239 240 241 243
Print [key0:key1]: *** lower bound 38
*** upper bound 165
 38 39 40 41 42 44 45 46 47 48 49 50 51 52 54 57 58 59 60 61 62 63 64 68 69 75 76 78 79 80 81 82 83 84 85 86 87 88 89 90 91 92 93 94 95 96 97 98 99 100 102 103 104 106 108 109 110 111 112 115 116 119 120 121 123 124 125 126 127 128 129 130 131 132 133 134 135 136 139 141 142 143 146 147 149 150 152 153 154 155 156 158 161 162 163 164
Print [key0:key1]: *** lower bound 304
*** upper bound 409
 304 305 308 310 311 313 314 315 316 317 318 319 320 321 322 323 324 325 326 327 329 331 334 336 337 338 339 340 341 342 343 345 346 347 348 353 354 355 356 359 360 361 363 364 365 366 369 372 373 374 375 376 379 380 381 382 383 384 386 388 392 393 394 395 396 397 398 400 401 402 403 404 405 406 407 408
Print [key0:key1]: Print [key0:key1]: *** lower bound 135
*** upper bound 293
 135 136 139 141 142 143 146 147 149 150 152 153 154 155 156 158 161 162 163 164 165 166 167 168 171 172 173 175 177 178 179 181 182 184 185 186 187 188 190 191 192 193 194 196 197 198 199 200 201 203 204 205 208 209 211 212 213 214 215 216 217 218 221 222 223 224 225 226 227 229 230 231 232 234 235 236 237 238 239 240 241 243 244 245 246 248 249 250 251 252 254 255 257 258 262 263 264 265 266 268 269 270 271 273 275 279 280 281 282 283 284 285 287 289 290 291
Print [key0:key1]: *** lower bound 4
*** upper bound 269
 4 5 6 7 8 9 10 11 12 13 14 16 17 18 19 20 21 22 23 25 26 27 28 29 32 33 34 35 36 38 39 40 41 42 44 45 46 47 48 49 50 51 52 54 57 58 59 60 61 62 63 64 68 69 75 76 78 79 80 81 82 83 84 85 86 87 88 89 90 91 92 93 94 95 96 97 98 99 100 102 103 104 106 108 109 110 111 112 115 116 119 120 121 123 124 125 126 127 128 129 130 131 132 133 134 135 136 139 141 142 143 146 147 149 150 152 153 154 155 156 158 161 162 163 164 165 166 167 168 171 172 173 175 177 178 179 181 182 184 185 186 187 188 190 191 192 193 194 196 197 198 199 200 201 203 204 205 208 209 211 212 213 214 215 216 217 218 221 222 223 224 225 226 227 229 230 231 232 234 235 236 237 238 239 240 241 243 244 245 246 248 249 250 251 252 254 255 257 258 262 263 264 265 266 268
Print [key0:key1]: Print [key0:key1]: Print [key0:key1]: *** lower bound 42
*** upper bound 400
 42 44 45 46 47 48 49 50 51 52 54 57 58 59 60 61 62 63 64 68 69 75 76 78 79 80 81 82 83 84 85 86 87 88 89 90 91 92 93 94 95 96 97 98 99 100 102 103 104 106 108 109 110 111 112 115 116 119 120 121 123 124 125 126 127 128 129 130 131 132 133 134 135 136 139 141 142 143 146 147 149 150 152 153 154 155 156 158 161 162 163 164 165 166 167 168 171 172 173 175 177 178 179 181 182 184 185 186 187 188 190 191 192 193 194 196 197 198 199 200 201 203 204 205 208 209 211 212 213 214 215 216 217 218 221 222 223 224 225 226 227 229 230 231 232 234 235 236 237 238 239 240 241 243 244 245 246 248 249 250 251 252 254 255 257 258 262 263 264 265 266 268 269 270 271 273 275 279 280 281 282 283 284 285 287 289 290 291 293 294 295 296 297 298 299 300 301 302 303 304 305 308 310 311 313 314 315 316 317 318 319 320 321 322 323 324 325 326 327 329 331 334 336 337 338 339 340 341 342 343 345 346 347 348 353 354 355 356 359 360 361 363 364 365 366 369 372 373 374 375 376 379 380 381 382 383 384 386 388 392 393 394 395 396 397 398
Print [key0:key1]: Print [key0:key1]: Print [key0:key1]: Print [key0:key1]: *** lower bound 205
*** upper bound 273
 205 208 209 211 212 213 214 215 216 217 218 221 222 223 224 225 226 227 229 230 231 232 234 235 236 237 238 239 240 241 243 244 245 246 248 249 250 251 252 254 255 257 258 262 263 264 265 266 268 269 270 271
Print [key0:key1]: Print [key0:key1]: *** lower bound 187
*** upper bound 393
 187 188 190 191 192 193 194 196 197 198 199 200 201 203 204 205 208 209 211 212 213 214 215 216 217 218 221 222 223 224 225 226 227 229 230 231 232 234 235 236 237 238 239 240 241 243 244 245 246 248 249 250 251 252 254 255 257 258 262 263 264 265 266 268 269 270 271 273 275 279 280 281 282 283 284 285 287 289 290 291 293 294 295 296 297 298 299 300 301 302 303 304 305 308 310 311 313 314 315 316 317 318 319 320 321 322 323 324 325 326 327 329 331 334 336 337 338 339 340 341 342 343 345 346 347 348 353 354 355 356 359 360 361 363 364 365 366 369 372 373 374 375 376 379 380 381 382 383 384 386 388 392
Print [key0:key1]: *** lower bound 75
*** upper bound 128
 75 76 78 79 80 81 82 83 84 85 86 87 88 89 90 91 92 93 94 95 96 97 98 99 100 102 103 104 106 108 109 110 111 112 115 116 119 120 121 123 124 125 126 127
Print [key0:key1]: *** lower bound 108
*** upper bound 302
 108 109 110 111 112 115 116 119 120 121 123 124 125 126 127 128 129 130 131 132 133 134 135 136 139 141 142 143 146 147 149 150 152 153 154 155 156 158 161 162 163 164 165 166 167 168 171 172 173 175 177 178 179 181 182 184 185 186 187 188 190 191 192 193 194 196 197 198 199 200 201 203 204 205 208 209 211 212 213 214 215 216 217 218 221 222 223 224 225 226 227 229 230 231 232 234 235 236 237 238 239 240 241 243 244 245 246 248 249 250 251 252 254 255 257 258 262 263 264 265 266 268 269 270 271 273 275 279 280 281 282 283 284 285 287 289 290 291 293 294 295 296 297 298 299 300 301
Print [key0:key1]: *** lower bound 0
*** upper bound 110
 0 2 3 4 5 6 7 8 9 10 11 12 13 14 16 17 18 19 20 21 22 23 25 26 27 28 29 32 33 34 35 36 38 39 40 41 42 44 45 46 47 48 49 50 51 52 54 57 58 59 60 61 62 63 64 68 69 75 76 78 79 80 81 82 83 84 85 86 87 88 89 90 91 92 93 94 95 96 97 98 99 100 102 103 104 106 108 109
Print [key0:key1]: *** lower bound 119
*** upper bound 336
 119 120 121 123 124 125 126 127 128 129 130 131 132 133 134 135 136 139 141 142 143 146 147 149 150 152 153 154 155 156 158 161 162 163 164 165 166 167 168 171 172 173 175 177 178 179 181 182 184 185 186 187 188 190 191 192 193 194 196 197 198 199 200 201 203 204 205 208 209 211 212 213 214 215 216 217 218 221 222 223 224 225 226 227 229 230 231 232 234 235 236 237 238 239 240 241 243 244 245 246 248 249 250 251 252 254 255 257 258 262 263 264 265 266 268 269 270 271 273 275 279 280 281 282 283 284 285 287 289 290 291 293 294 295 296 297 298 299 300 301 302 303 304 305 308 310 311 313 314 315 316 317 318 319 320 321 322 323 324 325 326 327 329 331 334
Print [key0:key1]: *** lower bound 2
*** upper bound 374
 2 3 4 5 6 7 8 9 10 11 12 13 14 16 17 18 19 20 21 22 23 25 26 27 28 29 32 33 34 35 36 38 39 40 41 42 44 45 46 47 48 49 50 51 52 54 57 58 59 60 61 62 63 64 68 69 75 76 78 79 80 81 82 83 84 85 86 87 88 89 90 91 92 93 94 95 96 97 98 99 100 102 103 104 106 108 109 110 111 112 115 116 119 120 121 123 124 125 126 127 128 129 130 131 132 133 134 135 136 139 141 142 143 146 147 149 150 152 153 154 155 156 158 161 162 163 164 165 166 167 168 171 172 173 175 177 178 179 181 182 184 185 186 187 188 190 191 192 193 194 196 197 198 199 200 201 203 204 205 208 209 211 212 213 214 215 216 217 218 221 222 223 224 225 226 227 229 230 231 232 234 235 236 237 238 239 240 241 243 244 245 246 248 249 250 251 252 254 255 257 258 262 263 264 265 266 268 269 270 271 273 275 279 280 281 282 283 284 285 287 289 290 291 293 294 295 296 297 298 299 300 301 302 303 304 305 308 310 311 313 314 315 316 317 318 319 320 321 322 323 324 325 326 327 329 331 334 336 337 338 339 340 341 342 343 345 346 347 348 353 354 355 356 359 360 361 363 364 365 366 369 372 373
Print [key0:key1]: Print [key0:key1]: Print [key0:key1]: Print [key0:key1]: *** lower bound 203
*** upper bound 321
 203 204 205 208 209 211 212 213 214 215 216 217 218 221 222 223 224 225 226 227 229 230 231 232 234 235 236 237 238 239 240 241 243 244 245 246 248 249 250 251 252 254 255 257 258 262 263 264 265 266 268 269 270 271 273 275 279 280 281 282 283 284 285 287 289 290 291 293 294 295 296 297 298 299 300 301 302 303 304 305 308 310 311 313 314 315 316 317 318 319 320
Print [key0:key1]: *** lower bound 252
*** upper bound 341
 252 254 255 257 258 262 263 264 265 266 268 269 270 271 273 275 279 280 281 282 283 284 285 287 289 290 291 293 294 295 296 297 298 299 300 301 302 303 304 305 308 310 311 313 314 315 316 317 318 319 320 321 322 323 324 325 326 327 329 331 334 336 337 338 339 340
Print [key0:key1]: *** lower bound 175
*** upper bound 258
 175 177 178 179 181 182 184 185 186 187 188 190 191 192 193 194 196 197 198 199 200 201 203 204 205 208 209 211 212 213 214 215 216 217 218 221 222 223 224 225 226 227 229 230 231 232 234 235 236 237 238 239 240 241 243 244 245 246 248 249 250 251 252 254 255 257
Print [key0:key1]: Print [key0:key1]: Print [key0:key1]: *** lower bound 311
*** upper bound 329
 311 313 314 315 316 317 318 319 320 321 322 323 324 325 326 327
Print [key0:key1]: Print [key0:key1]: *** lower bound 16
*** upper bound 32
 16 17 18 19 20 21 22 23 25 26 27 28 29
Print [key0:key1]: Print [key0:key1]: Print [key0:key1]: *** lower bound 34
*** upper bound 420
 34 35 36 38 39 40 41 42 44 45 46 47 48 49 50 51 52 54 57 58 59 60 61 62 63 64 68 69 75 76 78 79 80 81 82 83 84 85 86 87 88 89 90 91 92 93 94 95 96 97 98 99 100 102 103 104 106 108 109 110 111 112 115 116 119 120 121 123 124 125 126 127 128 129 130 131 132 133 134 135 136 139 141 142 143 146 147 149 150 152 153 154 155 156 158 161 162 163 164 165 166 167 168 171 172 173 175 177 178 179 181 182 184 185 186 187 188 190 191 192 193 194 196 197 198 199 200 201 203 204 205 208 209 211 212 213 214 215 216 217 218 221 222 223 224 225 226 227 229 230 231 232 234 235 236 237 238 239 240 241 243 244 245 246 248 249 250 251 252 254 255 257 258 262 263 264 265 266 268 269 270 271 273 275 279 280 281 282 283 284 285 287 289 290 291 293 294 295 296 297 298 299 300 301 302 303 304 305 308 310 311 313 314 315 316 317 318 319 320 321 322 323 324 325 326 327 329 331 334 336 337 338 339 340 341 342 343 345 346 347 348 353 354 355 356 359 360 361 363 364 365 366 369 372 373 374 375 376 379 380 381 382 383 384 386 388 392 393 394 395 396 397 398 400 401 402 403 404 405 406 407 408 409 410 411 412 413 414 416 417 418
Print [key0:key1]: Print [key0:key1]: *** lower bound 47
*** upper bound 147
 47 48 49 50 51 52 54 57 58 59 60 61 62 63 64 68 69 75 76 78 79 80 81 82 83 84 85 86 87 88 89 90 91 92 93 94 95 96 97 98 99 100 102 103 104 106 108 109 110 111 112 115 116 119 120 121 123 124 125 126 127 128 129 130 131 132 133 134 135 136 139 141 142 143 146
Print [key0:key1]: *** lower bound 75
*** upper bound 196
 75 76 78 79 80 81 82 83 84 85 86 87 88 89 90 91 92 93 94 95 96 97 98 99 100 102 103 104 106 108 109 110 111 112 115 116 119 120 121 123 124 125 126 127 128 129 130 131 132 133 134 135 136 139 141 142 143 146 147 149 150 152 153 154 155 156 158 161 162 163 164 165 166 167 168 171 172 173 175 177 178 179 181 182 184 185 186 187 188 190 191 192 193 194
Print [key0:key1]: Print [key0:key1]: *** lower bound 48
*** upper bound 184
 48 49 50 51 52 54 57 58 59 60 61 62 63 64 68 69 75 76 78 79 80 81 82 83 84 85 86 87 88 89 90 91 92 93 94 95 96 97 98 99 100 102 103 104 106 108 109 110 111 112 115 116 119 120 121 123 124 125 126 127 128 129 130 131 132 133 134 135 136 139 141 142 143 146 147 149 150 152 153 154 155 156 158 161 162 163 164 165 166 167 168 171 172 173 175 177 178 179 181 182
Print [key0:key1]: *** lower bound 223
*** upper bound 329
 223 224 225 226 227 229 230 231 232 234 235 236 237 238 239 240 241 243 244 245 246 248 249 250 251 252 254 255 257 258 262 263 264 265 266 268 269 270 271 273 275 279 280 281 282 283 284 285 287 289 290 291 293 294 295 296 297 298 299 300 301 302 303 304 305 308 310 311 313 314 315 316 317 318 319 320 321 322 323 324 325 326 327
Print [key0:key1]: Print [key0:key1]: *** lower bound 40
*** upper bound 212
 40 41 42 44 45 46 47 48 49 50 51 52 54 57 58 59 60 61 62 63 64 68 69 75 76 78 79 80 81 82 83 84 85 86 87 88 89 90 91 92 93 94 95 96 97 98 99 100 102 103 104 106 108 109 110 111 112 115 116 119 120 121 123 124 125 126 127 128 129 130 131 132 133 134 135 136 139 141 142 143 146 147 149 150 152 153 154 155 156 158 161 162 163 164 165 166 167 168 171 172 173 175 177 178 179 181 182 184 185 186 187 188 190 191 192 193 194 196 197 198 199 200 201 203 204 205 208 209 211
Print [key0:key1]: Print [key0:key1]: Print [key0:key1]: *** lower bound 88
*** upper bound 172
 88 89 90 91 92 93 94 95 96 97 98 99 100 102 103 104 106 108 109 110 111 112 115 116 119 120 121 123 124 125 126 127 128 129 130 131 132 133 134 135 136 139 141 142 143 146 147 149 150 152 153 154 155 156 158 161 162 163 164 165 166 167 168 171
Print [key0:key1]: *** lower bound 279
*** upper bound 339
 279 280 281 282 283 284 285 287 289 290 291 293 294 295 296 297 298 299 300 301 302 303 304 305 308 310 311 313 314 315 316 317 318 319 320 321 322 323 324 325 326 327 329 331 334 336 337 338
Print [key0:key1]: Print [key0:key1]: *** lower bound 32
*** upper bound 248
 32 33 34 35 36 38 39 40 41 42 44 45 46 47 48 49 50 51 52 54 57 58 59 60 61 62 63 64 68 69 75 76 78 79 80 81 82 83 84 85 86 87 88 89 90 91 92 93 94 95 96 97 98 99 100 102 103 104 106 108 109 110 111 112 115 116 119 120 121 123 124 125 126 127 128 129 130 131 132 133 134 135 136 139 141 142 143 146 147 149 150 152 153 154 155 156 158 161 162 163 164 165 166 167 168 171 172 173 175 177 178 179 181 182 184 185 186 187 188 190 191 192 193 194 196 197 198 199 200 201 203 204 205 208 209 211 212 213 214 215 216 217 218 221 222 223 224 225 226 227 229 230 231 232 234 235 236 237 238 239 240 241 243 244 245 246
Print [key0:key1]: *** lower bound 22
*** upper bound 91
 22 23 25 26 27 28 29 32 33 34 35 36 38 39 40 41 42 44 45 46 47 48 49 50 51 52 54 57 58 59 60 61 62 63 64 68 69 75 76 78 79 80 81 82 83 84 85 86 87 88 89 90
Print [key0:key1]: *** lower bound 325
*** upper bound 334
 325 326 327 329 331
Print [key0:key1]: *** lower bound 168
*** upper bound 379
 168 171 172 173 175 177 178 179 181 182 184 185 186 187 188 190 191 192 193 194 196 197 198 199 200 201 203 204 205 208 209 211 212 213 214 215 216 217 218 221 222 223 224 225 226 227 229 230 231 232 234 235 236 237 238 239 240 241 243 244 245 246 248 249 250 251 252 254 255 257 258 262 263 264 265 266 268 269 270 271 273 275 279 280 281 282 283 284 285 287 289 290 291 293 294 295 296 297 298 299 300 301 302 303 304 305 308 310 311 313 314 315 316 317 318 319 320 321 322 323 324 325 326 327 329 331 334 336 337 338 339 340 341 342 343 345 346 347 348 353 354 355 356 359 360 361 363 364 365 366 369 372 373 374 375 376
Print [key0:key1]: Print [key0:key1]: Print [key0:key1]: Print [key0:key1]: Print [key0:key1]: Print [key0:key1]: Print [key0:key1]: *** lower bound 218
*** upper bound 336
 218 221 222 223 224 225 226 227 229 230 231 232 234 235 236 237 238 239 240 241 243 244 245 246 248 249 250 251 252 254 255 257 258 262 263 264 265 266 268 269 270 271 273 275 279 280 281 282 283 284 285 287 289 290 291 293 294 295 296 297 298 299 300 301 302 303 304 305 308 310 311 313 314 315 316 317 318 319 320 321 322 323 324 325 326 327 329 331 334
Print [key0:key1]: Print [key0:key1]: *** lower bound 199
*** upper bound 222
 199 200 201 203 204 205 208 209 211 212 213 214 215 216 217 218 221
Print [key0:key1]: Print [key0:key1]: Print [key0:key1]: *** lower bound 299
*** upper bound 381
 299 300 301 302 303 304 305 308 310 311 313 314 315 316 317 318 319 320 321 322 323 324 325 326 327 329 331 334 336 337 338 339 340 341 342 343 345 346 347 348 353 354 355 356 359 360 361 363 364 365 366 369 372 373 374 375 376 379 380
Print [key0:key1]: *** lower bound 41
*** upper bound 251
 41 42 44 45 46 47 48 49 50 51 52 54 57 58 59 60 61 62 63 64 68 69 75 76 78 79 80 81 82 83 84 85 86 87 88 89 90 91 92 93 94 95 96 97 98 99 100 102 103 104 106 108 109 110 111 112 115 116 119 120 121 123 124 125 126 127 128 129 130 131 132 133 134 135 136 139 141 142 143 146 147 149 150 152 153 154 155 156 158 161 162 163 164 165 166 167 168 171 172 173 175 177 178 179 181 182 184 185 186 187 188 190 191 192 193 194 196 197 198 199 200 201 203 204 205 208 209 211 212 213 214 215 216 217 218 221 222 223 224 225 226 227 229 230 231 232 234 235 236 237 238 239 240 241 243 244 245 246 248 249 250
Print [key0:key1]: *** lower bound 226
*** upper bound 254
 226 227 229 230 231 232 234 235 236 237 238 239 240 241 243 244 245 246 248 249 250 251 252
Print [key0:key1]: Print [key0:key1]: Print [key0:key1]: Print [key0:key1]: *** lower bound 0
*** upper bound 10
 0 2 3 4 5 6 7 8 9
Print [key0:key1]: Print [key0:key1]: Print [key0:key1]: Print [key0:key1]: Print [key0:key1]: *** lower bound 246
*** upper bound 248
 246
Print [key0:key1]: Print [key0:key1]: Print [key0:key1]: Print [key0:key1]: *** lower bound 90
*** upper bound 152
 90 91 92 93 94 95 96 97 98 99 100 102 103 104 106 108 109 110 111 112 115 116 119 120 121 123 124 125 126 127 128 129 130 131 132 133 134 135 136 139 141 142 143 146 147 149 150
Print [key0:key1]: Print [key0:key1]: Print [key0:key1]: Print [key0:key1]: *** lower bound 75
*** upper bound 172
 75 76 78 79 80 81 82 83 84 85 86 87 88 89 90 91 92 93 94 95 96 97 98 99 100 102 103 104 106 108 109 110 111 112 115 116 119 120 121 123 124 125 126 127 128 129 130 131 132 133 134 135 136 139 141 142 143 146 147 149 150 152 153 154 155 156 158 161 162 163 164 165 166 167 168 171
Print [key0:key1]: *** lower bound 89
*** upper bound 97
 89 90 91 92 93 94 95 96
Print [key0:key1]: *** lower bound 130
*** upper bound 411
 130 131 132 133 134 135 136 139 141 142 143 146 147 149 150 152 153 154 155 156 158 161 162 163 164 165 166 167 168 171 172 173 175 177 178 179 181 182 184 185 186 187 188 190 191 192 193 194 196 197 198 199 200 201 203 204 205 208 209 211 212 213 214 215 216 217 218 221 222 223 224 225 226 227 229 230 231 232 234 235 236 237 238 239 240 241 243 244 245 246 248 249 250 251 252 254 255 257 258 262 263 264 265 266 268 269 270 271 273 275 279 280 281 282 283 284 285 287 289 290 291 293 294 295 296 297 298 299 300 301 302 303 304 305 308 310 311 313 314 315 316 317 318 319 320 321 322 323 324 325 326 327 329 331 334 336 337 338 339 340 341 342 343 345 346 347 348 353 354 355 356 359 360 361 363 364 365 366 369 372 373 374 375 376 379 380 381 382 383 384 386 388 392 393 394 395 396 397 398 400 401 402 403 404 405 406 407 408 409 410
Print [key0:key1]: Print [key0:key1]: *** lower bound 177
*** upper bound 281
 177 178 179 181 182 184 185 186 187 188 190 191 192 193 194 196 197 198 199 200 201 203 204 205 208 209 211 212 213 214 215 216 217 218 221 222 223 224 225 226 227 229 230 231 232 234 235 236 237 238 239 240 241 243 244 245 246 248 249 250 251 252 254 255 257 258 262 263 264 265 266 268 269 270 271 273 275 279 280
Print [key0:key1]: Print [key0:key1]: *** lower bound 295
*** upper bound 386
 295 296 297 298 299 300 301 302 303 304 305 308 310 311 313 314 315 316 317 318 319 320 321 322 323 324 325 326 327 329 331 334 336 337 338 339 340 341 342 343 345 346 347 348 353 354 355 356 359 360 361 363 364 365 366 369 372 373 374 375 376 379 380 381 382 383 384
Print [key0:key1]: Print [key0:key1]: *** lower bound 331
*** upper bound 386
 331 334 336 337 338 339 340 341 342 343 345 346 347 348 353 354 355 356 359 360 361 363 364 365 366 369 372 373 374 375 376 379 380 381 382 383 384
Print [key0:key1]: *** lower bound 121
*** upper bound 354
 121 123 124 125 126 127 128 129 130 131 132 133 134 135 136 139 141 142 143 146 147 149 150 152 153 154 155 156 158 161 162 163 164 165 166 167 168 171 172 173 175 177 178 179 181 182 184 185 186 187 188 190 191 192 193 194 196 197 198 199 200 201 203 204 205 208 209 211 212 213 214 215 216 217 218 221 222 223 224 225 226 227 229 230 231 232 234 235 236 237 238 239 240 241 243 244 245 246 248 249 250 251 252 254 255 257 258 262 263 264 265 266 268 269 270 271 273 275 279 280 281 282 283 284 285 287 289 290 291 293 294 295 296 297 298 299 300 301 302 303 304 305 308 310 311 313 314 315 316 317 318 319 320 321 322 323 324 325 326 327 329 331 334 336 337 338 339 340 341 342 343 345 346 347 348 353
Print [key0:key1]: Print [key0:key1]: Print [key0:key1]: Print [key0:key1]: *** lower bound 175
*** upper bound 287
 175 177 178 179 181 182 184 185 186 187 188 190 191 192 193 194 196 197 198 199 200 201 203 204 205 208 209 211 212 213 214 215 216 217 218 221 222 223 224 225 226 227 229 230 231 232 234 235 236 237 238 239 240 241 243 244 245 246 248 249 250 251 252 254 255 257 258 262 263 264 265 266 268 269 270 271 273 275 279 280 281 282 283 284 285
Print [key0:key1]: Print [key0:key1]: *** lower bound 54
*** upper bound 251
 54 57 58 59 60 61 62 63 64 68 69 75 76 78 79 80 81 82 83 84 85 86 87 88 89 90 91 92 93 94 95 96 97 98 99 100 102 103 104 106 108 109 110 111 112 115 116 119 120 121 123 124 125 126 127 128 129 130 131 132 133 134 135 136 139 141 142 143 146 147 149 150 152 153 154 155 156 158 161 162 163 164 165 166 167 168 171 172 173 175 177 178 179 181 182 184 185 186 187 188 190 191 192 193 194 196 197 198 199 200 201 203 204 205 208 209 211 212 213 214 215 216 217 218 221 222 223 224 225 226 227 229 230 231 232 234 235 236 237 238 239 240 241 243 244 245 246 248 249 250
Print [key0:key1]: *** lower bound 262
*** upper bound 339
 262 263 264 265 266 268 269 270 271 273 275 279 280 281 282 283 284 285 287 289 290 291 293 294 295 296 297 298 299 300 301 302 303 304 305 308 310 311 313 314 315 316 317 318 319 320 321 322 323 324 325 326 327 329 331 334 336 337 338
Print [key0:key1]: Print [key0:key1]: *** lower bound 266
*** upper bound 386
 266 268 269 270 271 273 275 279 280 281 282 283 284 285 287 289 290 291 293 294 295 296 297 298 299 300 301 302 303 304 305 308 310 311 313 314 315 316 317 318 319 320 321 322 323 324 325 326 327 329 331 334 336 337 338 339 340 341 342 343 345 346 347 348 353 354 355 356 359 360 361 363 364 365 366 369 372 373 374 375 376 379 380 381 382 383 384
Print [key0:key1]: Print [key0:key1]: Print [key0:key1]: *** lower bound 211
*** upper bound 407
 211 212 213 214 215 216 217 218 221 222 223 224 225 226 227 229 230 231 232 234 235 236 237 238 239 240 241 243 244 245 246 248 249 250 251 252 254 255 257 258 262 263 264 265 266 268 269 270 271 273 275 279 280 281 282 283 284 285 287 289 290 291 293 294 295 296 297 298 299 300 301 302 303 304 305 308 310 311 313 314 315 316 317 318 319 320 321 322 323 324 325 326 327 329 331 334 336 337 338 339 340 341 342 343 345 346 347 348 353 354 355 356 359 360 361 363 364 365 366 369 372 373 374 375 376 379 380 381 382 383 384 386 388 392 393 394 395 396 397 398 400 401 402 403 404 405 406
Print [key0:key1]: Print [key0:key1]: *** lower bound 96
*** upper bound 360
 96 97 98 99 100 102 103 104 106 108 109 110 111 112 115 116 119 120 121 123 124 125 126 127 128 129 130 131 132 133 134 135 136 139 141 142 143 146 147 149 150 152 153 154 155 156 158 161 162 163 164 165 166 167 168 171 172 173 175 177 178 179 181 182 184 185 186 187 188 190 191 192 193 194 196 197 198 199 200 201 203 204 205 208 209 211 212 213 214 215 216 217 218 221 222 223 224 225 226 227 229 230 231 232 234 235 236 237 238 239 240 241 243 244 245 246 248 249 250 251 252 254 255 257 258 262 263 264 265 266 268 269 270 271 273 275 279 280 281 282 283 284 285 287 289 290 291 293 294 295 296 297 298 299 300 301 302 303 304 305 308 310 311 313 314 315 316 317 318 319 320 321 322 323 324 325 326 327 329 331 334 336 337 338 339 340 341 342 343 345 346 347 348 353 354 355 356 359
Print [key0:key1]: Print [key0:key1]: Print [key0:key1]: *** lower bound 68
*** upper bound 129
 68 69 75 76 78 79 80 81 82 83 84 85 86 87 88 89 90 91 92 93 94 95 96 97 98 99 100 102 103 104 106 108 109 110 111 112 115 116 119 120 121 123 124 125 126 127 128
Print [key0:key1]: *** lower bound 83
*** upper bound 364
 83 84 85 86 87 88 89 90 91 92 93 94 95 96 97 98 99 100 102 103 104 106 108 109 110 111 112 115 116 119 120 121 123 124 125 126 127 128 129 130 131 132 133 134 135 136 139 141 142 143 146 147 149 150 152 153 154 155 156 158 161 162 163 164 165 166 167 168 171 172 173 175 177 178 179 181 182 184 185 186 187 188 190 191 192 193 194 196 197 198 199 200 201 203 204 205 208 209 211 212 213 214 215 216 217 218 221 222 223 224 225 226 227 229 230 231 232 234 235 236 237 238 239 240 241 243 244 245 246 248 249 250 251 252 254 255 257 258 262 263 264 265 266 268 269 270 271 273 275 279 280 281 282 283 284 285 287 289 290 291 293 294 295 296 297 298 299 300 301 302 303 304 305 308 310 311 313 314 315 316 317 318 319 320 321 322 323 324 325 326 327 329 331 334 336 337 338 339 340 341 342 343 345 346 347 348 353 354 355 356 359 360 361 363
Print [key0:key1]: *** lower bound 197
*** upper bound 326
 197 198 199 200 201 203 204 205 208 209 211 212 213 214 215 216 217 218 221 222 223 224 225 226 227 229 230 231 232 234 235 236 237 238 239 240 241 243 244 245 246 248 249 250 251 252 254 255 257 258 262 263 264 265 266 268 269 270 271 273 275 279 280 281 282 283 284 285 287 289 290 291 293 294 295 296 297 298 299 300 301 302 303 304 305 308 310 311 313 314 315 316 317 318 319 320 321 322 323 324 325
Print [key0:key1]: *** lower bound 102
*** upper bound 149
 102 103 104 106 108 109 110 111 112 115 116 119 120 121 123 124 125 126 127 128 129 130 131 132 133 134 135 136 139 141 142 143 146 147
Print [key0:key1]: *** lower bound 99
*** upper bound 325
 99 100 102 103 104 106 108 109 110 111 112 115 116 119 120 121 123 124 125 126 127 128 129 130 131 132 133 134 135 136 139 141 142 143 146 147 149 150 152 153 154 155 156 158 161 162 163 164 165 166 167 168 171 172 173 175 177 178 179 181 182 184 185 186 187 188 190 191 192 193 194 196 197 198 199 200 201 203 204 205 208 209 211 212 213 214 215 216 217 218 221 222 223 224 225 226 227 229 230 231 232 234 235 236 237 238 239 240 241 243 244 245 246 248 249 250 251 252 254 255 257 258 262 263 264 265 266 268 269 270 271 273 275 279 280 281 282 283 284 285 287 289 290 291 293 294 295 296 297 298 299 300 301 302 303 304 305 308 310 311 313 314 315 316 317 318 319 320 321 322 323 324
Print [key0:key1]: *** lower bound 59
*** upper bound 322
 59 60 61 62 63 64 68 69 75 76 78 79 80 81 82 83 84 85 86 87 88 89 90 91 92 93 94 95 96 97 98 99 100 102 103 104 106 108 109 110 111 112 115 116 119 120 121 123 124 125 126 127 128 129 130 131 132 133 134 135 136 139 141 142 143 146 147 149 150 152 153 154 155 156 158 161 162 163 164 165 166 167 168 171 172 173 175 177 178 179 181 182 184 185 186 187 188 190 191 192 193 194 196 197 198 199 200 201 203 204 205 208 209 211 212 213 214 215 216 217 218 221 222 223 224 225 226 227 229 230 231 232 234 235 236 237 238 239 240 241 243 244 245 246 248 249 250 251 252 254 255 257 258 262 263 264 265 266 268 269 270 271 273 275 279 280 281 282 283 284 285 287 289 290 291 293 294 295 296 297 298 299 300 301 302 303 304 305 308 310 311 313 314 315 316 317 318 319 320 321
Print [key0:key1]: Print [key0:key1]: Print [key0:key1]: *** lower bound 297
*** upper bound 299
 297 298
Print [key0:key1]: 
