 0 1 3 4 5 6 7 11 12 13 14 16 20 22 23 24 25 26 27 28 30 31 32 33 34 35 36 37 39 40 41 42 43 44 45 46 47 48 49 50 51 52 53 54 56 57 58 62 63 65 69 70 71 72 73 74 75 76 77 78 80 82 83 85 87 88 89 90 91 92 93 94 95 96 98 99 100 101 102 103 105 106 108 109 110 111 112 113 114 115 117 118 119 120 121 122 125 126 127 128 129 130 131 132 133 135 136 138 139 142 143 144 145 146 148 149 150 151 153 154 155 156 157 159 160 161 162 163 164 165 166 167 169 171 172 175 176 177 180 181 182 183 184 185 186 188 189 191 192 194 195 197 198 199 200 201 202 203 204 205 207 208 209 210 211 212 213 214 216 218 219 220 221 224 225 226 227 228 232 233 235 236 237 239 242 243 245 246 247 248 249 250 253 254 255 256 257 258 259 260 264 265 267 268 269 270 272 273 274 275 276 277 278 279 281 282 284 285 288 289 290 291 294 296 298 299 301 302 303 305 306 308 310 311 313 317 318 319 321 322 323 325 326 327 329 330 331 332 333 334 335 338 339 340 341 342 343 346 348 350 351 352 354 356 357 358 359 360 361 362 364 366 367 368 369 370 372 373 374 375 376 377 378 379 380 381 382 383 384 387 389 390
Print [key0:key1]: *** lower bound 58
*** upper bound 105
 58 62 63 65 69 70 71 72 73 74 75 76 77 78 80 82 83 85 87 88 89 90 91 92 93 94 95 96 98 99 100 101 102 103
Print [key0:key1]: *** lower bound 218
*** upper bound 275
 218 219 220 221 224 225 226 227 228 232 233 235 236 237 239 242 243 245 246 247 248 249 250 253 254 255 256 257 258 259 260 264 265 267 268 269 270 272 273 274
Print [key0:key1]: *** lower bound 227
*** upper bound 291
 227 228 232 233 235 236 237 239 242 243 245 246 247 248 249 250 253 254 255 256 257 258 259 260 264 265 267 268 269 270 272 273 274 275 276 277 278 279 281 282 284 285 288 289 290
Print [key0:key1]: *** lower bound 167
*** upper bound 246
 167 169 171 172 175 176 177 180 181 182 183 184 185 186 188 189 191 192 194 195 197 198 199 200 201 202 203 204 205 207 208 209 210 211 212 213 214 216 218 219 220 221 224 225 226 227 228 232 233 235 236 237 239 242 243 245
Print [key0:key1]: *** lower bound 0
*** upper bound 257
 0 1 3 4 5 6 7 11 12 13 14 16 20 22 23 24 25 26 27 28 30 31 32 33 34 35 36 37 39 40 41 42 43 44 45 46 47 48 49 50 51 52 53 54 56 57 58 62 63 65 69 70 71 72 73 74 75 76 77 78 80 82 83 85 87 88 89 90 91 92 93 94 95 96 98 99 100 101 102 103 105 106 108 109 110 111 112 113 114 115 117 118 119 120 121 122 125 126 127 128 129 130 131 132 133 135 136 138 139 142 143 144 145 146 148 149 150 151 153 154 155 156 157 159 160 161 162 163 164 165 166 167 169 171 172 175 176 177 180 181 182 183 184 185 186 188 189 191 192 194 195 197 198 199 200 201 202 203 204 205 207 208 209 210 211 212 213 214 216 218 219 220 221 224 225 226 227 228 232 233 235 236 237 239 242 243 245 246 247 248 249 250 253 254 255 256
Print [key0:key1]: *** lower bound 153
*** upper bound 232
 153 154 155 156 157 159 160 161 162 163 164 165 166 167 169 171 172 175 176 177 180 181 182 183 184 185 186 188 189 191 192 194 195 197 198 199 200 201 202 203 204 205 207 208 209 210 211 212 213 214 216 218 219 220 221 224 225 226 227 228
Print [key0:key1]: Print [key0:key1]: Print [key0:key1]: *** lower bound 145
*** upper bound 214
 145 146 148 149 150 151 153 154 155 156 157 159 160 161 162 163 164 165 166 167 169 171 172 175 176 177 180 181 182 183 184 185 186 188 189 191 192 194 195 197 198 199 200 201 202 203 204 205 207 208 209 210 211 212 213
Print [key0:key1]: Print [key0:key1]: *** lower bound 233
*** upper bound 253
 233 235 236 237 239 242 243 245 246 247 248 249 250
Print [key0:key1]: *** lower bound 204
*** upper bound 257
 204 205 207 208 209 210 211 212 213 214 216 218 219 220 221 224 225 226 227 228 232 233 235 236 237 239 242 243 245 246 247 248 249 250 253 254 255 256
Print [key0:key1]: *** lower bound 6
*** upper bound 246
 6 7 11 12 13 14 16 20 22 23 24 25 26 27 28 30 31 32 33 34 35 36 37 39 40 41 42 43 44 45 46 47 48 49 50 51 52 53 54 56 57 58 62 63 65 69 70 71 72 73 74 75 76 77 78 80 82 83 85 87 88 89 90 91 92 93 94 95 96 98 99 100 101 102 103 105 106 108 109 110 111 112 113 114 115 117 118 119 120 121 122 125 126 127 128 129 130 131 132 133 135 136 138 139 142 143 144 145 146 148 149 150 151 153 154 155 156 157 159 160 161 162 163 164 165 166 167 169 171 172 175 176 177 180 181 182 183 184 185 186 188 189 191 192 194 195 197 198 199 200 201 202 203 204 205 207 208 209 210 211 212 213 214 216 218 219 220 221 224 225 226 227 228 232 233 235 236 237 239 242 243 245
Print [key0:key1]: *** lower bound 0
*** upper bound 4
 0 1 3
Print [key0:key1]: *** lower bound 45
*** upper bound 159
 45 46 47 48 49 50 51 52 53 54 56 57 58 62 63 65 69 70 71 72 73 74 75 76 77 78 80 82 83 85 87 88 89 90 91 92 93 94 95 96 98 99 100 101 102 103 105 106 108 109 110 111 112 113 114 115 117 118 119 120 121 122 125 126 127 128 129 130 131 132 133 135 136 138 139 142 143 144 145 146 148 149 150 151 153 154 155 156 157
Print [key0:key1]: Print [key0:key1]: Print [key0:key1]: *** lower bound 207
*** upper bound 267
 207 208 209 210 211 212 213 214 216 218 219 220 221 224 225 226 227 228 232 233 235 236 237 239 242 243 245 246 247 248 249 250 253 254 255 256 257 258 259 260 264 265
Print [key0:key1]: Print [key0:key1]: Print [key0:key1]: *** lower bound 31
*** upper bound 138
 31 32 33 34 35 36 37 39 40 41 42 43 44 45 46 47 48 49 50 51 52 53 54 56 57 58 62 63 65 69 70 71 72 73 74 75 76 77 78 80 82 83 85 87 88 89 90 91 92 93 94 95 96 98 99 100 101 102 103 105 106 108 109 110 111 112 113 114 115 117 118 119 120 121 122 125 126 127 128 129 130 131 132 133 135 136
Print [key0:key1]: Print [key0:key1]: *** lower bound 138
*** upper bound 296
 138 139 142 143 144 145 146 148 149 150 151 153 154 155 156 157 159 160 161 162 163 164 165 166 167 169 171 172 175 176 177 180 181 182 183 184 185 186 188 189 191 192 194 195 197 198 199 200 201 202 203 204 205 207 208 209 210 211 212 213 214 216 218 219 220 221 224 225 226 227 228 232 233 235 236 237 239 242 243 245 246 247 248 249 250 253 254 255 256 257 258 259 260 264 265 267 268 269 270 272 273 274 275 276 277 278 279 281 282 284 285 288 289 290 291 294
Print [key0:key1]: *** lower bound 126
*** upper bound 210
 126 127 128 129 130 131 132 133 135 136 138 139 142 143 144 145 146 148 149 150 151 153 154 155 156 157 159 160 161 162 163 164 165 166 167 169 171 172 175 176 177 180 181 182 183 184 185 186 188 189 191 192 194 195 197 198 199 200 201 202 203 204 205 207 208 209
Print [key0:key1]: *** lower bound 76
*** upper bound 273
 76 77 78 80 82 83 85 87 88 89 90 91 92 93 94 95 96 98 99 100 101 102 103 105 106 108 109 110 111 112 113 114 115 117 118 119 120 121 122 125 126 127 128 129 130 131 132 133 135 136 138 139 142 143 144 145 146 148 149 150 151 153 154 155 156 157 159 160 161 162 163 164 165 166 167 169 171 172 175 176 177 180 181 182 183 184 185 186 188 189 191 192 194 195 197 198 199 200 201 202 203 204 205 207 208 209 210 211 212 213 214 216 218 219 220 221 224 225 226 227 228 232 233 235 236 237 239 242 243 245 246 247 248 249 250 253 254 255 256 257 258 259 260 264 265 267 268 269 270 272
Print [key0:key1]: Print [key0:key1]: Print [key0:key1]: Print [key0:key1]: Print [key0:key1]: Print [key0:key1]: *** lower bound 51
*** upper bound 226
 51 52 53 54 56 57 58 62 63 65 69 70 71 72 73 74 75 76 77 78 80 82 83 85 87 88 89 90 91 92 93 94 95 96 98 99 100 101 102 103 105 106 108 109 110 111 112 113 114 115 117 118 119 120 121 122 125 126 127 128 129 130 131 132 133 135 136 138 139 142 143 144 145 146 148 149 150 151 153 154 155 156 157 159 160 161 162 163 164 165 166 167 169 171 172 175 176 177 180 181 182 183 184 185 186 188 189 191 192 194 195 197 198 199 200 201 202 203 204 205 207 208 209 210 211 212 213 214 216 218 219 220 221 224 225
Print [key0:key1]: *** lower bound 228
*** upper bound 264
 228 232 233 235 236 237 239 242 243 245 246 247 248 249 250 253 254 255 256 257 258 259 260
Print [key0:key1]: Print [key0:key1]: Print [key0:key1]: *** lower bound 62
*** upper bound 275
 62 63 65 69 70 71 72 73 74 75 76 77 78 80 82 83 85 87 88 89 90 91 92 93 94 95 96 98 99 100 101 102 103 105 106 108 109 110 111 112 113 114 115 117 118 119 120 121 122 125 126 127 128 129 130 131 132 133 135 136 138 139 142 143 144 145 146 148 149 150 151 153 154 155 156 157 159 160 161 162 163 164 165 166 167 169 171 172 175 176 177 180 181 182 183 184 185 186 188 189 191 192 194 195 197 198 199 200 201 202 203 204 205 207 208 209 210 211 212 213 214 216 218 219 220 221 224 225 226 227 228 232 233 235 236 237 239 242 243 245 246 247 248 249 250 253 254 255 256 257 258 259 260 264 265 267 268 269 270 272 273 274
Print [key0:key1]: Print [key0:key1]: Print [key0:key1]: Print [key0:key1]: *** lower bound 7
*** upper bound 133
 7 11 12 13 14 16 20 22 23 24 25 26 27 28 30 31 32 33 34 35 36 37 39 40 41 42 43 44 45 46 47 48 49 50 51 52 53 54 56 57 58 62 63 65 69 70 71 72 73 74 75 76 77 78 80 82 83 85 87 88 89 90 91 92 93 94 95 96 98 99 100 101 102 103 105 106 108 109 110 111 112 113 114 115 117 118 119 120 121 122 125 126 127 128 129 130 131 132
Print [key0:key1]: *** lower bound 161
*** upper bound 243
 161 162 163 164 165 166 167 169 171 172 175 176 177 180 181 182 183 184 185 186 188 189 191 192 194 195 197 198 199 200 201 202 203 204 205 207 208 209 210 211 212 213 214 216 218 219 220 221 224 225 226 227 228 232 233 235 236 237 239 242
Print [key0:key1]: *** lower bound 65
*** upper bound 117
 65 69 70 71 72 73 74 75 76 77 78 80 82 83 85 87 88 89 90 91 92 93 94 95 96 98 99 100 101 102 103 105 106 108 109 110 111 112 113 114 115
Print [key0:key1]: *** lower bound 51
*** upper bound 92
 51 52 53 54 56 57 58 62 63 65 69 70 71 72 73 74 75 76 77 78 80 82 83 85 87 88 89 90 91
Print [key0:key1]: Print [key0:key1]: Print [key0:key1]: Print [key0:key1]: Print [key0:key1]: *** lower bound 127
*** upper bound 157
 127 128 129 130 131 132 133 135 136 138 139 142 143 144 145 146 148 149 150 151 153 154 155 156
Print [key0:key1]: *** lower bound 39
*** upper bound 142
 39 40 41 42 43 44 45 46 47 48 49 50 51 52 53 54 56 57 58 62 63 65 69 70 71 72 73 74 75 76 77 78 80 82 83 85 87 88 89 90 91 92 93 94 95 96 98 99 100 101 102 103 105 106 108 109 110 111 112 113 114 115 117 118 119 120 121 122 125 126 127 128 129 130 131 132 133 135 136 138 139
Print [key0:key1]: Print [key0:key1]: Print [key0:key1]: Print [key0:key1]: Print [key0:key1]: Print [key0:key1]: *** lower bound 139
*** upper bound 298
 139 142 143 144 145 146 148 149 150 151 153 154 155 156 157 159 160 161 162 163 164 165 166 167 169 171 172 175 176 177 180 181 182 183 184 185 186 188 189 191 192 194 195 197 198 199 200 201 202 203 204 205 207 208 209 210 211 212 213 214 216 218 219 220 221 224 225 226 227 228 232 233 235 236 237 239 242 243 245 246 247 248 249 250 253 254 255 256 257 258 259 260 264 265 267 268 269 270 272 273 274 275 276 277 278 279 281 282 284 285 288 289 290 291 294 296
Print [key0:key1]: *** lower bound 212
*** upper bound 301
 212 213 214 216 218 219 220 221 224 225 226 227 228 232 233 235 236 237 239 242 243 245 246 247 248 249 250 253 254 255 256 257 258 259 260 264 265 267 268 269 270 272 273 274 275 276 277 278 279 281 282 284 285 288 289 290 291 294 296 298 299
Print [key0:key1]: *** lower bound 131
*** upper bound 153
 131 132 133 135 136 138 139 142 143 144 145 146 148 149 150 151
Print [key0:key1]: *** lower bound 166
*** upper bound 281
 166 167 169 171 172 175 176 177 180 181 182 183 184 185 186 188 189 191 192 194 195 197 198 199 200 201 202 203 204 205 207 208 209 210 211 212 213 214 216 218 219 220 221 224 225 226 227 228 232 233 235 236 237 239 242 243 245 246 247 248 249 250 253 254 255 256 257 258 259 260 264 265 267 268 269 270 272 273 274 275 276 277 278 279
Print [key0:key1]: *** lower bound 119
*** upper bound 127
 119 120 121 122 125 126
Print [key0:key1]: *** lower bound 188
*** upper bound 210
 188 189 191 192 194 195 197 198 199 200 201 202 203 204 205 207 208 209
Print [key0:key1]: Print [key0:key1]: *** lower bound 95
*** upper bound 208
 95 96 98 99 100 101 102 103 105 106 108 109 110 111 112 113 114 115 117 118 119 120 121 122 125 126 127 128 129 130 131 132 133 135 136 138 139 142 143 144 145 146 148 149 150 151 153 154 155 156 157 159 160 161 162 163 164 165 166 167 169 171 172 175 176 177 180 181 182 183 184 185 186 188 189 191 192 194 195 197 198 199 200 201 202 203 204 205 207
Print [key0:key1]: Print [key0:key1]: Print [key0:key1]: *** lower bound 24
*** upper bound 136
 24 25 26 27 28 30 31 32 33 34 35 36 37 39 40 41 42 43 44 45 46 47 48 49 50 51 52 53 54 56 57 58 62 63 65 69 70 71 72 73 74 75 76 77 78 80 82 83 85 87 88 89 90 91 92 93 94 95 96 98 99 100 101 102 103 105 106 108 109 110 111 112 113 114 115 117 118 119 120 121 122 125 126 127 128 129 130 131 132 133 135
Print [key0:key1]: Print [key0:key1]: Print [key0:key1]: *** lower bound 93
*** upper bound 253
 93 94 95 96 98 99 100 101 102 103 105 106 108 109 110 111 112 113 114 115 117 118 119 120 121 122 125 126 127 128 129 130 131 132 133 135 136 138 139 142 143 144 145 146 148 149 150 151 153 154 155 156 157 159 160 161 162 163 164 165 166 167 169 171 172 175 176 177 180 181 182 183 184 185 186 188 189 191 192 194 195 197 198 199 200 201 202 203 204 205 207 208 209 210 211 212 213 214 216 218 219 220 221 224 225 226 227 228 232 233 235 236 237 239 242 243 245 246 247 248 249 250
Print [key0:key1]: *** lower bound 188
*** upper bound 265
 188 189 191 192 194 195 197 198 199 200 201 202 203 204 205 207 208 209 210 211 212 213 214 216 218 219 220 221 224 225 226 227 228 232 233 235 236 237 239 242 243 245 246 247 248 249 250 253 254 255 256 257 258 259 260 264
Print [key0:key1]: *** lower bound 120
*** upper bound 259
 120 121 122 125 126 127 128 129 130 131 132 133 135 136 138 139 142 143 144 145 146 148 149 150 151 153 154 155 156 157 159 160 161 162 163 164 165 166 167 169 171 172 175 176 177 180 181 182 183 184 185 186 188 189 191 192 194 195 197 198 199 200 201 202 203 204 205 207 208 209 210 211 212 213 214 216 218 219 220 221 224 225 226 227 228 232 233 235 236 237 239 242 243 245 246 247 248 249 250 253 254 255 256 257 258
Print [key0:key1]: Print [key0:key1]: *** lower bound 11
*** upper bound 226
 11 12 13 14 16 20 22 23 24 25 26 27 28 30 31 32 33 34 35 36 37 39 40 41 42 43 44 45 46 47 48 49 50 51 52 53 54 56 57 58 62 63 65 69 70 71 72 73 74 75 76 77 78 80 82 83 85 87 88 89 90 91 92 93 94 95 96 98 99 100 101 102 103 105 106 108 109 110 111 112 113 114 115 117 118 119 120 121 122 125 126 127 128 129 130 131 132 133 135 136 138 139 142 143 144 145 146 148 149 150 151 153 154 155 156 157 159 160 161 162 163 164 165 166 167 169 171 172 175 176 177 180 181 182 183 184 185 186 188 189 191 192 194 195 197 198 199 200 201 202 203 204 205 207 208 209 210 211 212 213 214 216 218 219 220 221 224 225
Print [key0:key1]: *** lower bound 11
*** upper bound 189
 11 12 13 14 16 20 22 23 24 25 26 27 28 30 31 32 33 34 35 36 37 39 40 41 42 43 44 45 46 47 48 49 50 51 52 53 54 56 57 58 62 63 65 69 70 71 72 73 74 75 76 77 78 80 82 83 85 87 88 89 90 91 92 93 94 95 96 98 99 100 101 102 103 105 106 108 109 110 111 112 113 114 115 117 118 119 120 121 122 125 126 127 128 129 130 131 132 133 135 136 138 139 142 143 144 145 146 148 149 150 151 153 154 155 156 157 159 160 161 162 163 164 165 166 167 169 171 172 175 176 177 180 181 182 183 184 185 186 188
Print [key0:key1]: Print [key0:key1]: *** lower bound 209
*** upper bound 291
 209 210 211 212 213 214 216 218 219 220 221 224 225 226 227 228 232 233 235 236 237 239 242 243 245 246 247 248 249 250 253 254 255 256 257 258 259 260 264 265 267 268 269 270 272 273 274 275 276 277 278 279 281 282 284 285 288 289 290
Print [key0:key1]: *** lower bound 142
*** upper bound 210
 142 143 144 145 146 148 149 150 151 153 154 155 156 157 159 160 161 162 163 164 165 166 167 169 171 172 175 176 177 180 181 182 183 184 185 186 188 189 191 192 194 195 197 198 199 200 201 202 203 204 205 207 208 209
Print [key0:key1]: Print [key0:key1]: Print [key0:key1]: *** lower bound 131
*** upper bound 142
 131 132 133 135 136 138 139
Print [key0:key1]: *** lower bound 149
*** upper bound 253
 149 150 151 153 154 155 156 157 159 160 161 162 163 164 165 166 167 169 171 172 175 176 177 180 181 182 183 184 185 186 188 189 191 192 194 195 197 198 199 200 201 202 203 204 205 207 208 209 210 211 212 213 214 216 218 219 220 221 224 225 226 227 228 232 233 235 236 237 239 242 243 245 246 247 248 249 250
Print [key0:key1]: *** lower bound 194
*** upper bound 267
 194 195 197 198 199 200 201 202 203 204 205 207 208 209 210 211 212 213 214 216 218 219 220 221 224 225 226 227 228 232 233 235 236 237 239 242 243 245 246 247 248 249 250 253 254 255 256 257 258 259 260 264 265
Print [key0:key1]: *** lower bound 40
*** upper bound 281
 40 41 42 43 44 45 46 47 48 49 50 51 52 53 54 56 57 58 62 63 65 69 70 71 72 73 74 75 76 77 78 80 82 83 85 87 88 89 90 91 92 93 94 95 96 98 99 100 101 102 103 105 106 108 109 110 111 112 113 114 115 117 118 119 120 121 122 125 126 127 128 129 130 131 132 133 135 136 138 139 142 143 144 145 146 148 149 150 151 153 154 155 156 157 159 160 161 162 163 164 165 166 167 169 171 172 175 176 177 180 181 182 183 184 185 186 188 189 191 192 194 195 197 198 199 200 201 202 203 204 205 207 208 209 210 211 212 213 214 216 218 219 220 221 224 225 226 227 228 232 233 235 236 237 239 242 243 245 246 247 248 249 250 253 254 255 256 257 258 259 260 264 265 267 268 269 270 272 273 274 275 276 277 278 279
Print [key0:key1]: Print [key0:key1]: Print [key0:key1]: Print [key0:key1]: *** lower bound 0
*** upper bound 202
 0 1 3 4 5 6 7 11 12 13 14 16 20 22 23 24 25 26 27 28 30 31 32 33 34 35 36 37 39 40 41 42 43 44 45 46 47 48 49 50 51 52 53 54 56 57 58 62 63 65 69 70 71 72 73 74 75 76 77 78 80 82 83 85 87 88 89 90 91 92 93 94 95 96 98 99 100 101 102 103 105 106 108 109 110 111 112 113 114 115 117 118 119 120 121 122 125 126 127 128 129 130 131 132 133 135 136 138 139 142 143 144 145 146 148 149 150 151 153 154 155 156 157 159 160 161 162 163 164 165 166 167 169 171 172 175 176 177 180 181 182 183 184 185 186 188 189 191 192 194 195 197 198 199 200 201
Print [key0:key1]: *** lower bound 62
*** upper bound 186
 62 63 65 69 70 71 72 73 74 75 76 77 78 80 82 83 85 87 88 89 90 91 92 93 94 95 96 98 99 100 101 102 103 105 106 108 109 110 111 112 113 114 115 117 118 119 120 121 122 125 126 127 128 129 130 131 132 133 135 136 138 139 142 143 144 145 146 148 149 150 151 153 154 155 156 157 159 160 161 162 163 164 165 166 167 169 171 172 175 176 177 180 181 182 183 184 185
Print [key0:key1]: *** lower bound 44
*** upper bound 171
 44 45 46 47 48 49 50 51 52 53 54 56 57 58 62 63 65 69 70 71 72 73 74 75 76 77 78 80 82 83 85 87 88 89 90 91 92 93 94 95 96 98 99 100 101 102 103 105 106 108 109 110 111 112 113 114 115 117 118 119 120 121 122 125 126 127 128 129 130 131 132 133 135 136 138 139 142 143 144 145 146 148 149 150 151 153 154 155 156 157 159 160 161 162 163 164 165 166 167 169
Print [key0:key1]: *** lower bound 105
*** upper bound 208
 105 106 108 109 110 111 112 113 114 115 117 118 119 120 121 122 125 126 127 128 129 130 131 132 133 135 136 138 139 142 143 144 145 146 148 149 150 151 153 154 155 156 157 159 160 161 162 163 164 165 166 167 169 171 172 175 176 177 180 181 182 183 184 185 186 188 189 191 192 194 195 197 198 199 200 201 202 203 204 205 207
Print [key0:key1]: Print [key0:key1]: *** lower bound 232
*** upper bound 276
 232 233 235 236 237 239 242 243 245 246 247 248 249 250 253 254 255 256 257 258 259 260 264 265 267 268 269 270 272 273 274 275
Print [key0:key1]: *** lower bound 108
*** upper bound 130
 108 109 110 111 112 113 114 115 117 118 119 120 121 122 125 126 127 128 129
Print [key0:key1]: Print [key0:key1]: Print [key0:key1]: *** lower bound 154
*** upper bound 301
 154 155 156 157 159 160 161 162 163 164 165 166 167 169 171 172 175 176 177 180 181 182 183 184 185 186 188 189 191 192 194 195 197 198 199 200 201 202 203 204 205 207 208 209 210 211 212 213 214 216 218 219 220 221 224 225 226 227 228 232 233 235 236 237 239 242 243 245 246 247 248 249 250 253 254 255 256 257 258 259 260 264 265 267 268 269 270 272 273 274 275 276 277 278 279 281 282 284 285 288 289 290 291 294 296 298 299
Print [key0:key1]: *** lower bound 87
*** upper bound 192
 87 88 89 90 91 92 93 94 95 96 98 99 100 101 102 103 105 106 108 109 110 111 112 113 114 115 117 118 119 120 121 122 125 126 127 128 129 130 131 132 133 135 136 138 139 142 143 144 145 146 148 149 150 151 153 154 155 156 157 159 160 161 162 163 164 165 166 167 169 171 172 175 176 177 180 181 182 183 184 185 186 188 189 191
Print [key0:key1]: Print [key0:key1]: *** lower bound 1
*** upper bound 275
 1 3 4 5 6 7 11 12 13 14 16 20 22 23 24 25 26 27 28 30 31 32 33 34 35 36 37 39 40 41 42 43 44 45 46 47 48 49 50 51 52 53 54 56 57 58 62 63 65 69 70 71 72 73 74 75 76 77 78 80 82 83 85 87 88 89 90 91 92 93 94 95 96 98 99 100 101 102 103 105 106 108 109 110 111 112 113 114 115 117 118 119 120 121 122 125 126 127 128 129 130 131 132 133 135 136 138 139 142 143 144 145 146 148 149 150 151 153 154 155 156 157 159 160 161 162 163 164 165 166 167 169 171 172 175 176 177 180 181 182 183 184 185 186 188 189 191 192 194 195 197 198 199 200 201 202 203 204 205 207 208 209 210 211 212 213 214 216 218 219 220 221 224 225 226 227 228 232 233 235 236 237 239 242 243 245 246 247 248 249 250 253 254 255 256 257 258 259 260 264 265 267 268 269 270 272 273 274
Print [key0:key1]: *** lower bound 11
*** upper bound 268
 11 12 13 14 16 20 22 23 24 25 26 27 28 30 31 32 33 34 35 36 37 39 40 41 42 43 44 45 46 47 48 49 50 51 52 53 54 56 57 58 62 63 65 69 70 71 72 73 74 75 76 77 78 80 82 83 85 87 88 89 90 91 92 93 94 95 96 98 99 100 101 102 103 105 106 108 109 110 111 112 113 114 115 117 118 119 120 121 122 125 126 127 128 129 130 131 132 133 135 136 138 139 142 143 144 145 146 148 149 150 151 153 154 155 156 157 159 160 161 162 163 164 165 166 167 169 171 172 175 176 177 180 181 182 183 184 185 186 188 189 191 192 194 195 197 198 199 200 201 202 203 204 205 207 208 209 210 211 212 213 214 216 218 219 220 221 224 225 226 227 228 232 233 235 236 237 239 242 243 245 246 247 248 249 250 253 254 255 256 257 258 259 260 264 265 267
Print [key0:key1]: *** lower bound 5
*** upper bound 90
 5 6 7 11 12 13 14 16 20 22 23 24 25 26 27 28 30 31 32 33 34 35 36 37 39 40 41 42 43 44 45 46 47 48 49 50 51 52 53 54 56 57 58 62 63 65 69 70 71 72 73 74 75 76 77 78 80 82 83 85 87 88 89
Print [key0:key1]: Print [key0:key1]: Print [key0:key1]: Print [key0:key1]: *** lower bound 199
*** upper bound 258
 199 200 201 202 203 204 205 207 208 209 210 211 212 213 214 216 218 219 220 221 224 225 226 227 228 232 233 235 236 237 239 242 243 245 246 247 248 249 250 253 254 255 256 257
Print [key0:key1]: Print [key0:key1]: *** lower bound 151
*** upper bound 171
 151 153 154 155 156 157 159 160 161 162 163 164 165 166 167 169
Print [key0:key1]: Print [key0:key1]: *** lower bound 69
*** upper bound 203
 69 70 71 72 73 74 75 76 77 78 80 82 83 85 87 88 89 90 91 92 93 94 95 96 98 99 100 101 102 103 105 106 108 109 110 111 112 113 114 115 117 118 119 120 121 122 125 126 127 128 129 130 131 132 133 135 136 138 139 142 143 144 145 146 148 149 150 151 153 154 155 156 157 159 160 161 162 163 164 165 166 167 169 171 172 175 176 177 180 181 182 183 184 185 186 188 189 191 192 194 195 197 198 199 200 201 202
Print [key0:key1]: *** lower bound 247
*** upper bound 296
 247 248 249 250 253 254 255 256 257 258 259 260 264 265 267 268 269 270 272 273 274 275 276 277 278 279 281 282 284 285 288 289 290 291 294
Print [key0:key1]: Print [key0:key1]: *** lower bound 117
*** upper bound 117

Print [key0:key1]: *** lower bound 164
*** upper bound 199
 164 165 166 167 169 171 172 175 176 177 180 181 182 183 184 185 186 188 189 191 192 194 195 197 198
Print [key0:key1]: *** lower bound 98
*** upper bound 239
 98 99 100 101 102 103 105 106 108 109 110 111 112 113 114 115 117 118 119 120 121 122 125 126 127 128 129 130 131 132 133 135 136 138 139 142 143 144 145 146 148 149 150 151 153 154 155 156 157 159 160 161 162 163 164 165 166 167 169 171 172 175 176 177 180 181 182 183 184 185 186 188 189 191 192 194 195 197 198 199 200 201 202 203 204 205 207 208 209 210 211 212 213 214 216 218 219 220 221 224 225 226 227 228 232 233 235 236 237
Print [key0:key1]: *** lower bound 128
*** upper bound 272
 128 129 130 131 132 133 135 136 138 139 142 143 144 145 146 148 149 150 151 153 154 155 156 157 159 160 161 162 163 164 165 166 167 169 171 172 175 176 177 180 181 182 183 184 185 186 188 189 191 192 194 195 197 198 199 200 201 202 203 204 205 207 208 209 210 211 212 213 214 216 218 219 220 221 224 225 226 227 228 232 233 235 236 237 239 242 243 245 246 247 248 249 250 253 254 255 256 257 258 259 260 264 265 267 268 269 270
Print [key0:key1]: *** lower bound 243
*** upper bound 284
 243 245 246 247 248 249 250 253 254 255 256 257 258 259 260 264 265 267 268 269 270 272 273 274 275 276 277 278 279 281 282
Print [key0:key1]: *** lower bound 162
*** upper bound 212
 162 163 164 165 166 167 169 171 172 175 176 177 180 181 182 183 184 185 186 188 189 191 192 194 195 197 198 199 200 201 202 203 204 205 207 208 209 210 211
Print [key0:key1]: Print [key0:key1]: Print [key0:key1]: *** lower bound 11
*** upper bound 52
 11 12 13 14 16 20 22 23 24 25 26 27 28 30 31 32 33 34 35 36 37 39 40 41 42 43 44 45 46 47 48 49 50 51
Print [key0:key1]: *** lower bound 120
*** upper bound 128
 120 121 122 125 126 127
Print [key0:key1]: *** lower bound 36
*** upper bound 305
 36 37 39 40 41 42 43 44 45 46 47 48 49 50 51 52 53 54 56 57 58 62 63 65 69 70 71 72 73 74 75 76 77 78 80 82 83 85 87 88 89 90 91 92 93 94 95 96 98 99 100 101 102 103 105 106 108 109 110 111 112 113 114 115 117 118 119 120 121 122 125 126 127 128 129 130 131 132 133 135 136 138 139 142 143 144 145 146 148 149 150 151 153 154 155 156 157 159 160 161 162 163 164 165 166 167 169 171 172 175 176 177 180 181 182 183 184 185 186 188 189 191 192 194 195 197 198 199 200 201 202 203 204 205 207 208 209 210 211 212 213 214 216 218 219 220 221 224 225 226 227 228 232 233 235 236 237 239 242 243 245 246 247 248 249 250 253 254 255 256 257 258 259 260 264 265 267 268 269 270 272 273 274 275 276 277 278 279 281 282 284 285 288 289 290 291 294 296 298 299 301 302 303
Print [key0:key1]: Print [key0:key1]: *** lower bound 44
*** upper bound 111
 44 45 46 47 48 49 50 51 52 53 54 56 57 58 62 63 65 69 70 71 72 73 74 75 76 77 78 80 82 83 85 87 88 89 90 91 92 93 94 95 96 98 99 100 101 102 103 105 106 108 109 110
Print [key0:key1]: *** lower bound 91
*** upper bound 200
 91 92 93 94 95 96 98 99 100 101 102 103 105 106 108 109 110 111 112 113 114 115 117 118 119 120 121 122 125 126 127 128 129 130 131 132 133 135 136 138 139 142 143 144 145 146 148 149 150 151 153 154 155 156 157 159 160 161 162 163 164 165 166 167 169 171 172 175 176 177 180 181 182 183 184 185 186 188 189 191 192 194 195 197 198 199
Print [key0:key1]: Print [key0:key1]: *** lower bound 188
*** upper bound 306
 188 189 191 192 194 195 197 198 199 200 201 202 203 204 205 207 208 209 210 211 212 213 214 216 218 219 220 221 224 225 226 227 228 232 233 235 236 237 239 242 243 245 246 247 248 249 250 253 254 255 256 257 258 259 260 264 265 267 268 269 270 272 273 274 275 276 277 278 279 281 282 284 285 288 289 290 291 294 296 298 299 301 302 303 305
Print [key0:key1]: *** lower bound 138
*** upper bound 288
 138 139 142 143 144 145 146 148 149 150 151 153 154 155 156 157 159 160 161 162 163 164 165 166 167 169 171 172 175 176 177 180 181 182 183 184 185 186 188 189 191 192 194 195 197 198 199 200 201 202 203 204 205 207 208 209 210 211 212 213 214 216 218 219 220 221 224 225 226 227 228 232 233 235 236 237 239 242 243 245 246 247 248 249 250 253 254 255 256 257 258 259 260 264 265 267 268 269 270 272 273 274 275 276 277 278 279 281 282 284 285
Print [key0:key1]: *** lower bound 242
*** upper bound 265
 242 243 245 246 247 248 249 250 253 254 255 256 257 258 259 260 264
Print [key0:key1]: Print [key0:key1]: Print [key0:key1]: Print [key0:key1]: Print [key0:key1]: *** lower bound 133
*** upper bound 169
 133 135 136 138 139 142 143 144 145 146 148 149 150 151 153 154 155 156 157 159 160 161 162 163 164 165 166 167
Print [key0:key1]: *** lower bound 157
*** upper bound 272
 157 159 160 161 162 163 164 165 166 167 169 171 172 175 176 177 180 181 182 183 184 185 186 188 189 191 192 194 195 197 198 199 200 201 202 203 204 205 207 208 209 210 211 212 213 214 216 218 219 220 221 224 225 226 227 228 232 233 235 236 237 239 242 243 245 246 247 248 249 250 253 254 255 256 257 258 259 260 264 265 267 268 269 270
Print [key0:key1]: *** lower bound 138
*** upper bound 145
 138 139 142 143 144
Print [key0:key1]: *** lower bound 31
*** upper bound 248
 31 32 33 34 35 36 37 39 40 41 42 43 44 45 46 47 48 49 50 51 52 53 54 56 57 58 62 63 65 69 70 71 72 73 74 75 76 77 78 80 82 83 85 87 88 89 90 91 92 93 94 95 96 98 99 100 101 102 103 105 106 108 109 110 111 112 113 114 115 117 118 119 120 121 122 125 126 127 128 129 130 131 132 133 135 136 138 139 142 143 144 145 146 148 149 150 151 153 154 155 156 157 159 160 161 162 163 164 165 166 167 169 171 172 175 176 177 180 181 182 183 184 185 186 188 189 191 192 194 195 197 198 199 200 201 202 203 204 205 207 208 209 210 211 212 213 214 216 218 219 220 221 224 225 226 227 228 232 233 235 236 237 239 242 243 245 246 247
Print [key0:key1]: Print [key0:key1]: *** lower bound 121
*** upper bound 308
 121 122 125 126 127 128 129 130 131 132 133 135 136 138 139 142 143 144 145 146 148 149 150 151 153 154 155 156 157 159 160 161 162 163 164 165 166 167 169 171 172 175 176 177 180 181 182 183 184 185 186 188 189 191 192 194 195 197 198 199 200 201 202 203 204 205 207 208 209 210 211 212 213 214 216 218 219 220 221 224 225 226 227 228 232 233 235 236 237 239 242 243 245 246 247 248 249 250 253 254 255 256 257 258 259 260 264 265 267 268 269 270 272 273 274 275 276 277 278 279 281 282 284 285 288 289 290 291 294 296 298 299 301 302 303 305 306
Print [key0:key1]: *** lower bound 0
*** upper bound 155
 0 1 3 4 5 6 7 11 12 13 14 16 20 22 23 24 25 26 27 28 30 31 32 33 34 35 36 37 39 40 41 42 43 44 45 46 47 48 49 50 51 52 53 54 56 57 58 62 63 65 69 70 71 72 73 74 75 76 77 78 80 82 83 85 87 88 89 90 91 92 93 94 95 96 98 99 100 101 102 103 105 106 108 109 110 111 112 113 114 115 117 118 119 120 121 122 125 126 127 128 129 130 131 132 133 135 136 138 139 142 143 144 145 146 148 149 150 151 153 154
Print [key0:key1]: Print [key0:key1]: *** lower bound 57
*** upper bound 226
 57 58 62 63 65 69 70 71 72 73 74 75 76 77 78 80 82 83 85 87 88 89 90 91 92 93 94 95 96 98 99 100 101 102 103 105 106 108 109 110 111 112 113 114 115 117 118 119 120 121 122 125 126 127 128 129 130 131 132 133 135 136 138 139 142 143 144 145 146 148 149 150 151 153 154 155 156 157 159 160 161 162 163 164 165 166 167 169 171 172 175 176 177 180 181 182 183 184 185 186 188 189 191 192 194 195 197 198 199 200 201 202 203 204 205 207 208 209 210 211 212 213 214 216 218 219 220 221 224 225
Print [key0:key1]: Print [key0:key1]: Print [key0:key1]: *** lower bound 177
*** upper bound 180
 177
Print [key0:key1]: *** lower bound 0
*** upper bound 296
 0 1 3 4 5 6 7 11 12 13 14 16 20 22 23 24 25 26 27 28 30 31 32 33 34 35 36 37 39 40 41 42 43 44 45 46 47 48 49 50 51 52 53 54 56 57 58 62 63 65 69 70 71 72 73 74 75 76 77 78 80 82 83 85 87 88 89 90 91 92 93 94 95 96 98 99 100 101 102 103 105 106 108 109 110 111 112 113 114 115 117 118 119 120 121 122 125 126 127 128 129 130 131 132 133 135 136 138 139 142 143 144 145 146 148 149 150 151 153 154 155 156 157 159 160 161 162 163 164 165 166 167 169 171 172 175 176 177 180 181 182 183 184 185 186 188 189 191 192 194 195 197 198 199 200 201 202 203 204 205 207 208 209 210 211 212 213 214 216 218 219 220 221 224 225 226 227 228 232 233 235 236 237 239 242 243 245 246 247 248 249 250 253 254 255 256 257 258 259 260 264 265 267 268 269 270 272 273 274 275 276 277 278 279 281 282 284 285 288 289 290 291 294
Print [key0:key1]: *** lower bound 95
*** upper bound 144
 95 96 98 99 100 101 102 103 105 106 108 109 110 111 112 113 114 115 117 118 119 120 121 122 125 126 127 128 129 130 131 132 133 135 136 138 139 142 143
Print [key0:key1]: Print [key0:key1]: 
