 0 3 4 5 6 7 8 9 10 11 12 14 15 16 17 18 19 21 22 23 25 27 29 30 31 32 34 35 36 37 38 39 41 42 44 45 46 47 48 49 51 55 56 58 59 60 61 62 63 64 65 66 67 69 71 72 73 76 77 80 82 83 84 85 86 88 89 90 91 92 94 95 96 97 98 99 100 102 103 104 105 107 108 109 110 111 112 114 115 116 117 118 119 120 121 123 124 126 128 129 130 131 132 133 134 135 136 137 139 140 142 144 146 147 148 149 150 151 152 153 154 155 156 158 160 163 164 166 168 169 170 171 172 173 174 176 177 179 180 181 182 183 184 185 186 188 191 192 193 195 196 197 198 199 200 201 202 204 206 207 208 209 211 212 213 216 217 218 220 221 222 224 225 226 228 230 231 232 233 234 236 237 240 241 242 244 245 246 247 248 250 251 252 253 258 259 260 261 262 264 265 266 267 269 270 272 273 276 277 278 279 280 281 284 285 287 288 289 290 291 292 293 294 295 296 297 298 299 303 304 305 306 309 310 311 312 313 314 315 317 318 319 320 323 325 327 328 329 330 333 334 335 337 338 339 340 341 342 343 344 345 346 347 348 349 350 351 352 353 355 356 357 359 363 364 365 366 368 369 371 372 374 375 376 377 378 380 381 382 383 384 385 387 388 390 391 392 393 396 397 398 402 403 405 408 409 411 414 415 417 418 419 420 421 422 423 424 426 428 429 430 431 432 433 434 435 436 437 439 440 441 442 443 444 445 446 447 450 451 452 453 455 456 457 459 460 462 464 465 466 467 468 469 471 474 475 476 477 478 480
Print [key0:key1]: *** lower bound 148
*** upper bound 252
 148 149 150 151 152 153 154 155 156 158 160 163 164 166 168 169 170 171 172 173 174 176 177 179 180 181 182 183 184 185 186 188 191 192 193 195 196 197 198 199 200 201 202 204 206 207 208 209 211 212 213 216 217 218 220 221 222 224 225 226 228 230 231 232 233 234 236 237 240 241 242 244 245 246 247 248 250 251
Print [key0:key1]: *** lower bound 76
*** upper bound 200
 76 77 80 82 83 84 85 86 88 89 90 91 92 94 95 96 97 98 99 100 102 103 104 105 107 108 109 110 111 112 114 115 116 117 118 119 120 121 123 124 126 128 129 130 131 132 133 134 135 136 137 139 140 142 144 146 147 148 149 150 151 152 153 154 155 156 158 160 163 164 166 168 169 170 171 172 173 174 176 177 179 180 181 182 183 184 185 186 188 191 192 193 195 196 197 198 199
Print [key0:key1]: *** lower bound 185
*** upper bound 375
 185 186 188 191 192 193 195 196 197 198 199 200 201 202 204 206 207 208 209 211 212 213 216 217 218 220 221 222 224 225 226 228 230 231 232 233 234 236 237 240 241 242 244 245 246 247 248 250 251 252 253 258 259 260 261 262 264 265 266 267 269 270 272 273 276 277 278 279 280 281 284 285 287 288 289 290 291 292 293 294 295 296 297 298 299 303 304 305 306 309 310 311 312 313 314 315 317 318 319 320 323 325 327 328 329 330 333 334 335 337 338 339 340 341 342 343 344 345 346 347 348 349 350 351 352 353 355 356 357 359 363 364 365 366 368 369 371 372 374
Print [key0:key1]: *** lower bound 128
*** upper bound 220
 128 129 130 131 132 133 134 135 136 137 139 140 142 144 146 147 148 149 150 151 152 153 154 155 156 158 160 163 164 166 168 169 170 171 172 173 174 176 177 179 180 181 182 183 184 185 186 188 191 192 193 195 196 197 198 199 200 201 202 204 206 207 208 209 211 212 213 216 217 218
Print [key0:key1]: *** lower bound 207
*** upper bound 221
 207 208 209 211 212 213 216 217 218 220
Print [key0:key1]: *** lower bound 168
*** upper bound 204
 168 169 170 171 172 173 174 176 177 179 180 181 182 183 184 185 186 188 191 192 193 195 196 197 198 199 200 201 202
Print [key0:key1]: *** lower bound 83
*** upper bound 121
 83 84 85 86 88 89 90 91 92 94 95 96 97 98 99 100 102 103 104 105 107 108 109 110 111 112 114 115 116 117 118 119 120
Print [key0:key1]: *** lower bound 9
*** upper bound 41
 9 10 11 12 14 15 16 17 18 19 21 22 23 25 27 29 30 31 32 34 35 36 37 38 39
Print [key0:key1]: *** lower bound 14
*** upper bound 246
 14 15 16 17 18 19 21 22 23 25 27 29 30 31 32 34 35 36 37 38 39 41 42 44 45 46 47 48 49 51 55 56 58 59 60 61 62 63 64 65 66 67 69 71 72 73 76 77 80 82 83 84 85 86 88 89 90 91 92 94 95 96 97 98 99 100 102 103 104 105 107 108 109 110 111 112 114 115 116 117 118 119 120 121 123 124 126 128 129 130 131 132 133 134 135 136 137 139 140 142 144 146 147 148 149 150 151 152 153 154 155 156 158 160 163 164 166 168 169 170 171 172 173 174 176 177 179 180 181 182 183 184 185 186 188 191 192 193 195 196 197 198 199 200 201 202 204 206 207 208 209 211 212 213 216 217 218 220 221 222 224 225 226 228 230 231 232 233 234 236 237 240 241 242 244 245
Print [key0:key1]: *** lower bound 197
*** upper bound 246
 197 198 199 200 201 202 204 206 207 208 209 211 212 213 216 217 218 220 221 222 224 225 226 228 230 231 232 233 234 236 237 240 241 242 244 245
Print [key0:key1]: Print [key0:key1]: *** lower bound 55
*** upper bound 102
 55 56 58 59 60 61 62 63 64 65 66 67 69 71 72 73 76 77 80 82 83 84 85 86 88 89 90 91 92 94 95 96 97 98 99 100
Print [key0:key1]: *** lower bound 244
*** upper bound 329
 244 245 246 247 248 250 251 252 253 258 259 260 261 262 264 265 266 267 269 270 272 273 276 277 278 279 280 281 284 285 287 288 289 290 291 292 293 294 295 296 297 298 299 303 304 305 306 309 310 311 312 313 314 315 317 318 319 320 323 325 327 328
Print [key0:key1]: *** lower bound 131
*** upper bound 179
 131 132 133 134 135 136 137 139 140 142 144 146 147 148 149 150 151 152 153 154 155 156 158 160 163 164 166 168 169 170 171 172 173 174 176 177
Print [key0:key1]: Print [key0:key1]: *** lower bound 55
*** upper bound 121
 55 56 58 59 60 61 62 63 64 65 66 67 69 71 72 73 76 77 80 82 83 84 85 86 88 89 90 91 92 94 95 96 97 98 99 100 102 103 104 105 107 108 109 110 111 112 114 115 116 117 118 119 120
Print [key0:key1]: *** lower bound 27
*** upper bound 216
 27 29 30 31 32 34 35 36 37 38 39 41 42 44 45 46 47 48 49 51 55 56 58 59 60 61 62 63 64 65 66 67 69 71 72 73 76 77 80 82 83 84 85 86 88 89 90 91 92 94 95 96 97 98 99 100 102 103 104 105 107 108 109 110 111 112 114 115 116 117 118 119 120 121 123 124 126 128 129 130 131 132 133 134 135 136 137 139 140 142 144 146 147 148 149 150 151 152 153 154 155 156 158 160 163 164 166 168 169 170 171 172 173 174 176 177 179 180 181 182 183 184 185 186 188 191 192 193 195 196 197 198 199 200 201 202 204 206 207 208 209 211 212 213
Print [key0:key1]: Print [key0:key1]: *** lower bound 23
*** upper bound 66
 23 25 27 29 30 31 32 34 35 36 37 38 39 41 42 44 45 46 47 48 49 51 55 56 58 59 60 61 62 63 64 65
Print [key0:key1]: *** lower bound 66
*** upper bound 130
 66 67 69 71 72 73 76 77 80 82 83 84 85 86 88 89 90 91 92 94 95 96 97 98 99 100 102 103 104 105 107 108 109 110 111 112 114 115 116 117 118 119 120 121 123 124 126 128 129
Print [key0:key1]: Print [key0:key1]: Print [key0:key1]: Print [key0:key1]: *** lower bound 0
*** upper bound 327
 0 3 4 5 6 7 8 9 10 11 12 14 15 16 17 18 19 21 22 23 25 27 29 30 31 32 34 35 36 37 38 39 41 42 44 45 46 47 48 49 51 55 56 58 59 60 61 62 63 64 65 66 67 69 71 72 73 76 77 80 82 83 84 85 86 88 89 90 91 92 94 95 96 97 98 99 100 102 103 104 105 107 108 109 110 111 112 114 115 116 117 118 119 120 121 123 124 126 128 129 130 131 132 133 134 135 136 137 139 140 142 144 146 147 148 149 150 151 152 153 154 155 156 158 160 163 164 166 168 169 170 171 172 173 174 176 177 179 180 181 182 183 184 185 186 188 191 192 193 195 196 197 198 199 200 201 202 204 206 207 208 209 211 212 213 216 217 218 220 221 222 224 225 226 228 230 231 232 233 234 236 237 240 241 242 244 245 246 247 248 250 251 252 253 258 259 260 261 262 264 265 266 267 269 270 272 273 276 277 278 279 280 281 284 285 287 288 289 290 291 292 293 294 295 296 297 298 299 303 304 305 306 309 310 311 312 313 314 315 317 318 319 320 323 325
Print [key0:key1]: Print [key0:key1]: *** lower bound 156
*** upper bound 242
 156 158 160 163 164 166 168 169 170 171 172 173 174 176 177 179 180 181 182 183 184 185 186 188 191 192 193 195 196 197 198 199 200 201 202 204 206 207 208 209 211 212 213 216 217 218 220 221 222 224 225 226 228 230 231 232 233 234 236 237 240 241
Print [key0:key1]: Print [key0:key1]: Print [key0:key1]: *** lower bound 119
*** upper bound 139
 119 120 121 123 124 126 128 129 130 131 132 133 134 135 136 137
Print [key0:key1]: Print [key0:key1]: *** lower bound 237
*** upper bound 350
 237 240 241 242 244 245 246 247 248 250 251 252 253 258 259 260 261 262 264 265 266 267 269 270 272 273 276 277 278 279 280 281 284 285 287 288 289 290 291 292 293 294 295 296 297 298 299 303 304 305 306 309 310 311 312 313 314 315 317 318 319 320 323 325 327 328 329 330 333 334 335 337 338 339 340 341 342 343 344 345 346 347 348 349
Print [key0:key1]: Print [key0:key1]: Print [key0:key1]: Print [key0:key1]: Print [key0:key1]: *** lower bound 55
*** upper bound 98
 55 56 58 59 60 61 62 63 64 65 66 67 69 71 72 73 76 77 80 82 83 84 85 86 88 89 90 91 92 94 95 96 97
Print [key0:key1]: Print [key0:key1]: *** lower bound 0
*** upper bound 208
 0 3 4 5 6 7 8 9 10 11 12 14 15 16 17 18 19 21 22 23 25 27 29 30 31 32 34 35 36 37 38 39 41 42 44 45 46 47 48 49 51 55 56 58 59 60 61 62 63 64 65 66 67 69 71 72 73 76 77 80 82 83 84 85 86 88 89 90 91 92 94 95 96 97 98 99 100 102 103 104 105 107 108 109 110 111 112 114 115 116 117 118 119 120 121 123 124 126 128 129 130 131 132 133 134 135 136 137 139 140 142 144 146 147 148 149 150 151 152 153 154 155 156 158 160 163 164 166 168 169 170 171 172 173 174 176 177 179 180 181 182 183 184 185 186 188 191 192 193 195 196 197 198 199 200 201 202 204 206 207
Print [key0:key1]: *** lower bound 176
*** upper bound 344
 176 177 179 180 181 182 183 184 185 186 188 191 192 193 195 196 197 198 199 200 201 202 204 206 207 208 209 211 212 213 216 217 218 220 221 222 224 225 226 228 230 231 232 233 234 236 237 240 241 242 244 245 246 247 248 250 251 252 253 258 259 260 261 262 264 265 266 267 269 270 272 273 276 277 278 279 280 281 284 285 287 288 289 290 291 292 293 294 295 296 297 298 299 303 304 305 306 309 310 311 312 313 314 315 317 318 319 320 323 325 327 328 329 330 333 334 335 337 338 339 340 341 342 343
Print [key0:key1]: Print [key0:key1]: Print [key0:key1]: Print [key0:key1]: *** lower bound 114
*** upper bound 276
 114 115 116 117 118 119 120 121 123 124 126 128 129 130 131 132 133 134 135 136 137 139 140 142 144 146 147 148 149 150 151 152 153 154 155 156 158 160 163 164 166 168 169 170 171 172 173 174 176 177 179 180 181 182 183 184 185 186 188 191 192 193 195 196 197 198 199 200 201 202 204 206 207 208 209 211 212 213 216 217 218 220 221 222 224 225 226 228 230 231 232 233 234 236 237 240 241 242 244 245 246 247 248 250 251 252 253 258 259 260 261 262 264 265 266 267 269 270 272 273
Print [key0:key1]: Print [key0:key1]: *** lower bound 0
*** upper bound 174
 0 3 4 5 6 7 8 9 10 11 12 14 15 16 17 18 19 21 22 23 25 27 29 30 31 32 34 35 36 37 38 39 41 42 44 45 46 47 48 49 51 55 56 58 59 60 61 62 63 64 65 66 67 69 71 72 73 76 77 80 82 83 84 85 86 88 89 90 91 92 94 95 96 97 98 99 100 102 103 104 105 107 108 109 110 111 112 114 115 116 117 118 119 120 121 123 124 126 128 129 130 131 132 133 134 135 136 137 139 140 142 144 146 147 148 149 150 151 152 153 154 155 156 158 160 163 164 166 168 169 170 171 172 173
Print [key0:key1]: *** lower bound 39
*** upper bound 60
 39 41 42 44 45 46 47 48 49 51 55 56 58 59
Print [key0:key1]: *** lower bound 209
*** upper bound 230
 209 211 212 213 216 217 218 220 221 222 224 225 226 228
Print [key0:key1]: Print [key0:key1]: Print [key0:key1]: *** lower bound 284
*** upper bound 325
 284 285 287 288 289 290 291 292 293 294 295 296 297 298 299 303 304 305 306 309 310 311 312 313 314 315 317 318 319 320 323
Print [key0:key1]: Print [key0:key1]: Print [key0:key1]: Print [key0:key1]: *** lower bound 130
*** upper bound 252
 130 131 132 133 134 135 136 137 139 140 142 144 146 147 148 149 150 151 152 153 154 155 156 158 160 163 164 166 168 169 170 171 172 173 174 176 177 179 180 181 182 183 184 185 186 188 191 192 193 195 196 197 198 199 200 201 202 204 206 207 208 209 211 212 213 216 217 218 220 221 222 224 225 226 228 230 231 232 233 234 236 237 240 241 242 244 245 246 247 248 250 251
Print [key0:key1]: Print [key0:key1]: Print [key0:key1]: *** lower bound 309
*** upper bound 380
 309 310 311 312 313 314 315 317 318 319 320 323 325 327 328 329 330 333 334 335 337 338 339 340 341 342 343 344 345 346 347 348 349 350 351 352 353 355 356 357 359 363 364 365 366 368 369 371 372 374 375 376 377 378
Print [key0:key1]: *** lower bound 216
*** upper bound 220
 216 217 218
Print [key0:key1]: *** lower bound 0
*** upper bound 344
 0 3 4 5 6 7 8 9 10 11 12 14 15 16 17 18 19 21 22 23 25 27 29 30 31 32 34 35 36 37 38 39 41 42 44 45 46 47 48 49 51 55 56 58 59 60 61 62 63 64 65 66 67 69 71 72 73 76 77 80 82 83 84 85 86 88 89 90 91 92 94 95 96 97 98 99 100 102 103 104 105 107 108 109 110 111 112 114 115 116 117 118 119 120 121 123 124 126 128 129 130 131 132 133 134 135 136 137 139 140 142 144 146 147 148 149 150 151 152 153 154 155 156 158 160 163 164 166 168 169 170 171 172 173 174 176 177 179 180 181 182 183 184 185 186 188 191 192 193 195 196 197 198 199 200 201 202 204 206 207 208 209 211 212 213 216 217 218 220 221 222 224 225 226 228 230 231 232 233 234 236 237 240 241 242 244 245 246 247 248 250 251 252 253 258 259 260 261 262 264 265 266 267 269 270 272 273 276 277 278 279 280 281 284 285 287 288 289 290 291 292 293 294 295 296 297 298 299 303 304 305 306 309 310 311 312 313 314 315 317 318 319 320 323 325 327 328 329 330 333 334 335 337 338 339 340 341 342 343
Print [key0:key1]: *** lower bound 55
*** upper bound 345
 55 56 58 59 60 61 62 63 64 65 66 67 69 71 72 73 76 77 80 82 83 84 85 86 88 89 90 91 92 94 95 96 97 98 99 100 102 103 104 105 107 108 109 110 111 112 114 115 116 117 118 119 120 121 123 124 126 128 129 130 131 132 133 134 135 136 137 139 140 142 144 146 147 148 149 150 151 152 153 154 155 156 158 160 163 164 166 168 169 170 171 172 173 174 176 177 179 180 181 182 183 184 185 186 188 191 192 193 195 196 197 198 199 200 201 202 204 206 207 208 209 211 212 213 216 217 218 220 221 222 224 225 226 228 230 231 232 233 234 236 237 240 241 242 244 245 246 247 248 250 251 252 253 258 259 260 261 262 264 265 266 267 269 270 272 273 276 277 278 279 280 281 284 285 287 288 289 290 291 292 293 294 295 296 297 298 299 303 304 305 306 309 310 311 312 313 314 315 317 318 319 320 323 325 327 328 329 330 333 334 335 337 338 339 340 341 342 343 344
Print [key0:key1]: *** lower bound 139
*** upper bound 139

Print [key0:key1]: Print [key0:key1]: *** lower bound 211
*** upper bound 269
 211 212 213 216 217 218 220 221 222 224 225 226 228 230 231 232 233 234 236 237 240 241 242 244 245 246 247 248 250 251 252 253 258 259 260 261 262 264 265 266 267
Print [key0:key1]: *** lower bound 107
*** upper bound 198
 107 108 109 110 111 112 114 115 116 117 118 119 120 121 123 124 126 128 129 130 131 132 133 134 135 136 137 139 140 142 144 146 147 148 149 150 151 152 153 154 155 156 158 160 163 164 166 168 169 170 171 172 173 174 176 177 179 180 181 182 183 184 185 186 188 191 192 193 195 196 197
Print [key0:key1]: *** lower bound 196
*** upper bound 276
 196 197 198 199 200 201 202 204 206 207 208 209 211 212 213 216 217 218 220 221 222 224 225 226 228 230 231 232 233 234 236 237 240 241 242 244 245 246 247 248 250 251 252 253 258 259 260 261 262 264 265 266 267 269 270 272 273
Print [key0:key1]: Print [key0:key1]: *** lower bound 132
*** upper bound 201
 132 133 134 135 136 137 139 140 142 144 146 147 148 149 150 151 152 153 154 155 156 158 160 163 164 166 168 169 170 171 172 173 174 176 177 179 180 181 182 183 184 185 186 188 191 192 193 195 196 197 198 199 200
Print [key0:key1]: *** lower bound 65
*** upper bound 231
 65 66 67 69 71 72 73 76 77 80 82 83 84 85 86 88 89 90 91 92 94 95 96 97 98 99 100 102 103 104 105 107 108 109 110 111 112 114 115 116 117 118 119 120 121 123 124 126 128 129 130 131 132 133 134 135 136 137 139 140 142 144 146 147 148 149 150 151 152 153 154 155 156 158 160 163 164 166 168 169 170 171 172 173 174 176 177 179 180 181 182 183 184 185 186 188 191 192 193 195 196 197 198 199 200 201 202 204 206 207 208 209 211 212 213 216 217 218 220 221 222 224 225 226 228 230
Print [key0:key1]: Print [key0:key1]: *** lower bound 84
*** upper bound 309
 84 85 86 88 89 90 91 92 94 95 96 97 98 99 100 102 103 104 105 107 108 109 110 111 112 114 115 116 117 118 119 120 121 123 124 126 128 129 130 131 132 133 134 135 136 137 139 140 142 144 146 147 148 149 150 151 152 153 154 155 156 158 160 163 164 166 168 169 170 171 172 173 174 176 177 179 180 181 182 183 184 185 186 188 191 192 193 195 196 197 198 199 200 201 202 204 206 207 208 209 211 212 213 216 217 218 220 221 222 224 225 226 228 230 231 232 233 234 236 237 240 241 242 244 245 246 247 248 250 251 252 253 258 259 260 261 262 264 265 266 267 269 270 272 273 276 277 278 279 280 281 284 285 287 288 289 290 291 292 293 294 295 296 297 298 299 303 304 305 306
Print [key0:key1]: *** lower bound 261
*** upper bound 342
 261 262 264 265 266 267 269 270 272 273 276 277 278 279 280 281 284 285 287 288 289 290 291 292 293 294 295 296 297 298 299 303 304 305 306 309 310 311 312 313 314 315 317 318 319 320 323 325 327 328 329 330 333 334 335 337 338 339 340 341
Print [key0:key1]: *** lower bound 206
*** upper bound 346
 206 207 208 209 211 212 213 216 217 218 220 221 222 224 225 226 228 230 231 232 233 234 236 237 240 241 242 244 245 246 247 248 250 251 252 253 258 259 260 261 262 264 265 266 267 269 270 272 273 276 277 278 279 280 281 284 285 287 288 289 290 291 292 293 294 295 296 297 298 299 303 304 305 306 309 310 311 312 313 314 315 317 318 319 320 323 325 327 328 329 330 333 334 335 337 338 339 340 341 342 343 344 345
Print [key0:key1]: *** lower bound 250
*** upper bound 253
 250 251 252
Print [key0:key1]: Print [key0:key1]: *** lower bound 276
*** upper bound 323
 276 277 278 279 280 281 284 285 287 288 289 290 291 292 293 294 295 296 297 298 299 303 304 305 306 309 310 311 312 313 314 315 317 318 319 320
Print [key0:key1]: *** lower bound 44
*** upper bound 176
 44 45 46 47 48 49 51 55 56 58 59 60 61 62 63 64 65 66 67 69 71 72 73 76 77 80 82 83 84 85 86 88 89 90 91 92 94 95 96 97 98 99 100 102 103 104 105 107 108 109 110 111 112 114 115 116 117 118 119 120 121 123 124 126 128 129 130 131 132 133 134 135 136 137 139 140 142 144 146 147 148 149 150 151 152 153 154 155 156 158 160 163 164 166 168 169 170 171 172 173 174
Print [key0:key1]: Print [key0:key1]: Print [key0:key1]: Print [key0:key1]: *** lower bound 27
*** upper bound 209
 27 29 30 31 32 34 35 36 37 38 39 41 42 44 45 46 47 48 49 51 55 56 58 59 60 61 62 63 64 65 66 67 69 71 72 73 76 77 80 82 83 84 85 86 88 89 90 91 92 94 95 96 97 98 99 100 102 103 104 105 107 108 109 110 111 112 114 115 116 117 118 119 120 121 123 124 126 128 129 130 131 132 133 134 135 136 137 139 140 142 144 146 147 148 149 150 151 152 153 154 155 156 158 160 163 164 166 168 169 170 171 172 173 174 176 177 179 180 181 182 183 184 185 186 188 191 192 193 195 196 197 198 199 200 201 202 204 206 207 208
Print [key0:key1]: *** lower bound 202
*** upper bound 303
 202 204 206 207 208 209 211 212 213 216 217 218 220 221 222 224 225 226 228 230 231 232 233 234 236 237 240 241 242 244 245 246 247 248 250 251 252 253 258 259 260 261 262 264 265 266 267 269 270 272 273 276 277 278 279 280 281 284 285 287 288 289 290 291 292 293 294 295 296 297 298 299
Print [key0:key1]: *** lower bound 192
*** upper bound 240
 192 193 195 196 197 198 199 200 201 202 204 206 207 208 209 211 212 213 216 217 218 220 221 222 224 225 226 228 230 231 232 233 234 236 237
Print [key0:key1]: Print [key0:key1]: Print [key0:key1]: Print [key0:key1]: *** lower bound 222
*** upper bound 319
 222 224 225 226 228 230 231 232 233 234 236 237 240 241 242 244 245 246 247 248 250 251 252 253 258 259 260 261 262 264 265 266 267 269 270 272 273 276 277 278 279 280 281 284 285 287 288 289 290 291 292 293 294 295 296 297 298 299 303 304 305 306 309 310 311 312 313 314 315 317 318
Print [key0:key1]: *** lower bound 216
*** upper bound 374
 216 217 218 220 221 222 224 225 226 228 230 231 232 233 234 236 237 240 241 242 244 245 246 247 248 250 251 252 253 258 259 260 261 262 264 265 266 267 269 270 272 273 276 277 278 279 280 281 284 285 287 288 289 290 291 292 293 294 295 296 297 298 299 303 304 305 306 309 310 311 312 313 314 315 317 318 319 320 323 325 327 328 329 330 333 334 335 337 338 339 340 341 342 343 344 345 346 347 348 349 350 351 352 353 355 356 357 359 363 364 365 366 368 369 371 372
Print [key0:key1]: Print [key0:key1]: Print [key0:key1]: Print [key0:key1]: Print [key0:key1]: *** lower bound 96
*** upper bound 343
 96 97 98 99 100 102 103 104 105 107 108 109 110 111 112 114 115 116 117 118 119 120 121 123 124 126 128 129 130 131 132 133 134 135 136 137 139 140 142 144 146 147 148 149 150 151 152 153 154 155 156 158 160 163 164 166 168 169 170 171 172 173 174 176 177 179 180 181 182 183 184 185 186 188 191 192 193 195 196 197 198 199 200 201 202 204 206 207 208 209 211 212 213 216 217 218 220 221 222 224 225 226 228 230 231 232 233 234 236 237 240 241 242 244 245 246 247 248 250 251 252 253 258 259 260 261 262 264 265 266 267 269 270 272 273 276 277 278 279 280 281 284 285 287 288 289 290 291 292 293 294 295 296 297 298 299 303 304 305 306 309 310 311 312 313 314 315 317 318 319 320 323 325 327 328 329 330 333 334 335 337 338 339 340 341 342
Print [key0:key1]: *** lower bound 25
*** upper bound 76
 25 27 29 30 31 32 34 35 36 37 38 39 41 42 44 45 46 47 48 49 51 55 56 58 59 60 61 62 63 64 65 66 67 69 71 72 73
Print [key0:key1]: Print [key0:key1]: *** lower bound 144
*** upper bound 258
 144 146 147 148 149 150 151 152 153 154 155 156 158 160 163 164 166 168 169 170 171 172 173 174 176 177 179 180 181 182 183 184 185 186 188 191 192 193 195 196 197 198 199 200 201 202 204 206 207 208 209 211 212 213 216 217 218 220 221 222 224 225 226 228 230 231 232 233 234 236 237 240 241 242 244 245 246 247 248 250 251 252 253
Print [key0:key1]: Print [key0:key1]: *** lower bound 334
*** upper bound 368
 334 335 337 338 339 340 341 342 343 344 345 346 347 348 349 350 351 352 353 355 356 357 359 363 364 365 366
Print [key0:key1]: Print [key0:key1]: Print [key0:key1]: Print [key0:key1]: *** lower bound 172
*** upper bound 311
 172 173 174 176 177 179 180 181 182 183 184 185 186 188 191 192 193 195 196 197 198 199 200 201 202 204 206 207 208 209 211 212 213 216 217 218 220 221 222 224 225 226 228 230 231 232 233 234 236 237 240 241 242 244 245 246 247 248 250 251 252 253 258 259 260 261 262 264 265 266 267 269 270 272 273 276 277 278 279 280 281 284 285 287 288 289 290 291 292 293 294 295 296 297 298 299 303 304 305 306 309 310
Print [key0:key1]: Print [key0:key1]: *** lower bound 204
*** upper bound 284
 204 206 207 208 209 211 212 213 216 217 218 220 221 222 224 225 226 228 230 231 232 233 234 236 237 240 241 242 244 245 246 247 248 250 251 252 253 258 259 260 261 262 264 265 266 267 269 270 272 273 276 277 278 279 280 281
Print [key0:key1]: Print [key0:key1]: *** lower bound 82
*** upper bound 298
 82 83 84 85 86 88 89 90 91 92 94 95 96 97 98 99 100 102 103 104 105 107 108 109 110 111 112 114 115 116 117 118 119 120 121 123 124 126 128 129 130 131 132 133 134 135 136 137 139 140 142 144 146 147 148 149 150 151 152 153 154 155 156 158 160 163 164 166 168 169 170 171 172 173 174 176 177 179 180 181 182 183 184 185 186 188 191 192 193 195 196 197 198 199 200 201 202 204 206 207 208 209 211 212 213 216 217 218 220 221 222 224 225 226 228 230 231 232 233 234 236 237 240 241 242 244 245 246 247 248 250 251 252 253 258 259 260 261 262 264 265 266 267 269 270 272 273 276 277 278 279 280 281 284 285 287 288 289 290 291 292 293 294 295 296 297
Print [key0:key1]: Print [key0:key1]: Print [key0:key1]: *** lower bound 134
*** upper bound 284
 134 135 136 137 139 140 142 144 146 147 148 149 150 151 152 153 154 155 156 158 160 163 164 166 168 169 170 171 172 173 174 176 177 179 180 181 182 183 184 185 186 188 191 192 193 195 196 197 198 199 200 201 202 204 206 207 208 209 211 212 213 216 217 218 220 221 222 224 225 226 228 230 231 232 233 234 236 237 240 241 242 244 245 246 247 248 250 251 252 253 258 259 260 261 262 264 265 266 267 269 270 272 273 276 277 278 279 280 281
Print [key0:key1]: *** lower bound 55
*** upper bound 97
 55 56 58 59 60 61 62 63 64 65 66 67 69 71 72 73 76 77 80 82 83 84 85 86 88 89 90 91 92 94 95 96
Print [key0:key1]: Print [key0:key1]: *** lower bound 303
*** upper bound 371
 303 304 305 306 309 310 311 312 313 314 315 317 318 319 320 323 325 327 328 329 330 333 334 335 337 338 339 340 341 342 343 344 345 346 347 348 349 350 351 352 353 355 356 357 359 363 364 365 366 368 369
Print [key0:key1]: Print [key0:key1]: *** lower bound 60
*** upper bound 216
 60 61 62 63 64 65 66 67 69 71 72 73 76 77 80 82 83 84 85 86 88 89 90 91 92 94 95 96 97 98 99 100 102 103 104 105 107 108 109 110 111 112 114 115 116 117 118 119 120 121 123 124 126 128 129 130 131 132 133 134 135 136 137 139 140 142 144 146 147 148 149 150 151 152 153 154 155 156 158 160 163 164 166 168 169 170 171 172 173 174 176 177 179 180 181 182 183 184 185 186 188 191 192 193 195 196 197 198 199 200 201 202 204 206 207 208 209 211 212 213
Print [key0:key1]: *** lower bound 36
*** upper bound 204
 36 37 38 39 41 42 44 45 46 47 48 49 51 55 56 58 59 60 61 62 63 64 65 66 67 69 71 72 73 76 77 80 82 83 84 85 86 88 89 90 91 92 94 95 96 97 98 99 100 102 103 104 105 107 108 109 110 111 112 114 115 116 117 118 119 120 121 123 124 126 128 129 130 131 132 133 134 135 136 137 139 140 142 144 146 147 148 149 150 151 152 153 154 155 156 158 160 163 164 166 168 169 170 171 172 173 174 176 177 179 180 181 182 183 184 185 186 188 191 192 193 195 196 197 198 199 200 201 202
Print [key0:key1]: *** lower bound 82
*** upper bound 375
 82 83 84 85 86 88 89 90 91 92 94 95 96 97 98 99 100 102 103 104 105 107 108 109 110 111 112 114 115 116 117 118 119 120 121 123 124 126 128 129 130 131 132 133 134 135 136 137 139 140 142 144 146 147 148 149 150 151 152 153 154 155 156 158 160 163 164 166 168 169 170 171 172 173 174 176 177 179 180 181 182 183 184 185 186 188 191 192 193 195 196 197 198 199 200 201 202 204 206 207 208 209 211 212 213 216 217 218 220 221 222 224 225 226 228 230 231 232 233 234 236 237 240 241 242 244 245 246 247 248 250 251 252 253 258 259 260 261 262 264 265 266 267 269 270 272 273 276 277 278 279 280 281 284 285 287 288 289 290 291 292 293 294 295 296 297 298 299 303 304 305 306 309 310 311 312 313 314 315 317 318 319 320 323 325 327 328 329 330 333 334 335 337 338 339 340 341 342 343 344 345 346 347 348 349 350 351 352 353 355 356 357 359 363 364 365 366 368 369 371 372 374
Print [key0:key1]: Print [key0:key1]: Print [key0:key1]: *** lower bound 71
*** upper bound 294
 71 72 73 76 77 80 82 83 84 85 86 88 89 90 91 92 94 95 96 97 98 99 100 102 103 104 105 107 108 109 110 111 112 114 115 116 117 118 119 120 121 123 124 126 128 129 130 131 132 133 134 135 136 137 139 140 142 144 146 147 148 149 150 151 152 153 154 155 156 158 160 163 164 166 168 169 170 171 172 173 174 176 177 179 180 181 182 183 184 185 186 188 191 192 193 195 196 197 198 199 200 201 202 204 206 207 208 209 211 212 213 216 217 218 220 221 222 224 225 226 228 230 231 232 233 234 236 237 240 241 242 244 245 246 247 248 250 251 252 253 258 259 260 261 262 264 265 266 267 269 270 272 273 276 277 278 279 280 281 284 285 287 288 289 290 291 292 293
Print [key0:key1]: *** lower bound 174
*** upper bound 347
 174 176 177 179 180 181 182 183 184 185 186 188 191 192 193 195 196 197 198 199 200 201 202 204 206 207 208 209 211 212 213 216 217 218 220 221 222 224 225 226 228 230 231 232 233 234 236 237 240 241 242 244 245 246 247 248 250 251 252 253 258 259 260 261 262 264 265 266 267 269 270 272 273 276 277 278 279 280 281 284 285 287 288 289 290 291 292 293 294 295 296 297 298 299 303 304 305 306 309 310 311 312 313 314 315 317 318 319 320 323 325 327 328 329 330 333 334 335 337 338 339 340 341 342 343 344 345 346
Print [key0:key1]: *** lower bound 69
*** upper bound 276
 69 71 72 73 76 77 80 82 83 84 85 86 88 89 90 91 92 94 95 96 97 98 99 100 102 103 104 105 107 108 109 110 111 112 114 115 116 117 118 119 120 121 123 124 126 128 129 130 131 132 133 134 135 136 137 139 140 142 144 146 147 148 149 150 151 152 153 154 155 156 158 160 163 164 166 168 169 170 171 172 173 174 176 177 179 180 181 182 183 184 185 186 188 191 192 193 195 196 197 198 199 200 201 202 204 206 207 208 209 211 212 213 216 217 218 220 221 222 224 225 226 228 230 231 232 233 234 236 237 240 241 242 244 245 246 247 248 250 251 252 253 258 259 260 261 262 264 265 266 267 269 270 272 273
Print [key0:key1]: *** lower bound 14
*** upper bound 55
 14 15 16 17 18 19 21 22 23 25 27 29 30 31 32 34 35 36 37 38 39 41 42 44 45 46 47 48 49 51
Print [key0:key1]: Print [key0:key1]: Print [key0:key1]: *** lower bound 108
*** upper bound 124
 108 109 110 111 112 114 115 116 117 118 119 120 121 123
Print [key0:key1]: Print [key0:key1]: *** lower bound 14
*** upper bound 311
 14 15 16 17 18 19 21 22 23 25 27 29 30 31 32 34 35 36 37 38 39 41 42 44 45 46 47 48 49 51 55 56 58 59 60 61 62 63 64 65 66 67 69 71 72 73 76 77 80 82 83 84 85 86 88 89 90 91 92 94 95 96 97 98 99 100 102 103 104 105 107 108 109 110 111 112 114 115 116 117 118 119 120 121 123 124 126 128 129 130 131 132 133 134 135 136 137 139 140 142 144 146 147 148 149 150 151 152 153 154 155 156 158 160 163 164 166 168 169 170 171 172 173 174 176 177 179 180 181 182 183 184 185 186 188 191 192 193 195 196 197 198 199 200 201 202 204 206 207 208 209 211 212 213 216 217 218 220 221 222 224 225 226 228 230 231 232 233 234 236 237 240 241 242 244 245 246 247 248 250 251 252 253 258 259 260 261 262 264 265 266 267 269 270 272 273 276 277 278 279 280 281 284 285 287 288 289 290 291 292 293 294 295 296 297 298 299 303 304 305 306 309 310
Print [key0:key1]: Print [key0:key1]: Print [key0:key1]: Print [key0:key1]: *** lower bound 30
*** upper bound 204
 30 31 32 34 35 36 37 38 39 41 42 44 45 46 47 48 49 51 55 56 58 59 60 61 62 63 64 65 66 67 69 71 72 73 76 77 80 82 83 84 85 86 88 89 90 91 92 94 95 96 97 98 99 100 102 103 104 105 107 108 109 110 111 112 114 115 116 117 118 119 120 121 123 124 126 128 129 130 131 132 133 134 135 136 137 139 140 142 144 146 147 148 149 150 151 152 153 154 155 156 158 160 163 164 166 168 169 170 171 172 173 174 176 177 179 180 181 182 183 184 185 186 188 191 192 193 195 196 197 198 199 200 201 202
Print [key0:key1]: Print [key0:key1]: Print [key0:key1]: Print [key0:key1]: *** lower bound 236
*** upper bound 290
 236 237 240 241 242 244 245 246 247 248 250 251 252 253 258 259 260 261 262 264 265 266 267 269 270 272 273 276 277 278 279 280 281 284 285 287 288 289
Print [key0:key1]: Print [key0:key1]: *** lower bound 41
*** upper bound 304
 41 42 44 45 46 47 48 49 51 55 56 58 59 60 61 62 63 64 65 66 67 69 71 72 73 76 77 80 82 83 84 85 86 88 89 90 91 92 94 95 96 97 98 99 100 102 103 104 105 107 108 109 110 111 112 114 115 116 117 118 119 120 121 123 124 126 128 129 130 131 132 133 134 135 136 137 139 140 142 144 146 147 148 149 150 151 152 153 154 155 156 158 160 163 164 166 168 169 170 171 172 173 174 176 177 179 180 181 182 183 184 185 186 188 191 192 193 195 196 197 198 199 200 201 202 204 206 207 208 209 211 212 213 216 217 218 220 221 222 224 225 226 228 230 231 232 233 234 236 237 240 241 242 244 245 246 247 248 250 251 252 253 258 259 260 261 262 264 265 266 267 269 270 272 273 276 277 278 279 280 281 284 285 287 288 289 290 291 292 293 294 295 296 297 298 299 303
Print [key0:key1]: *** lower bound 58
*** upper bound 293
 58 59 60 61 62 63 64 65 66 67 69 71 72 73 76 77 80 82 83 84 85 86 88 89 90 91 92 94 95 96 97 98 99 100 102 103 104 105 107 108 109 110 111 112 114 115 116 117 118 119 120 121 123 124 126 128 129 130 131 132 133 134 135 136 137 139 140 142 144 146 147 148 149 150 151 152 153 154 155 156 158 160 163 164 166 168 169 170 171 172 173 174 176 177 179 180 181 182 183 184 185 186 188 191 192 193 195 196 197 198 199 200 201 202 204 206 207 208 209 211 212 213 216 217 218 220 221 222 224 225 226 228 230 231 232 233 234 236 237 240 241 242 244 245 246 247 248 250 251 252 253 258 259 260 261 262 264 265 266 267 269 270 272 273 276 277 278 279 280 281 284 285 287 288 289 290 291 292
Print [key0:key1]: *** lower bound 128
*** upper bound 144
 128 129 130 131 132 133 134 135 136 137 139 140 142
Print [key0:key1]: *** lower bound 90
*** upper bound 248
 90 91 92 94 95 96 97 98 99 100 102 103 104 105 107 108 109 110 111 112 114 115 116 117 118 119 120 121 123 124 126 128 129 130 131 132 133 134 135 136 137 139 140 142 144 146 147 148 149 150 151 152 153 154 155 156 158 160 163 164 166 168 169 170 171 172 173 174 176 177 179 180 181 182 183 184 185 186 188 191 192 193 195 196 197 198 199 200 201 202 204 206 207 208 209 211 212 213 216 217 218 220 221 222 224 225 226 228 230 231 232 233 234 236 237 240 241 242 244 245 246 247
Print [key0:key1]: Print [key0:key1]: Print [key0:key1]: Print [key0:key1]: *** lower bound 199
*** upper bound 264
 199 200 201 202 204 206 207 208 209 211 212 213 216 217 218 220 221 222 224 225 226 228 230 231 232 233 234 236 237 240 241 242 244 245 246 247 248 250 251 252 253 258 259 260 261 262
Print [key0:key1]: Print [key0:key1]: *** lower bound 41
*** upper bound 179
 41 42 44 45 46 47 48 49 51 55 56 58 59 60 61 62 63 64 65 66 67 69 71 72 73 76 77 80 82 83 84 85 86 88 89 90 91 92 94 95 96 97 98 99 100 102 103 104 105 107 108 109 110 111 112 114 115 116 117 118 119 120 121 123 124 126 128 129 130 131 132 133 134 135 136 137 139 140 142 144 146 147 148 149 150 151 152 153 154 155 156 158 160 163 164 166 168 169 170 171 172 173 174 176 177
Print [key0:key1]: *** lower bound 191
*** upper bound 304
 191 192 193 195 196 197 198 199 200 201 202 204 206 207 208 209 211 212 213 216 217 218 220 221 222 224 225 226 228 230 231 232 233 234 236 237 240 241 242 244 245 246 247 248 250 251 252 253 258 259 260 261 262 264 265 266 267 269 270 272 273 276 277 278 279 280 281 284 285 287 288 289 290 291 292 293 294 295 296 297 298 299 303
Print [key0:key1]: *** lower bound 144
*** upper bound 179
 144 146 147 148 149 150 151 152 153 154 155 156 158 160 163 164 166 168 169 170 171 172 173 174 176 177
Print [key0:key1]: *** lower bound 77
*** upper bound 196
 77 80 82 83 84 85 86 88 89 90 91 92 94 95 96 97 98 99 100 102 103 104 105 107 108 109 110 111 112 114 115 116 117 118 119 120 121 123 124 126 128 129 130 131 132 133 134 135 136 137 139 140 142 144 146 147 148 149 150 151 152 153 154 155 156 158 160 163 164 166 168 169 170 171 172 173 174 176 177 179 180 181 182 183 184 185 186 188 191 192 193 195
Print [key0:key1]: *** lower bound 55
*** upper bound 266
 55 56 58 59 60 61 62 63 64 65 66 67 69 71 72 73 76 77 80 82 83 84 85 86 88 89 90 91 92 94 95 96 97 98 99 100 102 103 104 105 107 108 109 110 111 112 114 115 116 117 118 119 120 121 123 124 126 128 129 130 131 132 133 134 135 136 137 139 140 142 144 146 147 148 149 150 151 152 153 154 155 156 158 160 163 164 166 168 169 170 171 172 173 174 176 177 179 180 181 182 183 184 185 186 188 191 192 193 195 196 197 198 199 200 201 202 204 206 207 208 209 211 212 213 216 217 218 220 221 222 224 225 226 228 230 231 232 233 234 236 237 240 241 242 244 245 246 247 248 250 251 252 253 258 259 260 261 262 264 265
Print [key0:key1]: *** lower bound 0
*** upper bound 3
 0
Print [key0:key1]: *** lower bound 104
*** upper bound 310
 104 105 107 108 109 110 111 112 114 115 116 117 118 119 120 121 123 124 126 128 129 130 131 132 133 134 135 136 137 139 140 142 144 146 147 148 149 150 151 152 153 154 155 156 158 160 163 164 166 168 169 170 171 172 173 174 176 177 179 180 181 182 183 184 185 186 188 191 192 193 195 196 197 198 199 200 201 202 204 206 207 208 209 211 212 213 216 217 218 220 221 222 224 225 226 228 230 231 232 233 234 236 237 240 241 242 244 245 246 247 248 250 251 252 253 258 259 260 261 262 264 265 266 267 269 270 272 273 276 277 278 279 280 281 284 285 287 288 289 290 291 292 293 294 295 296 297 298 299 303 304 305 306 309
Print [key0:key1]: Print [key0:key1]: Print [key0:key1]: Print [key0:key1]: *** lower bound 111
*** upper bound 334
 111 112 114 115 116 117 118 119 120 121 123 124 126 128 129 130 131 132 133 134 135 136 137 139 140 142 144 146 147 148 149 150 151 152 153 154 155 156 158 160 163 164 166 168 169 170 171 172 173 174 176 177 179 180 181 182 183 184 185 186 188 191 192 193 195 196 197 198 199 200 201 202 204 206 207 208 209 211 212 213 216 217 218 220 221 222 224 225 226 228 230 231 232 233 234 236 237 240 241 242 244 245 246 247 248 250 251 252 253 258 259 260 261 262 264 265 266 267 269 270 272 273 276 277 278 279 280 281 284 285 287 288 289 290 291 292 293 294 295 296 297 298 299 303 304 305 306 309 310 311 312 313 314 315 317 318 319 320 323 325 327 328 329 330 333
Print [key0:key1]: Print [key0:key1]: *** lower bound 107
*** upper bound 204
 107 108 109 110 111 112 114 115 116 117 118 119 120 121 123 124 126 128 129 130 131 132 133 134 135 136 137 139 140 142 144 146 147 148 149 150 151 152 153 154 155 156 158 160 163 164 166 168 169 170 171 172 173 174 176 177 179 180 181 182 183 184 185 186 188 191 192 193 195 196 197 198 199 200 201 202
Print [key0:key1]: *** lower bound 37
*** upper bound 137
 37 38 39 41 42 44 45 46 47 48 49 51 55 56 58 59 60 61 62 63 64 65 66 67 69 71 72 73 76 77 80 82 83 84 85 86 88 89 90 91 92 94 95 96 97 98 99 100 102 103 104 105 107 108 109 110 111 112 114 115 116 117 118 119 120 121 123 124 126 128 129 130 131 132 133 134 135 136
Print [key0:key1]: Print [key0:key1]: *** lower bound 83
*** upper bound 211
 83 84 85 86 88 89 90 91 92 94 95 96 97 98 99 100 102 103 104 105 107 108 109 110 111 112 114 115 116 117 118 119 120 121 123 124 126 128 129 130 131 132 133 134 135 136 137 139 140 142 144 146 147 148 149 150 151 152 153 154 155 156 158 160 163 164 166 168 169 170 171 172 173 174 176 177 179 180 181 182 183 184 185 186 188 191 192 193 195 196 197 198 199 200 201 202 204 206 207 208 209
Print [key0:key1]: Print [key0:key1]: *** lower bound 124
*** upper bound 126
 124
Print [key0:key1]: *** lower bound 72
*** upper bound 181
 72 73 76 77 80 82 83 84 85 86 88 89 90 91 92 94 95 96 97 98 99 100 102 103 104 105 107 108 109 110 111 112 114 115 116 117 118 119 120 121 123 124 126 128 129 130 131 132 133 134 135 136 137 139 140 142 144 146 147 148 149 150 151 152 153 154 155 156 158 160 163 164 166 168 169 170 171 172 173 174 176 177 179 180
Print [key0:key1]: *** lower bound 102
*** upper bound 182
 102 103 104 105 107 108 109 110 111 112 114 115 116 117 118 119 120 121 123 124 126 128 129 130 131 132 133 134 135 136 137 139 140 142 144 146 147 148 149 150 151 152 153 154 155 156 158 160 163 164 166 168 169 170 171 172 173 174 176 177 179 180 181
Print [key0:key1]: *** lower bound 132
*** upper bound 184
 132 133 134 135 136 137 139 140 142 144 146 147 148 149 150 151 152 153 154 155 156 158 160 163 164 166 168 169 170 171 172 173 174 176 177 179 180 181 182 183
Print [key0:key1]: Print [key0:key1]: *** lower bound 114
*** upper bound 371
 114 115 116 117 118 119 120 121 123 124 126 128 129 130 131 132 133 134 135 136 137 139 140 142 144 146 147 148 149 150 151 152 153 154 155 156 158 160 163 164 166 168 169 170 171 172 173 174 176 177 179 180 181 182 183 184 185 186 188 191 192 193 195 196 197 198 199 200 201 202 204 206 207 208 209 211 212 213 216 217 218 220 221 222 224 225 226 228 230 231 232 233 234 236 237 240 241 242 244 245 246 247 248 250 251 252 253 258 259 260 261 262 264 265 266 267 269 270 272 273 276 277 278 279 280 281 284 285 287 288 289 290 291 292 293 294 295 296 297 298 299 303 304 305 306 309 310 311 312 313 314 315 317 318 319 320 323 325 327 328 329 330 333 334 335 337 338 339 340 341 342 343 344 345 346 347 348 349 350 351 352 353 355 356 357 359 363 364 365 366 368 369
Print [key0:key1]: Print [key0:key1]: *** lower bound 146
*** upper bound 323
 146 147 148 149 150 151 152 153 154 155 156 158 160 163 164 166 168 169 170 171 172 173 174 176 177 179 180 181 182 183 184 185 186 188 191 192 193 195 196 197 198 199 200 201 202 204 206 207 208 209 211 212 213 216 217 218 220 221 222 224 225 226 228 230 231 232 233 234 236 237 240 241 242 244 245 246 247 248 250 251 252 253 258 259 260 261 262 264 265 266 267 269 270 272 273 276 277 278 279 280 281 284 285 287 288 289 290 291 292 293 294 295 296 297 298 299 303 304 305 306 309 310 311 312 313 314 315 317 318 319 320
Print [key0:key1]: Print [key0:key1]: Print [key0:key1]: Print [key0:key1]: *** lower bound 171
*** upper bound 323
 171 172 173 174 176 177 179 180 181 182 183 184 185 186 188 191 192 193 195 196 197 198 199 200 201 202 204 206 207 208 209 211 212 213 216 217 218 220 221 222 224 225 226 228 230 231 232 233 234 236 237 240 241 242 244 245 246 247 248 250 251 252 253 258 259 260 261 262 264 265 266 267 269 270 272 273 276 277 278 279 280 281 284 285 287 288 289 290 291 292 293 294 295 296 297 298 299 303 304 305 306 309 310 311 312 313 314 315 317 318 319 320
Print [key0:key1]: Print [key0:key1]: *** lower bound 86
*** upper bound 248
 86 88 89 90 91 92 94 95 96 97 98 99 100 102 103 104 105 107 108 109 110 111 112 114 115 116 117 118 119 120 121 123 124 126 128 129 130 131 132 133 134 135 136 137 139 140 142 144 146 147 148 149 150 151 152 153 154 155 156 158 160 163 164 166 168 169 170 171 172 173 174 176 177 179 180 181 182 183 184 185 186 188 191 192 193 195 196 197 198 199 200 201 202 204 206 207 208 209 211 212 213 216 217 218 220 221 222 224 225 226 228 230 231 232 233 234 236 237 240 241 242 244 245 246 247
Print [key0:key1]: *** lower bound 258
*** upper bound 320
 258 259 260 261 262 264 265 266 267 269 270 272 273 276 277 278 279 280 281 284 285 287 288 289 290 291 292 293 294 295 296 297 298 299 303 304 305 306 309 310 311 312 313 314 315 317 318 319
Print [key0:key1]: *** lower bound 110
*** upper bound 246
 110 111 112 114 115 116 117 118 119 120 121 123 124 126 128 129 130 131 132 133 134 135 136 137 139 140 142 144 146 147 148 149 150 151 152 153 154 155 156 158 160 163 164 166 168 169 170 171 172 173 174 176 177 179 180 181 182 183 184 185 186 188 191 192 193 195 196 197 198 199 200 201 202 204 206 207 208 209 211 212 213 216 217 218 220 221 222 224 225 226 228 230 231 232 233 234 236 237 240 241 242 244 245
Print [key0:key1]: Print [key0:key1]: *** lower bound 186
*** upper bound 272
 186 188 191 192 193 195 196 197 198 199 200 201 202 204 206 207 208 209 211 212 213 216 217 218 220 221 222 224 225 226 228 230 231 232 233 234 236 237 240 241 242 244 245 246 247 248 250 251 252 253 258 259 260 261 262 264 265 266 267 269 270
Print [key0:key1]: *** lower bound 12
*** upper bound 132
 12 14 15 16 17 18 19 21 22 23 25 27 29 30 31 32 34 35 36 37 38 39 41 42 44 45 46 47 48 49 51 55 56 58 59 60 61 62 63 64 65 66 67 69 71 72 73 76 77 80 82 83 84 85 86 88 89 90 91 92 94 95 96 97 98 99 100 102 103 104 105 107 108 109 110 111 112 114 115 116 117 118 119 120 121 123 124 126 128 129 130 131
Print [key0:key1]: 
