 0 1 3 4 5 6 7 8 9 10 11 14 15 18 20 21 22 23 24 27 28 29 30 31 32 33 34 37 39 40 41 42 43 44 45 46 47 48 49 50 53 54 56 57 60 61 62 63 66 67 68 69 71 72 73 74 75 76 79 80 84 86 87 88 89 90 91 92 93 94 95 97 98 99 100 102 103 104 106 107 108 109 110 111 112 113 115 116 118 119 120 122 123 125 127 128 129 130 131 132 133 134 135 136 137 139 141 142 143 144 145 147 149 150 151 152 154 155 156 158 159 160 161 162 164 165 167 168 169 171 172 175 179 180 183 184 185 186 187 188 189 190 191 192 193 194 195 196 197 198 201 202 206 207 208 210 211 212 214 215 216 217 218 219 220 221 222 223 224 226 228 229 231 232 233 235 236 237 240 241 242 243 246 247 248 250 251 252 253 255 256 257 258 259 260 261 262 263 264 265 266 267 268 269 272 273 274 275 276 277 278 279 280 282 284 285 286 287 288 289 290 291 292 293 294 295 297 301 302 304 305 306 307 308 309 310 313 314 315 316 317 318 319 320 322 323 324 326 327 328 329 330 331 332 333 334 335 336 337 339 340 341 342 343 344 345 346 347 349 350 354 355 356 357 358 359 360 363 364 366 370 371 373 376 377 379 380 381 383 386 387 388 389 393 394 396 397 401 402 404 405 407 408 413 414 415 416 417 418 420 421 423 424 425 426 427 428 429 430 432 433 435 437 438 439 440 441 442 443 445 446 447 448 449 450 452 453 455 456 457 458 459 461 462 464 465 466 467 468 469 470 472 475 476 477 479 480 481 483 484 485 486 487 488 489 490 491 493 495 496 497 498 501 504 505 506 507 509 510 511 512 513 514 516 517 519 520 521 522 523 524 525 526 527 528 530 534 535 536 537 538 540 541 542 543 544 545 547 548 549 550 551 552 553 554 556 557 559 560 561 563 564 565 567 568 569 570 573 574 575 576 577 578 579 580 581 582 583 584 585 586 587 589 590 591 592 595 596 597 600
Print [key0:key1]: Print [key0:key1]: Print [key0:key1]: *** lower bound 0
*** upper bound 84
 0 1 3 4 5 6 7 8 9 10 11 14 15 18 20 21 22 23 24 27 28 29 30 31 32 33 34 37 39 40 41 42 43 44 45 46 47 48 49 50 53 54 56 57 60 61 62 63 66 67 68 69 71 72 73 74 75 76 79 80
Print [key0:key1]: *** lower bound 18
*** upper bound 71
 18 20 21 22 23 24 27 28 29 30 31 32 33 34 37 39 40 41 42 43 44 45 46 47 48 49 50 53 54 56 57 60 61 62 63 66 67 68 69
Print [key0:key1]: *** lower bound 349
*** upper bound 416
 349 350 354 355 356 357 358 359 360 363 364 366 370 371 373 376 377 379 380 381 383 386 387 388 389 393 394 396 397 401 402 404 405 407 408 413 414 415
Print [key0:key1]: Print [key0:key1]: Print [key0:key1]: *** lower bound 226
*** upper bound 246
 226 228 229 231 232 233 235 236 237 240 241 242 243
Print [key0:key1]: Print [key0:key1]: Print [key0:key1]: Print [key0:key1]: *** lower bound 37
*** upper bound 257
 37 39 40 41 42 43 44 45 46 47 48 49 50 53 54 56 57 60 61 62 63 66 67 68 69 71 72 73 74 75 76 79 80 84 86 87 88 89 90 91 92 93 94 95 97 98 99 100 102 103 104 106 107 108 109 110 111 112 113 115 116 118 119 120 122 123 125 127 128 129 130 131 132 133 134 135 136 137 139 141 142 143 144 145 147 149 150 151 152 154 155 156 158 159 160 161 162 164 165 167 168 169 171 172 175 179 180 183 184 185 186 187 188 189 190 191 192 193 194 195 196 197 198 201 202 206 207 208 210 211 212 214 215 216 217 218 219 220 221 222 223 224 226 228 229 231 232 233 235 236 237 240 241 242 243 246 247 248 250 251 252 253 255 256
Print [key0:key1]: Print [key0:key1]: *** lower bound 294
*** upper bound 324
 294 295 297 301 302 304 305 306 307 308 309 310 313 314 315 316 317 318 319 320 322 323
Print [key0:key1]: *** lower bound 137
*** upper bound 413
 137 139 141 142 143 144 145 147 149 150 151 152 154 155 156 158 159 160 161 162 164 165 167 168 169 171 172 175 179 180 183 184 185 186 187 188 189 190 191 192 193 194 195 196 197 198 201 202 206 207 208 210 211 212 214 215 216 217 218 219 220 221 222 223 224 226 228 229 231 232 233 235 236 237 240 241 242 243 246 247 248 250 251 252 253 255 256 257 258 259 260 261 262 263 264 265 266 267 268 269 272 273 274 275 276 277 278 279 280 282 284 285 286 287 288 289 290 291 292 293 294 295 297 301 302 304 305 306 307 308 309 310 313 314 315 316 317 318 319 320 322 323 324 326 327 328 329 330 331 332 333 334 335 336 337 339 340 341 342 343 344 345 346 347 349 350 354 355 356 357 358 359 360 363 364 366 370 371 373 376 377 379 380 381 383 386 387 388 389 393 394 396 397 401 402 404 405 407 408
Print [key0:key1]: *** lower bound 39
*** upper bound 387
 39 40 41 42 43 44 45 46 47 48 49 50 53 54 56 57 60 61 62 63 66 67 68 69 71 72 73 74 75 76 79 80 84 86 87 88 89 90 91 92 93 94 95 97 98 99 100 102 103 104 106 107 108 109 110 111 112 113 115 116 118 119 120 122 123 125 127 128 129 130 131 132 133 134 135 136 137 139 141 142 143 144 145 147 149 150 151 152 154 155 156 158 159 160 161 162 164 165 167 168 169 171 172 175 179 180 183 184 185 186 187 188 189 190 191 192 193 194 195 196 197 198 201 202 206 207 208 210 211 212 214 215 216 217 218 219 220 221 222 223 224 226 228 229 231 232 233 235 236 237 240 241 242 243 246 247 248 250 251 252 253 255 256 257 258 259 260 261 262 263 264 265 266 267 268 269 272 273 274 275 276 277 278 279 280 282 284 285 286 287 288 289 290 291 292 293 294 295 297 301 302 304 305 306 307 308 309 310 313 314 315 316 317 318 319 320 322 323 324 326 327 328 329 330 331 332 333 334 335 336 337 339 340 341 342 343 344 345 346 347 349 350 354 355 356 357 358 359 360 363 364 366 370 371 373 376 377 379 380 381 383 386
Print [key0:key1]: *** lower bound 98
*** upper bound 445
 98 99 100 102 103 104 106 107 108 109 110 111 112 113 115 116 118 119 120 122 123 125 127 128 129 130 131 132 133 134 135 136 137 139 141 142 143 144 145 147 149 150 151 152 154 155 156 158 159 160 161 162 164 165 167 168 169 171 172 175 179 180 183 184 185 186 187 188 189 190 191 192 193 194 195 196 197 198 201 202 206 207 208 210 211 212 214 215 216 217 218 219 220 221 222 223 224 226 228 229 231 232 233 235 236 237 240 241 242 243 246 247 248 250 251 252 253 255 256 257 258 259 260 261 262 263 264 265 266 267 268 269 272 273 274 275 276 277 278 279 280 282 284 285 286 287 288 289 290 291 292 293 294 295 297 301 302 304 305 306 307 308 309 310 313 314 315 316 317 318 319 320 322 323 324 326 327 328 329 330 331 332 333 334 335 336 337 339 340 341 342 343 344 345 346 347 349 350 354 355 356 357 358 359 360 363 364 366 370 371 373 376 377 379 380 381 383 386 387 388 389 393 394 396 397 401 402 404 405 407 408 413 414 415 416 417 418 420 421 423 424 425 426 427 428 429 430 432 433 435 437 438 439 440 441 442 443
Print [key0:key1]: Print [key0:key1]: Print [key0:key1]: *** lower bound 151
*** upper bound 197
 151 152 154 155 156 158 159 160 161 162 164 165 167 168 169 171 172 175 179 180 183 184 185 186 187 188 189 190 191 192 193 194 195 196
Print [key0:key1]: Print [key0:key1]: Print [key0:key1]: *** lower bound 301
*** upper bound 435
 301 302 304 305 306 307 308 309 310 313 314 315 316 317 318 319 320 322 323 324 326 327 328 329 330 331 332 333 334 335 336 337 339 340 341 342 343 344 345 346 347 349 350 354 355 356 357 358 359 360 363 364 366 370 371 373 376 377 379 380 381 383 386 387 388 389 393 394 396 397 401 402 404 405 407 408 413 414 415 416 417 418 420 421 423 424 425 426 427 428 429 430 432 433
Print [key0:key1]: Print [key0:key1]: Print [key0:key1]: Print [key0:key1]: *** lower bound 147
*** upper bound 269
 147 149 150 151 152 154 155 156 158 159 160 161 162 164 165 167 168 169 171 172 175 179 180 183 184 185 186 187 188 189 190 191 192 193 194 195 196 197 198 201 202 206 207 208 210 211 212 214 215 216 217 218 219 220 221 222 223 224 226 228 229 231 232 233 235 236 237 240 241 242 243 246 247 248 250 251 252 253 255 256 257 258 259 260 261 262 263 264 265 266 267 268
Print [key0:key1]: *** lower bound 379
*** upper bound 423
 379 380 381 383 386 387 388 389 393 394 396 397 401 402 404 405 407 408 413 414 415 416 417 418 420 421
Print [key0:key1]: Print [key0:key1]: *** lower bound 39
*** upper bound 401
 39 40 41 42 43 44 45 46 47 48 49 50 53 54 56 57 60 61 62 63 66 67 68 69 71 72 73 74 75 76 79 80 84 86 87 88 89 90 91 92 93 94 95 97 98 99 100 102 103 104 106 107 108 109 110 111 112 113 115 116 118 119 120 122 123 125 127 128 129 130 131 132 133 134 135 136 137 139 141 142 143 144 145 147 149 150 151 152 154 155 156 158 159 160 161 162 164 165 167 168 169 171 172 175 179 180 183 184 185 186 187 188 189 190 191 192 193 194 195 196 197 198 201 202 206 207 208 210 211 212 214 215 216 217 218 219 220 221 222 223 224 226 228 229 231 232 233 235 236 237 240 241 242 243 246 247 248 250 251 252 253 255 256 257 258 259 260 261 262 263 264 265 266 267 268 269 272 273 274 275 276 277 278 279 280 282 284 285 286 287 288 289 290 291 292 293 294 295 297 301 302 304 305 306 307 308 309 310 313 314 315 316 317 318 319 320 322 323 324 326 327 328 329 330 331 332 333 334 335 336 337 339 340 341 342 343 344 345 346 347 349 350 354 355 356 357 358 359 360 363 364 366 370 371 373 376 377 379 380 381 383 386 387 388 389 393 394 396 397
Print [key0:key1]: *** lower bound 116
*** upper bound 248
 116 118 119 120 122 123 125 127 128 129 130 131 132 133 134 135 136 137 139 141 142 143 144 145 147 149 150 151 152 154 155 156 158 159 160 161 162 164 165 167 168 169 171 172 175 179 180 183 184 185 186 187 188 189 190 191 192 193 194 195 196 197 198 201 202 206 207 208 210 211 212 214 215 216 217 218 219 220 221 222 223 224 226 228 229 231 232 233 235 236 237 240 241 242 243 246 247
Print [key0:key1]: *** lower bound 220
*** upper bound 282
 220 221 222 223 224 226 228 229 231 232 233 235 236 237 240 241 242 243 246 247 248 250 251 252 253 255 256 257 258 259 260 261 262 263 264 265 266 267 268 269 272 273 274 275 276 277 278 279 280
Print [key0:key1]: *** lower bound 175
*** upper bound 363
 175 179 180 183 184 185 186 187 188 189 190 191 192 193 194 195 196 197 198 201 202 206 207 208 210 211 212 214 215 216 217 218 219 220 221 222 223 224 226 228 229 231 232 233 235 236 237 240 241 242 243 246 247 248 250 251 252 253 255 256 257 258 259 260 261 262 263 264 265 266 267 268 269 272 273 274 275 276 277 278 279 280 282 284 285 286 287 288 289 290 291 292 293 294 295 297 301 302 304 305 306 307 308 309 310 313 314 315 316 317 318 319 320 322 323 324 326 327 328 329 330 331 332 333 334 335 336 337 339 340 341 342 343 344 345 346 347 349 350 354 355 356 357 358 359 360
Print [key0:key1]: *** lower bound 363
*** upper bound 376
 363 364 366 370 371 373
Print [key0:key1]: *** lower bound 5
*** upper bound 396
 5 6 7 8 9 10 11 14 15 18 20 21 22 23 24 27 28 29 30 31 32 33 34 37 39 40 41 42 43 44 45 46 47 48 49 50 53 54 56 57 60 61 62 63 66 67 68 69 71 72 73 74 75 76 79 80 84 86 87 88 89 90 91 92 93 94 95 97 98 99 100 102 103 104 106 107 108 109 110 111 112 113 115 116 118 119 120 122 123 125 127 128 129 130 131 132 133 134 135 136 137 139 141 142 143 144 145 147 149 150 151 152 154 155 156 158 159 160 161 162 164 165 167 168 169 171 172 175 179 180 183 184 185 186 187 188 189 190 191 192 193 194 195 196 197 198 201 202 206 207 208 210 211 212 214 215 216 217 218 219 220 221 222 223 224 226 228 229 231 232 233 235 236 237 240 241 242 243 246 247 248 250 251 252 253 255 256 257 258 259 260 261 262 263 264 265 266 267 268 269 272 273 274 275 276 277 278 279 280 282 284 285 286 287 288 289 290 291 292 293 294 295 297 301 302 304 305 306 307 308 309 310 313 314 315 316 317 318 319 320 322 323 324 326 327 328 329 330 331 332 333 334 335 336 337 339 340 341 342 343 344 345 346 347 349 350 354 355 356 357 358 359 360 363 364 366 370 371 373 376 377 379 380 381 383 386 387 388 389 393 394
Print [key0:key1]: Print [key0:key1]: Print [key0:key1]: *** lower bound 46
*** upper bound 162
 46 47 48 49 50 53 54 56 57 60 61 62 63 66 67 68 69 71 72 73 74 75 76 79 80 84 86 87 88 89 90 91 92 93 94 95 97 98 99 100 102 103 104 106 107 108 109 110 111 112 113 115 116 118 119 120 122 123 125 127 128 129 130 131 132 133 134 135 136 137 139 141 142 143 144 145 147 149 150 151 152 154 155 156 158 159 160 161
Print [key0:key1]: *** lower bound 53
*** upper bound 349
 53 54 56 57 60 61 62 63 66 67 68 69 71 72 73 74 75 76 79 80 84 86 87 88 89 90 91 92 93 94 95 97 98 99 100 102 103 104 106 107 108 109 110 111 112 113 115 116 118 119 120 122 123 125 127 128 129 130 131 132 133 134 135 136 137 139 141 142 143 144 145 147 149 150 151 152 154 155 156 158 159 160 161 162 164 165 167 168 169 171 172 175 179 180 183 184 185 186 187 188 189 190 191 192 193 194 195 196 197 198 201 202 206 207 208 210 211 212 214 215 216 217 218 219 220 221 222 223 224 226 228 229 231 232 233 235 236 237 240 241 242 243 246 247 248 250 251 252 253 255 256 257 258 259 260 261 262 263 264 265 266 267 268 269 272 273 274 275 276 277 278 279 280 282 284 285 286 287 288 289 290 291 292 293 294 295 297 301 302 304 305 306 307 308 309 310 313 314 315 316 317 318 319 320 322 323 324 326 327 328 329 330 331 332 333 334 335 336 337 339 340 341 342 343 344 345 346 347
Print [key0:key1]: *** lower bound 53
*** upper bound 326
 53 54 56 57 60 61 62 63 66 67 68 69 71 72 73 74 75 76 79 80 84 86 87 88 89 90 91 92 93 94 95 97 98 99 100 102 103 104 106 107 108 109 110 111 112 113 115 116 118 119 120 122 123 125 127 128 129 130 131 132 133 134 135 136 137 139 141 142 143 144 145 147 149 150 151 152 154 155 156 158 159 160 161 162 164 165 167 168 169 171 172 175 179 180 183 184 185 186 187 188 189 190 191 192 193 194 195 196 197 198 201 202 206 207 208 210 211 212 214 215 216 217 218 219 220 221 222 223 224 226 228 229 231 232 233 235 236 237 240 241 242 243 246 247 248 250 251 252 253 255 256 257 258 259 260 261 262 263 264 265 266 267 268 269 272 273 274 275 276 277 278 279 280 282 284 285 286 287 288 289 290 291 292 293 294 295 297 301 302 304 305 306 307 308 309 310 313 314 315 316 317 318 319 320 322 323 324
Print [key0:key1]: Print [key0:key1]: *** lower bound 0
*** upper bound 464
 0 1 3 4 5 6 7 8 9 10 11 14 15 18 20 21 22 23 24 27 28 29 30 31 32 33 34 37 39 40 41 42 43 44 45 46 47 48 49 50 53 54 56 57 60 61 62 63 66 67 68 69 71 72 73 74 75 76 79 80 84 86 87 88 89 90 91 92 93 94 95 97 98 99 100 102 103 104 106 107 108 109 110 111 112 113 115 116 118 119 120 122 123 125 127 128 129 130 131 132 133 134 135 136 137 139 141 142 143 144 145 147 149 150 151 152 154 155 156 158 159 160 161 162 164 165 167 168 169 171 172 175 179 180 183 184 185 186 187 188 189 190 191 192 193 194 195 196 197 198 201 202 206 207 208 210 211 212 214 215 216 217 218 219 220 221 222 223 224 226 228 229 231 232 233 235 236 237 240 241 242 243 246 247 248 250 251 252 253 255 256 257 258 259 260 261 262 263 264 265 266 267 268 269 272 273 274 275 276 277 278 279 280 282 284 285 286 287 288 289 290 291 292 293 294 295 297 301 302 304 305 306 307 308 309 310 313 314 315 316 317 318 319 320 322 323 324 326 327 328 329 330 331 332 333 334 335 336 337 339 340 341 342 343 344 345 346 347 349 350 354 355 356 357 358 359 360 363 364 366 370 371 373 376 377 379 380 381 383 386 387 388 389 393 394 396 397 401 402 404 405 407 408 413 414 415 416 417 418 420 421 423 424 425 426 427 428 429 430 432 433 435 437 438 439 440 441 442 443 445 446 447 448 449 450 452 453 455 456 457 458 459 461 462
Print [key0:key1]: Print [key0:key1]: *** lower bound 401
*** upper bound 414
 401 402 404 405 407 408 413
Print [key0:key1]: *** lower bound 4
*** upper bound 469
 4 5 6 7 8 9 10 11 14 15 18 20 21 22 23 24 27 28 29 30 31 32 33 34 37 39 40 41 42 43 44 45 46 47 48 49 50 53 54 56 57 60 61 62 63 66 67 68 69 71 72 73 74 75 76 79 80 84 86 87 88 89 90 91 92 93 94 95 97 98 99 100 102 103 104 106 107 108 109 110 111 112 113 115 116 118 119 120 122 123 125 127 128 129 130 131 132 133 134 135 136 137 139 141 142 143 144 145 147 149 150 151 152 154 155 156 158 159 160 161 162 164 165 167 168 169 171 172 175 179 180 183 184 185 186 187 188 189 190 191 192 193 194 195 196 197 198 201 202 206 207 208 210 211 212 214 215 216 217 218 219 220 221 222 223 224 226 228 229 231 232 233 235 236 237 240 241 242 243 246 247 248 250 251 252 253 255 256 257 258 259 260 261 262 263 264 265 266 267 268 269 272 273 274 275 276 277 278 279 280 282 284 285 286 287 288 289 290 291 292 293 294 295 297 301 302 304 305 306 307 308 309 310 313 314 315 316 317 318 319 320 322 323 324 326 327 328 329 330 331 332 333 334 335 336 337 339 340 341 342 343 344 345 346 347 349 350 354 355 356 357 358 359 360 363 364 366 370 371 373 376 377 379 380 381 383 386 387 388 389 393 394 396 397 401 402 404 405 407 408 413 414 415 416 417 418 420 421 423 424 425 426 427 428 429 430 432 433 435 437 438 439 440 441 442 443 445 446 447 448 449 450 452 453 455 456 457 458 459 461 462 464 465 466 467 468
Print [key0:key1]: *** lower bound 167
*** upper bound 284
 167 168 169 171 172 175 179 180 183 184 185 186 187 188 189 190 191 192 193 194 195 196 197 198 201 202 206 207 208 210 211 212 214 215 216 217 218 219 220 221 222 223 224 226 228 229 231 232 233 235 236 237 240 241 242 243 246 247 248 250 251 252 253 255 256 257 258 259 260 261 262 263 264 265 266 267 268 269 272 273 274 275 276 277 278 279 280 282
Print [key0:key1]: *** lower bound 0
*** upper bound 149
 0 1 3 4 5 6 7 8 9 10 11 14 15 18 20 21 22 23 24 27 28 29 30 31 32 33 34 37 39 40 41 42 43 44 45 46 47 48 49 50 53 54 56 57 60 61 62 63 66 67 68 69 71 72 73 74 75 76 79 80 84 86 87 88 89 90 91 92 93 94 95 97 98 99 100 102 103 104 106 107 108 109 110 111 112 113 115 116 118 119 120 122 123 125 127 128 129 130 131 132 133 134 135 136 137 139 141 142 143 144 145 147
Print [key0:key1]: *** lower bound 84
*** upper bound 428
 84 86 87 88 89 90 91 92 93 94 95 97 98 99 100 102 103 104 106 107 108 109 110 111 112 113 115 116 118 119 120 122 123 125 127 128 129 130 131 132 133 134 135 136 137 139 141 142 143 144 145 147 149 150 151 152 154 155 156 158 159 160 161 162 164 165 167 168 169 171 172 175 179 180 183 184 185 186 187 188 189 190 191 192 193 194 195 196 197 198 201 202 206 207 208 210 211 212 214 215 216 217 218 219 220 221 222 223 224 226 228 229 231 232 233 235 236 237 240 241 242 243 246 247 248 250 251 252 253 255 256 257 258 259 260 261 262 263 264 265 266 267 268 269 272 273 274 275 276 277 278 279 280 282 284 285 286 287 288 289 290 291 292 293 294 295 297 301 302 304 305 306 307 308 309 310 313 314 315 316 317 318 319 320 322 323 324 326 327 328 329 330 331 332 333 334 335 336 337 339 340 341 342 343 344 345 346 347 349 350 354 355 356 357 358 359 360 363 364 366 370 371 373 376 377 379 380 381 383 386 387 388 389 393 394 396 397 401 402 404 405 407 408 413 414 415 416 417 418 420 421 423 424 425 426 427
Print [key0:key1]: *** lower bound 10
*** upper bound 228
 10 11 14 15 18 20 21 22 23 24 27 28 29 30 31 32 33 34 37 39 40 41 42 43 44 45 46 47 48 49 50 53 54 56 57 60 61 62 63 66 67 68 69 71 72 73 74 75 76 79 80 84 86 87 88 89 90 91 92 93 94 95 97 98 99 100 102 103 104 106 107 108 109 110 111 112 113 115 116 118 119 120 122 123 125 127 128 129 130 131 132 133 134 135 136 137 139 141 142 143 144 145 147 149 150 151 152 154 155 156 158 159 160 161 162 164 165 167 168 169 171 172 175 179 180 183 184 185 186 187 188 189 190 191 192 193 194 195 196 197 198 201 202 206 207 208 210 211 212 214 215 216 217 218 219 220 221 222 223 224 226
Print [key0:key1]: Print [key0:key1]: *** lower bound 92
*** upper bound 240
 92 93 94 95 97 98 99 100 102 103 104 106 107 108 109 110 111 112 113 115 116 118 119 120 122 123 125 127 128 129 130 131 132 133 134 135 136 137 139 141 142 143 144 145 147 149 150 151 152 154 155 156 158 159 160 161 162 164 165 167 168 169 171 172 175 179 180 183 184 185 186 187 188 189 190 191 192 193 194 195 196 197 198 201 202 206 207 208 210 211 212 214 215 216 217 218 219 220 221 222 223 224 226 228 229 231 232 233 235 236 237
Print [key0:key1]: Print [key0:key1]: *** lower bound 3
*** upper bound 306
 3 4 5 6 7 8 9 10 11 14 15 18 20 21 22 23 24 27 28 29 30 31 32 33 34 37 39 40 41 42 43 44 45 46 47 48 49 50 53 54 56 57 60 61 62 63 66 67 68 69 71 72 73 74 75 76 79 80 84 86 87 88 89 90 91 92 93 94 95 97 98 99 100 102 103 104 106 107 108 109 110 111 112 113 115 116 118 119 120 122 123 125 127 128 129 130 131 132 133 134 135 136 137 139 141 142 143 144 145 147 149 150 151 152 154 155 156 158 159 160 161 162 164 165 167 168 169 171 172 175 179 180 183 184 185 186 187 188 189 190 191 192 193 194 195 196 197 198 201 202 206 207 208 210 211 212 214 215 216 217 218 219 220 221 222 223 224 226 228 229 231 232 233 235 236 237 240 241 242 243 246 247 248 250 251 252 253 255 256 257 258 259 260 261 262 263 264 265 266 267 268 269 272 273 274 275 276 277 278 279 280 282 284 285 286 287 288 289 290 291 292 293 294 295 297 301 302 304 305
Print [key0:key1]: *** lower bound 246
*** upper bound 262
 246 247 248 250 251 252 253 255 256 257 258 259 260 261
Print [key0:key1]: *** lower bound 212
*** upper bound 228
 212 214 215 216 217 218 219 220 221 222 223 224 226
Print [key0:key1]: Print [key0:key1]: Print [key0:key1]: *** lower bound 3
*** upper bound 305
 3 4 5 6 7 8 9 10 11 14 15 18 20 21 22 23 24 27 28 29 30 31 32 33 34 37 39 40 41 42 43 44 45 46 47 48 49 50 53 54 56 57 60 61 62 63 66 67 68 69 71 72 73 74 75 76 79 80 84 86 87 88 89 90 91 92 93 94 95 97 98 99 100 102 103 104 106 107 108 109 110 111 112 113 115 116 118 119 120 122 123 125 127 128 129 130 131 132 133 134 135 136 137 139 141 142 143 144 145 147 149 150 151 152 154 155 156 158 159 160 161 162 164 165 167 168 169 171 172 175 179 180 183 184 185 186 187 188 189 190 191 192 193 194 195 196 197 198 201 202 206 207 208 210 211 212 214 215 216 217 218 219 220 221 222 223 224 226 228 229 231 232 233 235 236 237 240 241 242 243 246 247 248 250 251 252 253 255 256 257 258 259 260 261 262 263 264 265 266 267 268 269 272 273 274 275 276 277 278 279 280 282 284 285 286 287 288 289 290 291 292 293 294 295 297 301 302 304
Print [key0:key1]: *** lower bound 47
*** upper bound 179
 47 48 49 50 53 54 56 57 60 61 62 63 66 67 68 69 71 72 73 74 75 76 79 80 84 86 87 88 89 90 91 92 93 94 95 97 98 99 100 102 103 104 106 107 108 109 110 111 112 113 115 116 118 119 120 122 123 125 127 128 129 130 131 132 133 134 135 136 137 139 141 142 143 144 145 147 149 150 151 152 154 155 156 158 159 160 161 162 164 165 167 168 169 171 172 175
Print [key0:key1]: Print [key0:key1]: Print [key0:key1]: *** lower bound 128
*** upper bound 401
 128 129 130 131 132 133 134 135 136 137 139 141 142 143 144 145 147 149 150 151 152 154 155 156 158 159 160 161 162 164 165 167 168 169 171 172 175 179 180 183 184 185 186 187 188 189 190 191 192 193 194 195 196 197 198 201 202 206 207 208 210 211 212 214 215 216 217 218 219 220 221 222 223 224 226 228 229 231 232 233 235 236 237 240 241 242 243 246 247 248 250 251 252 253 255 256 257 258 259 260 261 262 263 264 265 266 267 268 269 272 273 274 275 276 277 278 279 280 282 284 285 286 287 288 289 290 291 292 293 294 295 297 301 302 304 305 306 307 308 309 310 313 314 315 316 317 318 319 320 322 323 324 326 327 328 329 330 331 332 333 334 335 336 337 339 340 341 342 343 344 345 346 347 349 350 354 355 356 357 358 359 360 363 364 366 370 371 373 376 377 379 380 381 383 386 387 388 389 393 394 396 397
Print [key0:key1]: Print [key0:key1]: *** lower bound 175
*** upper bound 404
 175 179 180 183 184 185 186 187 188 189 190 191 192 193 194 195 196 197 198 201 202 206 207 208 210 211 212 214 215 216 217 218 219 220 221 222 223 224 226 228 229 231 232 233 235 236 237 240 241 242 243 246 247 248 250 251 252 253 255 256 257 258 259 260 261 262 263 264 265 266 267 268 269 272 273 274 275 276 277 278 279 280 282 284 285 286 287 288 289 290 291 292 293 294 295 297 301 302 304 305 306 307 308 309 310 313 314 315 316 317 318 319 320 322 323 324 326 327 328 329 330 331 332 333 334 335 336 337 339 340 341 342 343 344 345 346 347 349 350 354 355 356 357 358 359 360 363 364 366 370 371 373 376 377 379 380 381 383 386 387 388 389 393 394 396 397 401 402
Print [key0:key1]: *** lower bound 229
*** upper bound 289
 229 231 232 233 235 236 237 240 241 242 243 246 247 248 250 251 252 253 255 256 257 258 259 260 261 262 263 264 265 266 267 268 269 272 273 274 275 276 277 278 279 280 282 284 285 286 287 288
Print [key0:key1]: *** lower bound 370
*** upper bound 420
 370 371 373 376 377 379 380 381 383 386 387 388 389 393 394 396 397 401 402 404 405 407 408 413 414 415 416 417 418
Print [key0:key1]: *** lower bound 231
*** upper bound 357
 231 232 233 235 236 237 240 241 242 243 246 247 248 250 251 252 253 255 256 257 258 259 260 261 262 263 264 265 266 267 268 269 272 273 274 275 276 277 278 279 280 282 284 285 286 287 288 289 290 291 292 293 294 295 297 301 302 304 305 306 307 308 309 310 313 314 315 316 317 318 319 320 322 323 324 326 327 328 329 330 331 332 333 334 335 336 337 339 340 341 342 343 344 345 346 347 349 350 354 355 356
Print [key0:key1]: *** lower bound 68
*** upper bound 265
 68 69 71 72 73 74 75 76 79 80 84 86 87 88 89 90 91 92 93 94 95 97 98 99 100 102 103 104 106 107 108 109 110 111 112 113 115 116 118 119 120 122 123 125 127 128 129 130 131 132 133 134 135 136 137 139 141 142 143 144 145 147 149 150 151 152 154 155 156 158 159 160 161 162 164 165 167 168 169 171 172 175 179 180 183 184 185 186 187 188 189 190 191 192 193 194 195 196 197 198 201 202 206 207 208 210 211 212 214 215 216 217 218 219 220 221 222 223 224 226 228 229 231 232 233 235 236 237 240 241 242 243 246 247 248 250 251 252 253 255 256 257 258 259 260 261 262 263 264
Print [key0:key1]: *** lower bound 33
*** upper bound 171
 33 34 37 39 40 41 42 43 44 45 46 47 48 49 50 53 54 56 57 60 61 62 63 66 67 68 69 71 72 73 74 75 76 79 80 84 86 87 88 89 90 91 92 93 94 95 97 98 99 100 102 103 104 106 107 108 109 110 111 112 113 115 116 118 119 120 122 123 125 127 128 129 130 131 132 133 134 135 136 137 139 141 142 143 144 145 147 149 150 151 152 154 155 156 158 159 160 161 162 164 165 167 168 169
Print [key0:key1]: *** lower bound 260
*** upper bound 291
 260 261 262 263 264 265 266 267 268 269 272 273 274 275 276 277 278 279 280 282 284 285 286 287 288 289 290
Print [key0:key1]: Print [key0:key1]: *** lower bound 6
*** upper bound 313
 6 7 8 9 10 11 14 15 18 20 21 22 23 24 27 28 29 30 31 32 33 34 37 39 40 41 42 43 44 45 46 47 48 49 50 53 54 56 57 60 61 62 63 66 67 68 69 71 72 73 74 75 76 79 80 84 86 87 88 89 90 91 92 93 94 95 97 98 99 100 102 103 104 106 107 108 109 110 111 112 113 115 116 118 119 120 122 123 125 127 128 129 130 131 132 133 134 135 136 137 139 141 142 143 144 145 147 149 150 151 152 154 155 156 158 159 160 161 162 164 165 167 168 169 171 172 175 179 180 183 184 185 186 187 188 189 190 191 192 193 194 195 196 197 198 201 202 206 207 208 210 211 212 214 215 216 217 218 219 220 221 222 223 224 226 228 229 231 232 233 235 236 237 240 241 242 243 246 247 248 250 251 252 253 255 256 257 258 259 260 261 262 263 264 265 266 267 268 269 272 273 274 275 276 277 278 279 280 282 284 285 286 287 288 289 290 291 292 293 294 295 297 301 302 304 305 306 307 308 309 310
Print [key0:key1]: *** lower bound 97
*** upper bound 360
 97 98 99 100 102 103 104 106 107 108 109 110 111 112 113 115 116 118 119 120 122 123 125 127 128 129 130 131 132 133 134 135 136 137 139 141 142 143 144 145 147 149 150 151 152 154 155 156 158 159 160 161 162 164 165 167 168 169 171 172 175 179 180 183 184 185 186 187 188 189 190 191 192 193 194 195 196 197 198 201 202 206 207 208 210 211 212 214 215 216 217 218 219 220 221 222 223 224 226 228 229 231 232 233 235 236 237 240 241 242 243 246 247 248 250 251 252 253 255 256 257 258 259 260 261 262 263 264 265 266 267 268 269 272 273 274 275 276 277 278 279 280 282 284 285 286 287 288 289 290 291 292 293 294 295 297 301 302 304 305 306 307 308 309 310 313 314 315 316 317 318 319 320 322 323 324 326 327 328 329 330 331 332 333 334 335 336 337 339 340 341 342 343 344 345 346 347 349 350 354 355 356 357 358 359
Print [key0:key1]: Print [key0:key1]: Print [key0:key1]: Print [key0:key1]: *** lower bound 319
*** upper bound 376
 319 320 322 323 324 326 327 328 329 330 331 332 333 334 335 336 337 339 340 341 342 343 344 345 346 347 349 350 354 355 356 357 358 359 360 363 364 366 370 371 373
Print [key0:key1]: *** lower bound 57
*** upper bound 110
 57 60 61 62 63 66 67 68 69 71 72 73 74 75 76 79 80 84 86 87 88 89 90 91 92 93 94 95 97 98 99 100 102 103 104 106 107 108 109
Print [key0:key1]: Print [key0:key1]: Print [key0:key1]: Print [key0:key1]: Print [key0:key1]: Print [key0:key1]: *** lower bound 175
*** upper bound 267
 175 179 180 183 184 185 186 187 188 189 190 191 192 193 194 195 196 197 198 201 202 206 207 208 210 211 212 214 215 216 217 218 219 220 221 222 223 224 226 228 229 231 232 233 235 236 237 240 241 242 243 246 247 248 250 251 252 253 255 256 257 258 259 260 261 262 263 264 265 266
Print [key0:key1]: *** lower bound 18
*** upper bound 72
 18 20 21 22 23 24 27 28 29 30 31 32 33 34 37 39 40 41 42 43 44 45 46 47 48 49 50 53 54 56 57 60 61 62 63 66 67 68 69 71
Print [key0:key1]: Print [key0:key1]: *** lower bound 167
*** upper bound 256
 167 168 169 171 172 175 179 180 183 184 185 186 187 188 189 190 191 192 193 194 195 196 197 198 201 202 206 207 208 210 211 212 214 215 216 217 218 219 220 221 222 223 224 226 228 229 231 232 233 235 236 237 240 241 242 243 246 247 248 250 251 252 253 255
Print [key0:key1]: *** lower bound 122
*** upper bound 430
 122 123 125 127 128 129 130 131 132 133 134 135 136 137 139 141 142 143 144 145 147 149 150 151 152 154 155 156 158 159 160 161 162 164 165 167 168 169 171 172 175 179 180 183 184 185 186 187 188 189 190 191 192 193 194 195 196 197 198 201 202 206 207 208 210 211 212 214 215 216 217 218 219 220 221 222 223 224 226 228 229 231 232 233 235 236 237 240 241 242 243 246 247 248 250 251 252 253 255 256 257 258 259 260 261 262 263 264 265 266 267 268 269 272 273 274 275 276 277 278 279 280 282 284 285 286 287 288 289 290 291 292 293 294 295 297 301 302 304 305 306 307 308 309 310 313 314 315 316 317 318 319 320 322 323 324 326 327 328 329 330 331 332 333 334 335 336 337 339 340 341 342 343 344 345 346 347 349 350 354 355 356 357 358 359 360 363 364 366 370 371 373 376 377 379 380 381 383 386 387 388 389 393 394 396 397 401 402 404 405 407 408 413 414 415 416 417 418 420 421 423 424 425 426 427 428 429
Print [key0:key1]: Print [key0:key1]: Print [key0:key1]: Print [key0:key1]: Print [key0:key1]: Print [key0:key1]: *** lower bound 233
*** upper bound 455
 233 235 236 237 240 241 242 243 246 247 248 250 251 252 253 255 256 257 258 259 260 261 262 263 264 265 266 267 268 269 272 273 274 275 276 277 278 279 280 282 284 285 286 287 288 289 290 291 292 293 294 295 297 301 302 304 305 306 307 308 309 310 313 314 315 316 317 318 319 320 322 323 324 326 327 328 329 330 331 332 333 334 335 336 337 339 340 341 342 343 344 345 346 347 349 350 354 355 356 357 358 359 360 363 364 366 370 371 373 376 377 379 380 381 383 386 387 388 389 393 394 396 397 401 402 404 405 407 408 413 414 415 416 417 418 420 421 423 424 425 426 427 428 429 430 432 433 435 437 438 439 440 441 442 443 445 446 447 448 449 450 452 453
Print [key0:key1]: Print [key0:key1]: Print [key0:key1]: *** lower bound 197
*** upper bound 246
 197 198 201 202 206 207 208 210 211 212 214 215 216 217 218 219 220 221 222 223 224 226 228 229 231 232 233 235 236 237 240 241 242 243
Print [key0:key1]: Print [key0:key1]: Print [key0:key1]: *** lower bound 233
*** upper bound 354
 233 235 236 237 240 241 242 243 246 247 248 250 251 252 253 255 256 257 258 259 260 261 262 263 264 265 266 267 268 269 272 273 274 275 276 277 278 279 280 282 284 285 286 287 288 289 290 291 292 293 294 295 297 301 302 304 305 306 307 308 309 310 313 314 315 316 317 318 319 320 322 323 324 326 327 328 329 330 331 332 333 334 335 336 337 339 340 341 342 343 344 345 346 347 349 350
Print [key0:key1]: *** lower bound 235
*** upper bound 349
 235 236 237 240 241 242 243 246 247 248 250 251 252 253 255 256 257 258 259 260 261 262 263 264 265 266 267 268 269 272 273 274 275 276 277 278 279 280 282 284 285 286 287 288 289 290 291 292 293 294 295 297 301 302 304 305 306 307 308 309 310 313 314 315 316 317 318 319 320 322 323 324 326 327 328 329 330 331 332 333 334 335 336 337 339 340 341 342 343 344 345 346 347
Print [key0:key1]: *** lower bound 0
*** upper bound 159
 0 1 3 4 5 6 7 8 9 10 11 14 15 18 20 21 22 23 24 27 28 29 30 31 32 33 34 37 39 40 41 42 43 44 45 46 47 48 49 50 53 54 56 57 60 61 62 63 66 67 68 69 71 72 73 74 75 76 79 80 84 86 87 88 89 90 91 92 93 94 95 97 98 99 100 102 103 104 106 107 108 109 110 111 112 113 115 116 118 119 120 122 123 125 127 128 129 130 131 132 133 134 135 136 137 139 141 142 143 144 145 147 149 150 151 152 154 155 156 158
Print [key0:key1]: *** lower bound 0
*** upper bound 231
 0 1 3 4 5 6 7 8 9 10 11 14 15 18 20 21 22 23 24 27 28 29 30 31 32 33 34 37 39 40 41 42 43 44 45 46 47 48 49 50 53 54 56 57 60 61 62 63 66 67 68 69 71 72 73 74 75 76 79 80 84 86 87 88 89 90 91 92 93 94 95 97 98 99 100 102 103 104 106 107 108 109 110 111 112 113 115 116 118 119 120 122 123 125 127 128 129 130 131 132 133 134 135 136 137 139 141 142 143 144 145 147 149 150 151 152 154 155 156 158 159 160 161 162 164 165 167 168 169 171 172 175 179 180 183 184 185 186 187 188 189 190 191 192 193 194 195 196 197 198 201 202 206 207 208 210 211 212 214 215 216 217 218 219 220 221 222 223 224 226 228 229
Print [key0:key1]: Print [key0:key1]: *** lower bound 168
*** upper bound 381
 168 169 171 172 175 179 180 183 184 185 186 187 188 189 190 191 192 193 194 195 196 197 198 201 202 206 207 208 210 211 212 214 215 216 217 218 219 220 221 222 223 224 226 228 229 231 232 233 235 236 237 240 241 242 243 246 247 248 250 251 252 253 255 256 257 258 259 260 261 262 263 264 265 266 267 268 269 272 273 274 275 276 277 278 279 280 282 284 285 286 287 288 289 290 291 292 293 294 295 297 301 302 304 305 306 307 308 309 310 313 314 315 316 317 318 319 320 322 323 324 326 327 328 329 330 331 332 333 334 335 336 337 339 340 341 342 343 344 345 346 347 349 350 354 355 356 357 358 359 360 363 364 366 370 371 373 376 377 379 380
Print [key0:key1]: *** lower bound 61
*** upper bound 402
 61 62 63 66 67 68 69 71 72 73 74 75 76 79 80 84 86 87 88 89 90 91 92 93 94 95 97 98 99 100 102 103 104 106 107 108 109 110 111 112 113 115 116 118 119 120 122 123 125 127 128 129 130 131 132 133 134 135 136 137 139 141 142 143 144 145 147 149 150 151 152 154 155 156 158 159 160 161 162 164 165 167 168 169 171 172 175 179 180 183 184 185 186 187 188 189 190 191 192 193 194 195 196 197 198 201 202 206 207 208 210 211 212 214 215 216 217 218 219 220 221 222 223 224 226 228 229 231 232 233 235 236 237 240 241 242 243 246 247 248 250 251 252 253 255 256 257 258 259 260 261 262 263 264 265 266 267 268 269 272 273 274 275 276 277 278 279 280 282 284 285 286 287 288 289 290 291 292 293 294 295 297 301 302 304 305 306 307 308 309 310 313 314 315 316 317 318 319 320 322 323 324 326 327 328 329 330 331 332 333 334 335 336 337 339 340 341 342 343 344 345 346 347 349 350 354 355 356 357 358 359 360 363 364 366 370 371 373 376 377 379 380 381 383 386 387 388 389 393 394 396 397 401
Print [key0:key1]: Print [key0:key1]: *** lower bound 306
*** upper bound 413
 306 307 308 309 310 313 314 315 316 317 318 319 320 322 323 324 326 327 328 329 330 331 332 333 334 335 336 337 339 340 341 342 343 344 345 346 347 349 350 354 355 356 357 358 359 360 363 364 366 370 371 373 376 377 379 380 381 383 386 387 388 389 393 394 396 397 401 402 404 405 407 408
Print [key0:key1]: *** lower bound 275
*** upper bound 442
 275 276 277 278 279 280 282 284 285 286 287 288 289 290 291 292 293 294 295 297 301 302 304 305 306 307 308 309 310 313 314 315 316 317 318 319 320 322 323 324 326 327 328 329 330 331 332 333 334 335 336 337 339 340 341 342 343 344 345 346 347 349 350 354 355 356 357 358 359 360 363 364 366 370 371 373 376 377 379 380 381 383 386 387 388 389 393 394 396 397 401 402 404 405 407 408 413 414 415 416 417 418 420 421 423 424 425 426 427 428 429 430 432 433 435 437 438 439 440 441
Print [key0:key1]: Print [key0:key1]: *** lower bound 21
*** upper bound 175
 21 22 23 24 27 28 29 30 31 32 33 34 37 39 40 41 42 43 44 45 46 47 48 49 50 53 54 56 57 60 61 62 63 66 67 68 69 71 72 73 74 75 76 79 80 84 86 87 88 89 90 91 92 93 94 95 97 98 99 100 102 103 104 106 107 108 109 110 111 112 113 115 116 118 119 120 122 123 125 127 128 129 130 131 132 133 134 135 136 137 139 141 142 143 144 145 147 149 150 151 152 154 155 156 158 159 160 161 162 164 165 167 168 169 171 172
Print [key0:key1]: Print [key0:key1]: *** lower bound 179
*** upper bound 237
 179 180 183 184 185 186 187 188 189 190 191 192 193 194 195 196 197 198 201 202 206 207 208 210 211 212 214 215 216 217 218 219 220 221 222 223 224 226 228 229 231 232 233 235 236
Print [key0:key1]: *** lower bound 24
*** upper bound 198
 24 27 28 29 30 31 32 33 34 37 39 40 41 42 43 44 45 46 47 48 49 50 53 54 56 57 60 61 62 63 66 67 68 69 71 72 73 74 75 76 79 80 84 86 87 88 89 90 91 92 93 94 95 97 98 99 100 102 103 104 106 107 108 109 110 111 112 113 115 116 118 119 120 122 123 125 127 128 129 130 131 132 133 134 135 136 137 139 141 142 143 144 145 147 149 150 151 152 154 155 156 158 159 160 161 162 164 165 167 168 169 171 172 175 179 180 183 184 185 186 187 188 189 190 191 192 193 194 195 196 197
Print [key0:key1]: *** lower bound 123
*** upper bound 433
 123 125 127 128 129 130 131 132 133 134 135 136 137 139 141 142 143 144 145 147 149 150 151 152 154 155 156 158 159 160 161 162 164 165 167 168 169 171 172 175 179 180 183 184 185 186 187 188 189 190 191 192 193 194 195 196 197 198 201 202 206 207 208 210 211 212 214 215 216 217 218 219 220 221 222 223 224 226 228 229 231 232 233 235 236 237 240 241 242 243 246 247 248 250 251 252 253 255 256 257 258 259 260 261 262 263 264 265 266 267 268 269 272 273 274 275 276 277 278 279 280 282 284 285 286 287 288 289 290 291 292 293 294 295 297 301 302 304 305 306 307 308 309 310 313 314 315 316 317 318 319 320 322 323 324 326 327 328 329 330 331 332 333 334 335 336 337 339 340 341 342 343 344 345 346 347 349 350 354 355 356 357 358 359 360 363 364 366 370 371 373 376 377 379 380 381 383 386 387 388 389 393 394 396 397 401 402 404 405 407 408 413 414 415 416 417 418 420 421 423 424 425 426 427 428 429 430 432
Print [key0:key1]: *** lower bound 53
*** upper bound 208
 53 54 56 57 60 61 62 63 66 67 68 69 71 72 73 74 75 76 79 80 84 86 87 88 89 90 91 92 93 94 95 97 98 99 100 102 103 104 106 107 108 109 110 111 112 113 115 116 118 119 120 122 123 125 127 128 129 130 131 132 133 134 135 136 137 139 141 142 143 144 145 147 149 150 151 152 154 155 156 158 159 160 161 162 164 165 167 168 169 171 172 175 179 180 183 184 185 186 187 188 189 190 191 192 193 194 195 196 197 198 201 202 206 207
Print [key0:key1]: Print [key0:key1]: Print [key0:key1]: Print [key0:key1]: *** lower bound 29
*** upper bound 246
 29 30 31 32 33 34 37 39 40 41 42 43 44 45 46 47 48 49 50 53 54 56 57 60 61 62 63 66 67 68 69 71 72 73 74 75 76 79 80 84 86 87 88 89 90 91 92 93 94 95 97 98 99 100 102 103 104 106 107 108 109 110 111 112 113 115 116 118 119 120 122 123 125 127 128 129 130 131 132 133 134 135 136 137 139 141 142 143 144 145 147 149 150 151 152 154 155 156 158 159 160 161 162 164 165 167 168 169 171 172 175 179 180 183 184 185 186 187 188 189 190 191 192 193 194 195 196 197 198 201 202 206 207 208 210 211 212 214 215 216 217 218 219 220 221 222 223 224 226 228 229 231 232 233 235 236 237 240 241 242 243
Print [key0:key1]: Print [key0:key1]: Print [key0:key1]: Print [key0:key1]: *** lower bound 0
*** upper bound 396
 0 1 3 4 5 6 7 8 9 10 11 14 15 18 20 21 22 23 24 27 28 29 30 31 32 33 34 37 39 40 41 42 43 44 45 46 47 48 49 50 53 54 56 57 60 61 62 63 66 67 68 69 71 72 73 74 75 76 79 80 84 86 87 88 89 90 91 92 93 94 95 97 98 99 100 102 103 104 106 107 108 109 110 111 112 113 115 116 118 119 120 122 123 125 127 128 129 130 131 132 133 134 135 136 137 139 141 142 143 144 145 147 149 150 151 152 154 155 156 158 159 160 161 162 164 165 167 168 169 171 172 175 179 180 183 184 185 186 187 188 189 190 191 192 193 194 195 196 197 198 201 202 206 207 208 210 211 212 214 215 216 217 218 219 220 221 222 223 224 226 228 229 231 232 233 235 236 237 240 241 242 243 246 247 248 250 251 252 253 255 256 257 258 259 260 261 262 263 264 265 266 267 268 269 272 273 274 275 276 277 278 279 280 282 284 285 286 287 288 289 290 291 292 293 294 295 297 301 302 304 305 306 307 308 309 310 313 314 315 316 317 318 319 320 322 323 324 326 327 328 329 330 331 332 333 334 335 336 337 339 340 341 342 343 344 345 346 347 349 350 354 355 356 357 358 359 360 363 364 366 370 371 373 376 377 379 380 381 383 386 387 388 389 393 394
Print [key0:key1]: *** lower bound 401
*** upper bound 455
 401 402 404 405 407 408 413 414 415 416 417 418 420 421 423 424 425 426 427 428 429 430 432 433 435 437 438 439 440 441 442 443 445 446 447 448 449 450 452 453
Print [key0:key1]: Print [key0:key1]: *** lower bound 201
*** upper bound 407
 201 202 206 207 208 210 211 212 214 215 216 217 218 219 220 221 222 223 224 226 228 229 231 232 233 235 236 237 240 241 242 243 246 247 248 250 251 252 253 255 256 257 258 259 260 261 262 263 264 265 266 267 268 269 272 273 274 275 276 277 278 279 280 282 284 285 286 287 288 289 290 291 292 293 294 295 297 301 302 304 305 306 307 308 309 310 313 314 315 316 317 318 319 320 322 323 324 326 327 328 329 330 331 332 333 334 335 336 337 339 340 341 342 343 344 345 346 347 349 350 354 355 356 357 358 359 360 363 364 366 370 371 373 376 377 379 380 381 383 386 387 388 389 393 394 396 397 401 402 404 405
Print [key0:key1]: Print [key0:key1]: *** lower bound 32
*** upper bound 341
 32 33 34 37 39 40 41 42 43 44 45 46 47 48 49 50 53 54 56 57 60 61 62 63 66 67 68 69 71 72 73 74 75 76 79 80 84 86 87 88 89 90 91 92 93 94 95 97 98 99 100 102 103 104 106 107 108 109 110 111 112 113 115 116 118 119 120 122 123 125 127 128 129 130 131 132 133 134 135 136 137 139 141 142 143 144 145 147 149 150 151 152 154 155 156 158 159 160 161 162 164 165 167 168 169 171 172 175 179 180 183 184 185 186 187 188 189 190 191 192 193 194 195 196 197 198 201 202 206 207 208 210 211 212 214 215 216 217 218 219 220 221 222 223 224 226 228 229 231 232 233 235 236 237 240 241 242 243 246 247 248 250 251 252 253 255 256 257 258 259 260 261 262 263 264 265 266 267 268 269 272 273 274 275 276 277 278 279 280 282 284 285 286 287 288 289 290 291 292 293 294 295 297 301 302 304 305 306 307 308 309 310 313 314 315 316 317 318 319 320 322 323 324 326 327 328 329 330 331 332 333 334 335 336 337 339 340
Print [key0:key1]: *** lower bound 301
*** upper bound 337
 301 302 304 305 306 307 308 309 310 313 314 315 316 317 318 319 320 322 323 324 326 327 328 329 330 331 332 333 334 335 336
Print [key0:key1]: *** lower bound 0
*** upper bound 430
 0 1 3 4 5 6 7 8 9 10 11 14 15 18 20 21 22 23 24 27 28 29 30 31 32 33 34 37 39 40 41 42 43 44 45 46 47 48 49 50 53 54 56 57 60 61 62 63 66 67 68 69 71 72 73 74 75 76 79 80 84 86 87 88 89 90 91 92 93 94 95 97 98 99 100 102 103 104 106 107 108 109 110 111 112 113 115 116 118 119 120 122 123 125 127 128 129 130 131 132 133 134 135 136 137 139 141 142 143 144 145 147 149 150 151 152 154 155 156 158 159 160 161 162 164 165 167 168 169 171 172 175 179 180 183 184 185 186 187 188 189 190 191 192 193 194 195 196 197 198 201 202 206 207 208 210 211 212 214 215 216 217 218 219 220 221 222 223 224 226 228 229 231 232 233 235 236 237 240 241 242 243 246 247 248 250 251 252 253 255 256 257 258 259 260 261 262 263 264 265 266 267 268 269 272 273 274 275 276 277 278 279 280 282 284 285 286 287 288 289 290 291 292 293 294 295 297 301 302 304 305 306 307 308 309 310 313 314 315 316 317 318 319 320 322 323 324 326 327 328 329 330 331 332 333 334 335 336 337 339 340 341 342 343 344 345 346 347 349 350 354 355 356 357 358 359 360 363 364 366 370 371 373 376 377 379 380 381 383 386 387 388 389 393 394 396 397 401 402 404 405 407 408 413 414 415 416 417 418 420 421 423 424 425 426 427 428 429
Print [key0:key1]: *** lower bound 139
*** upper bound 421
 139 141 142 143 144 145 147 149 150 151 152 154 155 156 158 159 160 161 162 164 165 167 168 169 171 172 175 179 180 183 184 185 186 187 188 189 190 191 192 193 194 195 196 197 198 201 202 206 207 208 210 211 212 214 215 216 217 218 219 220 221 222 223 224 226 228 229 231 232 233 235 236 237 240 241 242 243 246 247 248 250 251 252 253 255 256 257 258 259 260 261 262 263 264 265 266 267 268 269 272 273 274 275 276 277 278 279 280 282 284 285 286 287 288 289 290 291 292 293 294 295 297 301 302 304 305 306 307 308 309 310 313 314 315 316 317 318 319 320 322 323 324 326 327 328 329 330 331 332 333 334 335 336 337 339 340 341 342 343 344 345 346 347 349 350 354 355 356 357 358 359 360 363 364 366 370 371 373 376 377 379 380 381 383 386 387 388 389 393 394 396 397 401 402 404 405 407 408 413 414 415 416 417 418 420
Print [key0:key1]: *** lower bound 139
*** upper bound 357
 139 141 142 143 144 145 147 149 150 151 152 154 155 156 158 159 160 161 162 164 165 167 168 169 171 172 175 179 180 183 184 185 186 187 188 189 190 191 192 193 194 195 196 197 198 201 202 206 207 208 210 211 212 214 215 216 217 218 219 220 221 222 223 224 226 228 229 231 232 233 235 236 237 240 241 242 243 246 247 248 250 251 252 253 255 256 257 258 259 260 261 262 263 264 265 266 267 268 269 272 273 274 275 276 277 278 279 280 282 284 285 286 287 288 289 290 291 292 293 294 295 297 301 302 304 305 306 307 308 309 310 313 314 315 316 317 318 319 320 322 323 324 326 327 328 329 330 331 332 333 334 335 336 337 339 340 341 342 343 344 345 346 347 349 350 354 355 356
Print [key0:key1]: Print [key0:key1]: Print [key0:key1]: *** lower bound 56
*** upper bound 370
 56 57 60 61 62 63 66 67 68 69 71 72 73 74 75 76 79 80 84 86 87 88 89 90 91 92 93 94 95 97 98 99 100 102 103 104 106 107 108 109 110 111 112 113 115 116 118 119 120 122 123 125 127 128 129 130 131 132 133 134 135 136 137 139 141 142 143 144 145 147 149 150 151 152 154 155 156 158 159 160 161 162 164 165 167 168 169 171 172 175 179 180 183 184 185 186 187 188 189 190 191 192 193 194 195 196 197 198 201 202 206 207 208 210 211 212 214 215 216 217 218 219 220 221 222 223 224 226 228 229 231 232 233 235 236 237 240 241 242 243 246 247 248 250 251 252 253 255 256 257 258 259 260 261 262 263 264 265 266 267 268 269 272 273 274 275 276 277 278 279 280 282 284 285 286 287 288 289 290 291 292 293 294 295 297 301 302 304 305 306 307 308 309 310 313 314 315 316 317 318 319 320 322 323 324 326 327 328 329 330 331 332 333 334 335 336 337 339 340 341 342 343 344 345 346 347 349 350 354 355 356 357 358 359 360 363 364 366
Print [key0:key1]: *** lower bound 31
*** upper bound 469
 31 32 33 34 37 39 40 41 42 43 44 45 46 47 48 49 50 53 54 56 57 60 61 62 63 66 67 68 69 71 72 73 74 75 76 79 80 84 86 87 88 89 90 91 92 93 94 95 97 98 99 100 102 103 104 106 107 108 109 110 111 112 113 115 116 118 119 120 122 123 125 127 128 129 130 131 132 133 134 135 136 137 139 141 142 143 144 145 147 149 150 151 152 154 155 156 158 159 160 161 162 164 165 167 168 169 171 172 175 179 180 183 184 185 186 187 188 189 190 191 192 193 194 195 196 197 198 201 202 206 207 208 210 211 212 214 215 216 217 218 219 220 221 222 223 224 226 228 229 231 232 233 235 236 237 240 241 242 243 246 247 248 250 251 252 253 255 256 257 258 259 260 261 262 263 264 265 266 267 268 269 272 273 274 275 276 277 278 279 280 282 284 285 286 287 288 289 290 291 292 293 294 295 297 301 302 304 305 306 307 308 309 310 313 314 315 316 317 318 319 320 322 323 324 326 327 328 329 330 331 332 333 334 335 336 337 339 340 341 342 343 344 345 346 347 349 350 354 355 356 357 358 359 360 363 364 366 370 371 373 376 377 379 380 381 383 386 387 388 389 393 394 396 397 401 402 404 405 407 408 413 414 415 416 417 418 420 421 423 424 425 426 427 428 429 430 432 433 435 437 438 439 440 441 442 443 445 446 447 448 449 450 452 453 455 456 457 458 459 461 462 464 465 466 467 468
Print [key0:key1]: Print [key0:key1]: Print [key0:key1]: *** lower bound 20
*** upper bound 437
 20 21 22 23 24 27 28 29 30 31 32 33 34 37 39 40 41 42 43 44 45 46 47 48 49 50 53 54 56 57 60 61 62 63 66 67 68 69 71 72 73 74 75 76 79 80 84 86 87 88 89 90 91 92 93 94 95 97 98 99 100 102 103 104 106 107 108 109 110 111 112 113 115 116 118 119 120 122 123 125 127 128 129 130 131 132 133 134 135 136 137 139 141 142 143 144 145 147 149 150 151 152 154 155 156 158 159 160 161 162 164 165 167 168 169 171 172 175 179 180 183 184 185 186 187 188 189 190 191 192 193 194 195 196 197 198 201 202 206 207 208 210 211 212 214 215 216 217 218 219 220 221 222 223 224 226 228 229 231 232 233 235 236 237 240 241 242 243 246 247 248 250 251 252 253 255 256 257 258 259 260 261 262 263 264 265 266 267 268 269 272 273 274 275 276 277 278 279 280 282 284 285 286 287 288 289 290 291 292 293 294 295 297 301 302 304 305 306 307 308 309 310 313 314 315 316 317 318 319 320 322 323 324 326 327 328 329 330 331 332 333 334 335 336 337 339 340 341 342 343 344 345 346 347 349 350 354 355 356 357 358 359 360 363 364 366 370 371 373 376 377 379 380 381 383 386 387 388 389 393 394 396 397 401 402 404 405 407 408 413 414 415 416 417 418 420 421 423 424 425 426 427 428 429 430 432 433 435
Print [key0:key1]: Print [key0:key1]: Print [key0:key1]: *** lower bound 175
*** upper bound 376
 175 179 180 183 184 185 186 187 188 189 190 191 192 193 194 195 196 197 198 201 202 206 207 208 210 211 212 214 215 216 217 218 219 220 221 222 223 224 226 228 229 231 232 233 235 236 237 240 241 242 243 246 247 248 250 251 252 253 255 256 257 258 259 260 261 262 263 264 265 266 267 268 269 272 273 274 275 276 277 278 279 280 282 284 285 286 287 288 289 290 291 292 293 294 295 297 301 302 304 305 306 307 308 309 310 313 314 315 316 317 318 319 320 322 323 324 326 327 328 329 330 331 332 333 334 335 336 337 339 340 341 342 343 344 345 346 347 349 350 354 355 356 357 358 359 360 363 364 366 370 371 373
Print [key0:key1]: Print [key0:key1]: Print [key0:key1]: *** lower bound 139
*** upper bound 210
 139 141 142 143 144 145 147 149 150 151 152 154 155 156 158 159 160 161 162 164 165 167 168 169 171 172 175 179 180 183 184 185 186 187 188 189 190 191 192 193 194 195 196 197 198 201 202 206 207 208
Print [key0:key1]: *** lower bound 282
*** upper bound 458
 282 284 285 286 287 288 289 290 291 292 293 294 295 297 301 302 304 305 306 307 308 309 310 313 314 315 316 317 318 319 320 322 323 324 326 327 328 329 330 331 332 333 334 335 336 337 339 340 341 342 343 344 345 346 347 349 350 354 355 356 357 358 359 360 363 364 366 370 371 373 376 377 379 380 381 383 386 387 388 389 393 394 396 397 401 402 404 405 407 408 413 414 415 416 417 418 420 421 423 424 425 426 427 428 429 430 432 433 435 437 438 439 440 441 442 443 445 446 447 448 449 450 452 453 455 456 457
Print [key0:key1]: *** lower bound 364
*** upper bound 387
 364 366 370 371 373 376 377 379 380 381 383 386
Print [key0:key1]: *** lower bound 0
*** upper bound 161
 0 1 3 4 5 6 7 8 9 10 11 14 15 18 20 21 22 23 24 27 28 29 30 31 32 33 34 37 39 40 41 42 43 44 45 46 47 48 49 50 53 54 56 57 60 61 62 63 66 67 68 69 71 72 73 74 75 76 79 80 84 86 87 88 89 90 91 92 93 94 95 97 98 99 100 102 103 104 106 107 108 109 110 111 112 113 115 116 118 119 120 122 123 125 127 128 129 130 131 132 133 134 135 136 137 139 141 142 143 144 145 147 149 150 151 152 154 155 156 158 159 160
Print [key0:key1]: Print [key0:key1]: Print [key0:key1]: Print [key0:key1]: *** lower bound 86
*** upper bound 228
 86 87 88 89 90 91 92 93 94 95 97 98 99 100 102 103 104 106 107 108 109 110 111 112 113 115 116 118 119 120 122 123 125 127 128 129 130 131 132 133 134 135 136 137 139 141 142 143 144 145 147 149 150 151 152 154 155 156 158 159 160 161 162 164 165 167 168 169 171 172 175 179 180 183 184 185 186 187 188 189 190 191 192 193 194 195 196 197 198 201 202 206 207 208 210 211 212 214 215 216 217 218 219 220 221 222 223 224 226
Print [key0:key1]: Print [key0:key1]: Print [key0:key1]: Print [key0:key1]: *** lower bound 5
*** upper bound 21
 5 6 7 8 9 10 11 14 15 18 20
Print [key0:key1]: Print [key0:key1]: *** lower bound 119
*** upper bound 466
 119 120 122 123 125 127 128 129 130 131 132 133 134 135 136 137 139 141 142 143 144 145 147 149 150 151 152 154 155 156 158 159 160 161 162 164 165 167 168 169 171 172 175 179 180 183 184 185 186 187 188 189 190 191 192 193 194 195 196 197 198 201 202 206 207 208 210 211 212 214 215 216 217 218 219 220 221 222 223 224 226 228 229 231 232 233 235 236 237 240 241 242 243 246 247 248 250 251 252 253 255 256 257 258 259 260 261 262 263 264 265 266 267 268 269 272 273 274 275 276 277 278 279 280 282 284 285 286 287 288 289 290 291 292 293 294 295 297 301 302 304 305 306 307 308 309 310 313 314 315 316 317 318 319 320 322 323 324 326 327 328 329 330 331 332 333 334 335 336 337 339 340 341 342 343 344 345 346 347 349 350 354 355 356 357 358 359 360 363 364 366 370 371 373 376 377 379 380 381 383 386 387 388 389 393 394 396 397 401 402 404 405 407 408 413 414 415 416 417 418 420 421 423 424 425 426 427 428 429 430 432 433 435 437 438 439 440 441 442 443 445 446 447 448 449 450 452 453 455 456 457 458 459 461 462 464 465
Print [key0:key1]: Print [key0:key1]: *** lower bound 60
*** upper bound 452
 60 61 62 63 66 67 68 69 71 72 73 74 75 76 79 80 84 86 87 88 89 90 91 92 93 94 95 97 98 99 100 102 103 104 106 107 108 109 110 111 112 113 115 116 118 119 120 122 123 125 127 128 129 130 131 132 133 134 135 136 137 139 141 142 143 144 145 147 149 150 151 152 154 155 156 158 159 160 161 162 164 165 167 168 169 171 172 175 179 180 183 184 185 186 187 188 189 190 191 192 193 194 195 196 197 198 201 202 206 207 208 210 211 212 214 215 216 217 218 219 220 221 222 223 224 226 228 229 231 232 233 235 236 237 240 241 242 243 246 247 248 250 251 252 253 255 256 257 258 259 260 261 262 263 264 265 266 267 268 269 272 273 274 275 276 277 278 279 280 282 284 285 286 287 288 289 290 291 292 293 294 295 297 301 302 304 305 306 307 308 309 310 313 314 315 316 317 318 319 320 322 323 324 326 327 328 329 330 331 332 333 334 335 336 337 339 340 341 342 343 344 345 346 347 349 350 354 355 356 357 358 359 360 363 364 366 370 371 373 376 377 379 380 381 383 386 387 388 389 393 394 396 397 401 402 404 405 407 408 413 414 415 416 417 418 420 421 423 424 425 426 427 428 429 430 432 433 435 437 438 439 440 441 442 443 445 446 447 448 449 450
Print [key0:key1]: *** lower bound 84
*** upper bound 370
 84 86 87 88 89 90 91 92 93 94 95 97 98 99 100 102 103 104 106 107 108 109 110 111 112 113 115 116 118 119 120 122 123 125 127 128 129 130 131 132 133 134 135 136 137 139 141 142 143 144 145 147 149 150 151 152 154 155 156 158 159 160 161 162 164 165 167 168 169 171 172 175 179 180 183 184 185 186 187 188 189 190 191 192 193 194 195 196 197 198 201 202 206 207 208 210 211 212 214 215 216 217 218 219 220 221 222 223 224 226 228 229 231 232 233 235 236 237 240 241 242 243 246 247 248 250 251 252 253 255 256 257 258 259 260 261 262 263 264 265 266 267 268 269 272 273 274 275 276 277 278 279 280 282 284 285 286 287 288 289 290 291 292 293 294 295 297 301 302 304 305 306 307 308 309 310 313 314 315 316 317 318 319 320 322 323 324 326 327 328 329 330 331 332 333 334 335 336 337 339 340 341 342 343 344 345 346 347 349 350 354 355 356 357 358 359 360 363 364 366
Print [key0:key1]: *** lower bound 136
*** upper bound 139
 136 137
Print [key0:key1]: Print [key0:key1]: Print [key0:key1]: *** lower bound 246
*** upper bound 448
 246 247 248 250 251 252 253 255 256 257 258 259 260 261 262 263 264 265 266 267 268 269 272 273 274 275 276 277 278 279 280 282 284 285 286 287 288 289 290 291 292 293 294 295 297 301 302 304 305 306 307 308 309 310 313 314 315 316 317 318 319 320 322 323 324 326 327 328 329 330 331 332 333 334 335 336 337 339 340 341 342 343 344 345 346 347 349 350 354 355 356 357 358 359 360 363 364 366 370 371 373 376 377 379 380 381 383 386 387 388 389 393 394 396 397 401 402 404 405 407 408 413 414 415 416 417 418 420 421 423 424 425 426 427 428 429 430 432 433 435 437 438 439 440 441 442 443 445 446 447
Print [key0:key1]: *** lower bound 147
*** upper bound 418
 147 149 150 151 152 154 155 156 158 159 160 161 162 164 165 167 168 169 171 172 175 179 180 183 184 185 186 187 188 189 190 191 192 193 194 195 196 197 198 201 202 206 207 208 210 211 212 214 215 216 217 218 219 220 221 222 223 224 226 228 229 231 232 233 235 236 237 240 241 242 243 246 247 248 250 251 252 253 255 256 257 258 259 260 261 262 263 264 265 266 267 268 269 272 273 274 275 276 277 278 279 280 282 284 285 286 287 288 289 290 291 292 293 294 295 297 301 302 304 305 306 307 308 309 310 313 314 315 316 317 318 319 320 322 323 324 326 327 328 329 330 331 332 333 334 335 336 337 339 340 341 342 343 344 345 346 347 349 350 354 355 356 357 358 359 360 363 364 366 370 371 373 376 377 379 380 381 383 386 387 388 389 393 394 396 397 401 402 404 405 407 408 413 414 415 416 417
Print [key0:key1]: *** lower bound 125
*** upper bound 363
 125 127 128 129 130 131 132 133 134 135 136 137 139 141 142 143 144 145 147 149 150 151 152 154 155 156 158 159 160 161 162 164 165 167 168 169 171 172 175 179 180 183 184 185 186 187 188 189 190 191 192 193 194 195 196 197 198 201 202 206 207 208 210 211 212 214 215 216 217 218 219 220 221 222 223 224 226 228 229 231 232 233 235 236 237 240 241 242 243 246 247 248 250 251 252 253 255 256 257 258 259 260 261 262 263 264 265 266 267 268 269 272 273 274 275 276 277 278 279 280 282 284 285 286 287 288 289 290 291 292 293 294 295 297 301 302 304 305 306 307 308 309 310 313 314 315 316 317 318 319 320 322 323 324 326 327 328 329 330 331 332 333 334 335 336 337 339 340 341 342 343 344 345 346 347 349 350 354 355 356 357 358 359 360
Print [key0:key1]: *** lower bound 154
*** upper bound 235
 154 155 156 158 159 160 161 162 164 165 167 168 169 171 172 175 179 180 183 184 185 186 187 188 189 190 191 192 193 194 195 196 197 198 201 202 206 207 208 210 211 212 214 215 216 217 218 219 220 221 222 223 224 226 228 229 231 232 233
Print [key0:key1]: Print [key0:key1]: *** lower bound 246
*** upper bound 366
 246 247 248 250 251 252 253 255 256 257 258 259 260 261 262 263 264 265 266 267 268 269 272 273 274 275 276 277 278 279 280 282 284 285 286 287 288 289 290 291 292 293 294 295 297 301 302 304 305 306 307 308 309 310 313 314 315 316 317 318 319 320 322 323 324 326 327 328 329 330 331 332 333 334 335 336 337 339 340 341 342 343 344 345 346 347 349 350 354 355 356 357 358 359 360 363 364
Print [key0:key1]: *** lower bound 104
*** upper bound 301
 104 106 107 108 109 110 111 112 113 115 116 118 119 120 122 123 125 127 128 129 130 131 132 133 134 135 136 137 139 141 142 143 144 145 147 149 150 151 152 154 155 156 158 159 160 161 162 164 165 167 168 169 171 172 175 179 180 183 184 185 186 187 188 189 190 191 192 193 194 195 196 197 198 201 202 206 207 208 210 211 212 214 215 216 217 218 219 220 221 222 223 224 226 228 229 231 232 233 235 236 237 240 241 242 243 246 247 248 250 251 252 253 255 256 257 258 259 260 261 262 263 264 265 266 267 268 269 272 273 274 275 276 277 278 279 280 282 284 285 286 287 288 289 290 291 292 293 294 295 297
Print [key0:key1]: *** lower bound 63
*** upper bound 165
 63 66 67 68 69 71 72 73 74 75 76 79 80 84 86 87 88 89 90 91 92 93 94 95 97 98 99 100 102 103 104 106 107 108 109 110 111 112 113 115 116 118 119 120 122 123 125 127 128 129 130 131 132 133 134 135 136 137 139 141 142 143 144 145 147 149 150 151 152 154 155 156 158 159 160 161 162 164
Print [key0:key1]: *** lower bound 18
*** upper bound 417
 18 20 21 22 23 24 27 28 29 30 31 32 33 34 37 39 40 41 42 43 44 45 46 47 48 49 50 53 54 56 57 60 61 62 63 66 67 68 69 71 72 73 74 75 76 79 80 84 86 87 88 89 90 91 92 93 94 95 97 98 99 100 102 103 104 106 107 108 109 110 111 112 113 115 116 118 119 120 122 123 125 127 128 129 130 131 132 133 134 135 136 137 139 141 142 143 144 145 147 149 150 151 152 154 155 156 158 159 160 161 162 164 165 167 168 169 171 172 175 179 180 183 184 185 186 187 188 189 190 191 192 193 194 195 196 197 198 201 202 206 207 208 210 211 212 214 215 216 217 218 219 220 221 222 223 224 226 228 229 231 232 233 235 236 237 240 241 242 243 246 247 248 250 251 252 253 255 256 257 258 259 260 261 262 263 264 265 266 267 268 269 272 273 274 275 276 277 278 279 280 282 284 285 286 287 288 289 290 291 292 293 294 295 297 301 302 304 305 306 307 308 309 310 313 314 315 316 317 318 319 320 322 323 324 326 327 328 329 330 331 332 333 334 335 336 337 339 340 341 342 343 344 345 346 347 349 350 354 355 356 357 358 359 360 363 364 366 370 371 373 376 377 379 380 381 383 386 387 388 389 393 394 396 397 401 402 404 405 407 408 413 414 415 416
Print [key0:key1]: *** lower bound 320
*** upper bound 413
 320 322 323 324 326 327 328 329 330 331 332 333 334 335 336 337 339 340 341 342 343 344 345 346 347 349 350 354 355 356 357 358 359 360 363 364 366 370 371 373 376 377 379 380 381 383 386 387 388 389 393 394 396 397 401 402 404 405 407 408
Print [key0:key1]: *** lower bound 119
*** upper bound 222
 119 120 122 123 125 127 128 129 130 131 132 133 134 135 136 137 139 141 142 143 144 145 147 149 150 151 152 154 155 156 158 159 160 161 162 164 165 167 168 169 171 172 175 179 180 183 184 185 186 187 188 189 190 191 192 193 194 195 196 197 198 201 202 206 207 208 210 211 212 214 215 216 217 218 219 220 221
Print [key0:key1]: *** lower bound 3
*** upper bound 139
 3 4 5 6 7 8 9 10 11 14 15 18 20 21 22 23 24 27 28 29 30 31 32 33 34 37 39 40 41 42 43 44 45 46 47 48 49 50 53 54 56 57 60 61 62 63 66 67 68 69 71 72 73 74 75 76 79 80 84 86 87 88 89 90 91 92 93 94 95 97 98 99 100 102 103 104 106 107 108 109 110 111 112 113 115 116 118 119 120 122 123 125 127 128 129 130 131 132 133 134 135 136 137
Print [key0:key1]: Print [key0:key1]: *** lower bound 136
*** upper bound 327
 136 137 139 141 142 143 144 145 147 149 150 151 152 154 155 156 158 159 160 161 162 164 165 167 168 169 171 172 175 179 180 183 184 185 186 187 188 189 190 191 192 193 194 195 196 197 198 201 202 206 207 208 210 211 212 214 215 216 217 218 219 220 221 222 223 224 226 228 229 231 232 233 235 236 237 240 241 242 243 246 247 248 250 251 252 253 255 256 257 258 259 260 261 262 263 264 265 266 267 268 269 272 273 274 275 276 277 278 279 280 282 284 285 286 287 288 289 290 291 292 293 294 295 297 301 302 304 305 306 307 308 309 310 313 314 315 316 317 318 319 320 322 323 324 326
Print [key0:key1]: *** lower bound 0
*** upper bound 363
 0 1 3 4 5 6 7 8 9 10 11 14 15 18 20 21 22 23 24 27 28 29 30 31 32 33 34 37 39 40 41 42 43 44 45 46 47 48 49 50 53 54 56 57 60 61 62 63 66 67 68 69 71 72 73 74 75 76 79 80 84 86 87 88 89 90 91 92 93 94 95 97 98 99 100 102 103 104 106 107 108 109 110 111 112 113 115 116 118 119 120 122 123 125 127 128 129 130 131 132 133 134 135 136 137 139 141 142 143 144 145 147 149 150 151 152 154 155 156 158 159 160 161 162 164 165 167 168 169 171 172 175 179 180 183 184 185 186 187 188 189 190 191 192 193 194 195 196 197 198 201 202 206 207 208 210 211 212 214 215 216 217 218 219 220 221 222 223 224 226 228 229 231 232 233 235 236 237 240 241 242 243 246 247 248 250 251 252 253 255 256 257 258 259 260 261 262 263 264 265 266 267 268 269 272 273 274 275 276 277 278 279 280 282 284 285 286 287 288 289 290 291 292 293 294 295 297 301 302 304 305 306 307 308 309 310 313 314 315 316 317 318 319 320 322 323 324 326 327 328 329 330 331 332 333 334 335 336 337 339 340 341 342 343 344 345 346 347 349 350 354 355 356 357 358 359 360
Print [key0:key1]: *** lower bound 115
*** upper bound 458
 115 116 118 119 120 122 123 125 127 128 129 130 131 132 133 134 135 136 137 139 141 142 143 144 145 147 149 150 151 152 154 155 156 158 159 160 161 162 164 165 167 168 169 171 172 175 179 180 183 184 185 186 187 188 189 190 191 192 193 194 195 196 197 198 201 202 206 207 208 210 211 212 214 215 216 217 218 219 220 221 222 223 224 226 228 229 231 232 233 235 236 237 240 241 242 243 246 247 248 250 251 252 253 255 256 257 258 259 260 261 262 263 264 265 266 267 268 269 272 273 274 275 276 277 278 279 280 282 284 285 286 287 288 289 290 291 292 293 294 295 297 301 302 304 305 306 307 308 309 310 313 314 315 316 317 318 319 320 322 323 324 326 327 328 329 330 331 332 333 334 335 336 337 339 340 341 342 343 344 345 346 347 349 350 354 355 356 357 358 359 360 363 364 366 370 371 373 376 377 379 380 381 383 386 387 388 389 393 394 396 397 401 402 404 405 407 408 413 414 415 416 417 418 420 421 423 424 425 426 427 428 429 430 432 433 435 437 438 439 440 441 442 443 445 446 447 448 449 450 452 453 455 456 457
Print [key0:key1]: *** lower bound 18
*** upper bound 301
 18 20 21 22 23 24 27 28 29 30 31 32 33 34 37 39 40 41 42 43 44 45 46 47 48 49 50 53 54 56 57 60 61 62 63 66 67 68 69 71 72 73 74 75 76 79 80 84 86 87 88 89 90 91 92 93 94 95 97 98 99 100 102 103 104 106 107 108 109 110 111 112 113 115 116 118 119 120 122 123 125 127 128 129 130 131 132 133 134 135 136 137 139 141 142 143 144 145 147 149 150 151 152 154 155 156 158 159 160 161 162 164 165 167 168 169 171 172 175 179 180 183 184 185 186 187 188 189 190 191 192 193 194 195 196 197 198 201 202 206 207 208 210 211 212 214 215 216 217 218 219 220 221 222 223 224 226 228 229 231 232 233 235 236 237 240 241 242 243 246 247 248 250 251 252 253 255 256 257 258 259 260 261 262 263 264 265 266 267 268 269 272 273 274 275 276 277 278 279 280 282 284 285 286 287 288 289 290 291 292 293 294 295 297
Print [key0:key1]: Print [key0:key1]: Print [key0:key1]: Print [key0:key1]: *** lower bound 218
*** upper bound 441
 218 219 220 221 222 223 224 226 228 229 231 232 233 235 236 237 240 241 242 243 246 247 248 250 251 252 253 255 256 257 258 259 260 261 262 263 264 265 266 267 268 269 272 273 274 275 276 277 278 279 280 282 284 285 286 287 288 289 290 291 292 293 294 295 297 301 302 304 305 306 307 308 309 310 313 314 315 316 317 318 319 320 322 323 324 326 327 328 329 330 331 332 333 334 335 336 337 339 340 341 342 343 344 345 346 347 349 350 354 355 356 357 358 359 360 363 364 366 370 371 373 376 377 379 380 381 383 386 387 388 389 393 394 396 397 401 402 404 405 407 408 413 414 415 416 417 418 420 421 423 424 425 426 427 428 429 430 432 433 435 437 438 439 440
Print [key0:key1]: *** lower bound 167
*** upper bound 171
 167 168 169
Print [key0:key1]: *** lower bound 24
*** upper bound 27
 24
Print [key0:key1]: *** lower bound 286
*** upper bound 349
 286 287 288 289 290 291 292 293 294 295 297 301 302 304 305 306 307 308 309 310 313 314 315 316 317 318 319 320 322 323 324 326 327 328 329 330 331 332 333 334 335 336 337 339 340 341 342 343 344 345 346 347
Print [key0:key1]: Print [key0:key1]: *** lower bound 210
*** upper bound 313
 210 211 212 214 215 216 217 218 219 220 221 222 223 224 226 228 229 231 232 233 235 236 237 240 241 242 243 246 247 248 250 251 252 253 255 256 257 258 259 260 261 262 263 264 265 266 267 268 269 272 273 274 275 276 277 278 279 280 282 284 285 286 287 288 289 290 291 292 293 294 295 297 301 302 304 305 306 307 308 309 310
Print [key0:key1]: Print [key0:key1]: Print [key0:key1]: Print [key0:key1]: Print [key0:key1]: Print [key0:key1]: *** lower bound 143
*** upper bound 424
 143 144 145 147 149 150 151 152 154 155 156 158 159 160 161 162 164 165 167 168 169 171 172 175 179 180 183 184 185 186 187 188 189 190 191 192 193 194 195 196 197 198 201 202 206 207 208 210 211 212 214 215 216 217 218 219 220 221 222 223 224 226 228 229 231 232 233 235 236 237 240 241 242 243 246 247 248 250 251 252 253 255 256 257 258 259 260 261 262 263 264 265 266 267 268 269 272 273 274 275 276 277 278 279 280 282 284 285 286 287 288 289 290 291 292 293 294 295 297 301 302 304 305 306 307 308 309 310 313 314 315 316 317 318 319 320 322 323 324 326 327 328 329 330 331 332 333 334 335 336 337 339 340 341 342 343 344 345 346 347 349 350 354 355 356 357 358 359 360 363 364 366 370 371 373 376 377 379 380 381 383 386 387 388 389 393 394 396 397 401 402 404 405 407 408 413 414 415 416 417 418 420 421 423
Print [key0:key1]: *** lower bound 288
*** upper bound 377
 288 289 290 291 292 293 294 295 297 301 302 304 305 306 307 308 309 310 313 314 315 316 317 318 319 320 322 323 324 326 327 328 329 330 331 332 333 334 335 336 337 339 340 341 342 343 344 345 346 347 349 350 354 355 356 357 358 359 360 363 364 366 370 371 373 376
Print [key0:key1]: *** lower bound 295
*** upper bound 466
 295 297 301 302 304 305 306 307 308 309 310 313 314 315 316 317 318 319 320 322 323 324 326 327 328 329 330 331 332 333 334 335 336 337 339 340 341 342 343 344 345 346 347 349 350 354 355 356 357 358 359 360 363 364 366 370 371 373 376 377 379 380 381 383 386 387 388 389 393 394 396 397 401 402 404 405 407 408 413 414 415 416 417 418 420 421 423 424 425 426 427 428 429 430 432 433 435 437 438 439 440 441 442 443 445 446 447 448 449 450 452 453 455 456 457 458 459 461 462 464 465
Print [key0:key1]: Print [key0:key1]: Print [key0:key1]: *** lower bound 171
*** upper bound 416
 171 172 175 179 180 183 184 185 186 187 188 189 190 191 192 193 194 195 196 197 198 201 202 206 207 208 210 211 212 214 215 216 217 218 219 220 221 222 223 224 226 228 229 231 232 233 235 236 237 240 241 242 243 246 247 248 250 251 252 253 255 256 257 258 259 260 261 262 263 264 265 266 267 268 269 272 273 274 275 276 277 278 279 280 282 284 285 286 287 288 289 290 291 292 293 294 295 297 301 302 304 305 306 307 308 309 310 313 314 315 316 317 318 319 320 322 323 324 326 327 328 329 330 331 332 333 334 335 336 337 339 340 341 342 343 344 345 346 347 349 350 354 355 356 357 358 359 360 363 364 366 370 371 373 376 377 379 380 381 383 386 387 388 389 393 394 396 397 401 402 404 405 407 408 413 414 415
Print [key0:key1]: Print [key0:key1]: *** lower bound 128
*** upper bound 350
 128 129 130 131 132 133 134 135 136 137 139 141 142 143 144 145 147 149 150 151 152 154 155 156 158 159 160 161 162 164 165 167 168 169 171 172 175 179 180 183 184 185 186 187 188 189 190 191 192 193 194 195 196 197 198 201 202 206 207 208 210 211 212 214 215 216 217 218 219 220 221 222 223 224 226 228 229 231 232 233 235 236 237 240 241 242 243 246 247 248 250 251 252 253 255 256 257 258 259 260 261 262 263 264 265 266 267 268 269 272 273 274 275 276 277 278 279 280 282 284 285 286 287 288 289 290 291 292 293 294 295 297 301 302 304 305 306 307 308 309 310 313 314 315 316 317 318 319 320 322 323 324 326 327 328 329 330 331 332 333 334 335 336 337 339 340 341 342 343 344 345 346 347 349
Print [key0:key1]: Print [key0:key1]: Print [key0:key1]: Print [key0:key1]: *** lower bound 60
*** upper bound 379
 60 61 62 63 66 67 68 69 71 72 73 74 75 76 79 80 84 86 87 88 89 90 91 92 93 94 95 97 98 99 100 102 103 104 106 107 108 109 110 111 112 113 115 116 118 119 120 122 123 125 127 128 129 130 131 132 133 134 135 136 137 139 141 142 143 144 145 147 149 150 151 152 154 155 156 158 159 160 161 162 164 165 167 168 169 171 172 175 179 180 183 184 185 186 187 188 189 190 191 192 193 194 195 196 197 198 201 202 206 207 208 210 211 212 214 215 216 217 218 219 220 221 222 223 224 226 228 229 231 232 233 235 236 237 240 241 242 243 246 247 248 250 251 252 253 255 256 257 258 259 260 261 262 263 264 265 266 267 268 269 272 273 274 275 276 277 278 279 280 282 284 285 286 287 288 289 290 291 292 293 294 295 297 301 302 304 305 306 307 308 309 310 313 314 315 316 317 318 319 320 322 323 324 326 327 328 329 330 331 332 333 334 335 336 337 339 340 341 342 343 344 345 346 347 349 350 354 355 356 357 358 359 360 363 364 366 370 371 373 376 377
Print [key0:key1]: *** lower bound 127
*** upper bound 310
 127 128 129 130 131 132 133 134 135 136 137 139 141 142 143 144 145 147 149 150 151 152 154 155 156 158 159 160 161 162 164 165 167 168 169 171 172 175 179 180 183 184 185 186 187 188 189 190 191 192 193 194 195 196 197 198 201 202 206 207 208 210 211 212 214 215 216 217 218 219 220 221 222 223 224 226 228 229 231 232 233 235 236 237 240 241 242 243 246 247 248 250 251 252 253 255 256 257 258 259 260 261 262 263 264 265 266 267 268 269 272 273 274 275 276 277 278 279 280 282 284 285 286 287 288 289 290 291 292 293 294 295 297 301 302 304 305 306 307 308 309
Print [key0:key1]: Print [key0:key1]: *** lower bound 18
*** upper bound 175
 18 20 21 22 23 24 27 28 29 30 31 32 33 34 37 39 40 41 42 43 44 45 46 47 48 49 50 53 54 56 57 60 61 62 63 66 67 68 69 71 72 73 74 75 76 79 80 84 86 87 88 89 90 91 92 93 94 95 97 98 99 100 102 103 104 106 107 108 109 110 111 112 113 115 116 118 119 120 122 123 125 127 128 129 130 131 132 133 134 135 136 137 139 141 142 143 144 145 147 149 150 151 152 154 155 156 158 159 160 161 162 164 165 167 168 169 171 172
Print [key0:key1]: Print [key0:key1]: Print [key0:key1]: Print [key0:key1]: Print [key0:key1]: *** lower bound 60
*** upper bound 84
 60 61 62 63 66 67 68 69 71 72 73 74 75 76 79 80
Print [key0:key1]: Print [key0:key1]: Print [key0:key1]: Print [key0:key1]: *** lower bound 28
*** upper bound 43
 28 29 30 31 32 33 34 37 39 40 41 42
Print [key0:key1]: *** lower bound 37
*** upper bound 139
 37 39 40 41 42 43 44 45 46 47 48 49 50 53 54 56 57 60 61 62 63 66 67 68 69 71 72 73 74 75 76 79 80 84 86 87 88 89 90 91 92 93 94 95 97 98 99 100 102 103 104 106 107 108 109 110 111 112 113 115 116 118 119 120 122 123 125 127 128 129 130 131 132 133 134 135 136 137
Print [key0:key1]: *** lower bound 228
*** upper bound 430
 228 229 231 232 233 235 236 237 240 241 242 243 246 247 248 250 251 252 253 255 256 257 258 259 260 261 262 263 264 265 266 267 268 269 272 273 274 275 276 277 278 279 280 282 284 285 286 287 288 289 290 291 292 293 294 295 297 301 302 304 305 306 307 308 309 310 313 314 315 316 317 318 319 320 322 323 324 326 327 328 329 330 331 332 333 334 335 336 337 339 340 341 342 343 344 345 346 347 349 350 354 355 356 357 358 359 360 363 364 366 370 371 373 376 377 379 380 381 383 386 387 388 389 393 394 396 397 401 402 404 405 407 408 413 414 415 416 417 418 420 421 423 424 425 426 427 428 429
Print [key0:key1]: Print [key0:key1]: *** lower bound 284
*** upper bound 424
 284 285 286 287 288 289 290 291 292 293 294 295 297 301 302 304 305 306 307 308 309 310 313 314 315 316 317 318 319 320 322 323 324 326 327 328 329 330 331 332 333 334 335 336 337 339 340 341 342 343 344 345 346 347 349 350 354 355 356 357 358 359 360 363 364 366 370 371 373 376 377 379 380 381 383 386 387 388 389 393 394 396 397 401 402 404 405 407 408 413 414 415 416 417 418 420 421 423
Print [key0:key1]: Print [key0:key1]: 
