 0 2 3 4 5 6 8 9 11 12 13 14 16 17 18 19 20 21 23 24 25 26 27 30 31 32 33 35 36 39 40 41 43 45 46 47 48 49 50 52 54 55 56 57 58 59 62 63 65 66 67 68 69 70 71 72 73 74 75 76 77 79 80 82 83 84 85 86 87 90 91 92 94 96 97 98 99 103 105 106 107 108 109 111 112 113 114 115 116 117 118 119 120 121 122 123 124 125 126 127 129 132 133 134 135 136 137 138 140 141 144 145 146 147 148 149 150 151 152 154 155 156 158 159 162 165 166 167 168 169 171 173 174 176 177 179 180 181 182 183 184 185 186 187 188 189 190 191 192 193 194 195 196 198 199 201 202 203 204 205 206 207 208 209 210 213 214 215 216 217 219 220 221 222 223 225 226 229 230 231 232 233 234 235 236 238 239 240 241 243 245 247 249 251 252 253 255 256 257 258 259 261 263 264 265 266 267 268 269 270 271 274 275 277 278 279 280 283 285 286 288 290 292 293 294 295 296 298 300 301 302 303 304 305 306 308 309 310 311 312 313 314 315 316 318 319 320 323 324 325 326 327 328 329 331 332 333 334 335 336 337 338 340 341 344 345 346 347 349 350 351 353 354 356 358 359 361 362 364 365 366 367 368 369 370 371 372 373 376 377 378 381 382 383 384 386 387 388 391 392 394 395 396 397 400 401 402 403 404 405 406 407 408 409 412 414 415 418 419 420 421 422 423 424 425 427 428 431 432 433 434 435 436 437 438 439 440 442 443 449 450 451 453 454 456 457 458 459 460 461 462 464 465 467 468 469 470 471 472 473 474 475 476 477 478 479 480 482 483 484 485 486 487 488 489 491 493 494 495 497 498 499 500 501 502 503 504 506 508 510 511 512 514 515 516 517 519 520 521 522 523 524 525 526 527 529 530 531 533 534 535 536 539 540 541 542 544 547 549 550 551 555 556 557 558 559 560 561 562 563 564 565 566 567 568 569 570 571 572 573 575 576 579 580 581 582 586 587 590 591 593 594 597 600 602 604 606 607 608 609 610 611 612 613 615 616 617 618 619 620 624 625 626 627 628 629 630 631 635 638 639 642 643 644 645 646 647 648 649 651 653 655 656 658 659 661 663 665 666 667 668 672 675 676 677 678 679 680 681 682 683 685 686 687 688 689 690
Print [key0:key1]: Print [key0:key1]: *** lower bound 332
*** upper bound 346
 332 333 334 335 336 337 338 340 341 344 345
Print [key0:key1]: Print [key0:key1]: Print [key0:key1]: Print [key0:key1]: *** lower bound 43
*** upper bound 65
 43 45 46 47 48 49 50 52 54 55 56 57 58 59 62 63
Print [key0:key1]: Print [key0:key1]: *** lower bound 92
*** upper bound 233
 92 94 96 97 98 99 103 105 106 107 108 109 111 112 113 114 115 116 117 118 119 120 121 122 123 124 125 126 127 129 132 133 134 135 136 137 138 140 141 144 145 146 147 148 149 150 151 152 154 155 156 158 159 162 165 166 167 168 169 171 173 174 176 177 179 180 181 182 183 184 185 186 187 188 189 190 191 192 193 194 195 196 198 199 201 202 203 204 205 206 207 208 209 210 213 214 215 216 217 219 220 221 222 223 225 226 229 230 231 232
Print [key0:key1]: Print [key0:key1]: Print [key0:key1]: *** lower bound 83
*** upper bound 290
 83 84 85 86 87 90 91 92 94 96 97 98 99 103 105 106 107 108 109 111 112 113 114 115 116 117 118 119 120 121 122 123 124 125 126 127 129 132 133 134 135 136 137 138 140 141 144 145 146 147 148 149 150 151 152 154 155 156 158 159 162 165 166 167 168 169 171 173 174 176 177 179 180 181 182 183 184 185 186 187 188 189 190 191 192 193 194 195 196 198 199 201 202 203 204 205 206 207 208 209 210 213 214 215 216 217 219 220 221 222 223 225 226 229 230 231 232 233 234 235 236 238 239 240 241 243 245 247 249 251 252 253 255 256 257 258 259 261 263 264 265 266 267 268 269 270 271 274 275 277 278 279 280 283 285 286 288
Print [key0:key1]: Print [key0:key1]: Print [key0:key1]: Print [key0:key1]: Print [key0:key1]: *** lower bound 8
*** upper bound 55
 8 9 11 12 13 14 16 17 18 19 20 21 23 24 25 26 27 30 31 32 33 35 36 39 40 41 43 45 46 47 48 49 50 52 54
Print [key0:key1]: *** lower bound 62
*** upper bound 264
 62 63 65 66 67 68 69 70 71 72 73 74 75 76 77 79 80 82 83 84 85 86 87 90 91 92 94 96 97 98 99 103 105 106 107 108 109 111 112 113 114 115 116 117 118 119 120 121 122 123 124 125 126 127 129 132 133 134 135 136 137 138 140 141 144 145 146 147 148 149 150 151 152 154 155 156 158 159 162 165 166 167 168 169 171 173 174 176 177 179 180 181 182 183 184 185 186 187 188 189 190 191 192 193 194 195 196 198 199 201 202 203 204 205 206 207 208 209 210 213 214 215 216 217 219 220 221 222 223 225 226 229 230 231 232 233 234 235 236 238 239 240 241 243 245 247 249 251 252 253 255 256 257 258 259 261 263
Print [key0:key1]: *** lower bound 290
*** upper bound 386
 290 292 293 294 295 296 298 300 301 302 303 304 305 306 308 309 310 311 312 313 314 315 316 318 319 320 323 324 325 326 327 328 329 331 332 333 334 335 336 337 338 340 341 344 345 346 347 349 350 351 353 354 356 358 359 361 362 364 365 366 367 368 369 370 371 372 373 376 377 378 381 382 383 384
Print [key0:key1]: *** lower bound 63
*** upper bound 370
 63 65 66 67 68 69 70 71 72 73 74 75 76 77 79 80 82 83 84 85 86 87 90 91 92 94 96 97 98 99 103 105 106 107 108 109 111 112 113 114 115 116 117 118 119 120 121 122 123 124 125 126 127 129 132 133 134 135 136 137 138 140 141 144 145 146 147 148 149 150 151 152 154 155 156 158 159 162 165 166 167 168 169 171 173 174 176 177 179 180 181 182 183 184 185 186 187 188 189 190 191 192 193 194 195 196 198 199 201 202 203 204 205 206 207 208 209 210 213 214 215 216 217 219 220 221 222 223 225 226 229 230 231 232 233 234 235 236 238 239 240 241 243 245 247 249 251 252 253 255 256 257 258 259 261 263 264 265 266 267 268 269 270 271 274 275 277 278 279 280 283 285 286 288 290 292 293 294 295 296 298 300 301 302 303 304 305 306 308 309 310 311 312 313 314 315 316 318 319 320 323 324 325 326 327 328 329 331 332 333 334 335 336 337 338 340 341 344 345 346 347 349 350 351 353 354 356 358 359 361 362 364 365 366 367 368 369
Print [key0:key1]: Print [key0:key1]: Print [key0:key1]: Print [key0:key1]: Print [key0:key1]: *** lower bound 31
*** upper bound 132
 31 32 33 35 36 39 40 41 43 45 46 47 48 49 50 52 54 55 56 57 58 59 62 63 65 66 67 68 69 70 71 72 73 74 75 76 77 79 80 82 83 84 85 86 87 90 91 92 94 96 97 98 99 103 105 106 107 108 109 111 112 113 114 115 116 117 118 119 120 121 122 123 124 125 126 127 129
Print [key0:key1]: Print [key0:key1]: Print [key0:key1]: *** lower bound 221
*** upper bound 285
 221 222 223 225 226 229 230 231 232 233 234 235 236 238 239 240 241 243 245 247 249 251 252 253 255 256 257 258 259 261 263 264 265 266 267 268 269 270 271 274 275 277 278 279 280 283
Print [key0:key1]: Print [key0:key1]: Print [key0:key1]: *** lower bound 467
*** upper bound 468
 467
Print [key0:key1]: *** lower bound 427
*** upper bound 529
 427 428 431 432 433 434 435 436 437 438 439 440 442 443 449 450 451 453 454 456 457 458 459 460 461 462 464 465 467 468 469 470 471 472 473 474 475 476 477 478 479 480 482 483 484 485 486 487 488 489 491 493 494 495 497 498 499 500 501 502 503 504 506 508 510 511 512 514 515 516 517 519 520 521 522 523 524 525 526 527
Print [key0:key1]: *** lower bound 116
*** upper bound 420
 116 117 118 119 120 121 122 123 124 125 126 127 129 132 133 134 135 136 137 138 140 141 144 145 146 147 148 149 150 151 152 154 155 156 158 159 162 165 166 167 168 169 171 173 174 176 177 179 180 181 182 183 184 185 186 187 188 189 190 191 192 193 194 195 196 198 199 201 202 203 204 205 206 207 208 209 210 213 214 215 216 217 219 220 221 222 223 225 226 229 230 231 232 233 234 235 236 238 239 240 241 243 245 247 249 251 252 253 255 256 257 258 259 261 263 264 265 266 267 268 269 270 271 274 275 277 278 279 280 283 285 286 288 290 292 293 294 295 296 298 300 301 302 303 304 305 306 308 309 310 311 312 313 314 315 316 318 319 320 323 324 325 326 327 328 329 331 332 333 334 335 336 337 338 340 341 344 345 346 347 349 350 351 353 354 356 358 359 361 362 364 365 366 367 368 369 370 371 372 373 376 377 378 381 382 383 384 386 387 388 391 392 394 395 396 397 400 401 402 403 404 405 406 407 408 409 412 414 415 418 419
Print [key0:key1]: *** lower bound 369
*** upper bound 475
 369 370 371 372 373 376 377 378 381 382 383 384 386 387 388 391 392 394 395 396 397 400 401 402 403 404 405 406 407 408 409 412 414 415 418 419 420 421 422 423 424 425 427 428 431 432 433 434 435 436 437 438 439 440 442 443 449 450 451 453 454 456 457 458 459 460 461 462 464 465 467 468 469 470 471 472 473 474
Print [key0:key1]: Print [key0:key1]: *** lower bound 361
*** upper bound 488
 361 362 364 365 366 367 368 369 370 371 372 373 376 377 378 381 382 383 384 386 387 388 391 392 394 395 396 397 400 401 402 403 404 405 406 407 408 409 412 414 415 418 419 420 421 422 423 424 425 427 428 431 432 433 434 435 436 437 438 439 440 442 443 449 450 451 453 454 456 457 458 459 460 461 462 464 465 467 468 469 470 471 472 473 474 475 476 477 478 479 480 482 483 484 485 486 487
Print [key0:key1]: *** lower bound 184
*** upper bound 504
 184 185 186 187 188 189 190 191 192 193 194 195 196 198 199 201 202 203 204 205 206 207 208 209 210 213 214 215 216 217 219 220 221 222 223 225 226 229 230 231 232 233 234 235 236 238 239 240 241 243 245 247 249 251 252 253 255 256 257 258 259 261 263 264 265 266 267 268 269 270 271 274 275 277 278 279 280 283 285 286 288 290 292 293 294 295 296 298 300 301 302 303 304 305 306 308 309 310 311 312 313 314 315 316 318 319 320 323 324 325 326 327 328 329 331 332 333 334 335 336 337 338 340 341 344 345 346 347 349 350 351 353 354 356 358 359 361 362 364 365 366 367 368 369 370 371 372 373 376 377 378 381 382 383 384 386 387 388 391 392 394 395 396 397 400 401 402 403 404 405 406 407 408 409 412 414 415 418 419 420 421 422 423 424 425 427 428 431 432 433 434 435 436 437 438 439 440 442 443 449 450 451 453 454 456 457 458 459 460 461 462 464 465 467 468 469 470 471 472 473 474 475 476 477 478 479 480 482 483 484 485 486 487 488 489 491 493 494 495 497 498 499 500 501 502 503
Print [key0:key1]: Print [key0:key1]: *** lower bound 229
*** upper bound 526
 229 230 231 232 233 234 235 236 238 239 240 241 243 245 247 249 251 252 253 255 256 257 258 259 261 263 264 265 266 267 268 269 270 271 274 275 277 278 279 280 283 285 286 288 290 292 293 294 295 296 298 300 301 302 303 304 305 306 308 309 310 311 312 313 314 315 316 318 319 320 323 324 325 326 327 328 329 331 332 333 334 335 336 337 338 340 341 344 345 346 347 349 350 351 353 354 356 358 359 361 362 364 365 366 367 368 369 370 371 372 373 376 377 378 381 382 383 384 386 387 388 391 392 394 395 396 397 400 401 402 403 404 405 406 407 408 409 412 414 415 418 419 420 421 422 423 424 425 427 428 431 432 433 434 435 436 437 438 439 440 442 443 449 450 451 453 454 456 457 458 459 460 461 462 464 465 467 468 469 470 471 472 473 474 475 476 477 478 479 480 482 483 484 485 486 487 488 489 491 493 494 495 497 498 499 500 501 502 503 504 506 508 510 511 512 514 515 516 517 519 520 521 522 523 524 525
Print [key0:key1]: Print [key0:key1]: *** lower bound 8
*** upper bound 408
 8 9 11 12 13 14 16 17 18 19 20 21 23 24 25 26 27 30 31 32 33 35 36 39 40 41 43 45 46 47 48 49 50 52 54 55 56 57 58 59 62 63 65 66 67 68 69 70 71 72 73 74 75 76 77 79 80 82 83 84 85 86 87 90 91 92 94 96 97 98 99 103 105 106 107 108 109 111 112 113 114 115 116 117 118 119 120 121 122 123 124 125 126 127 129 132 133 134 135 136 137 138 140 141 144 145 146 147 148 149 150 151 152 154 155 156 158 159 162 165 166 167 168 169 171 173 174 176 177 179 180 181 182 183 184 185 186 187 188 189 190 191 192 193 194 195 196 198 199 201 202 203 204 205 206 207 208 209 210 213 214 215 216 217 219 220 221 222 223 225 226 229 230 231 232 233 234 235 236 238 239 240 241 243 245 247 249 251 252 253 255 256 257 258 259 261 263 264 265 266 267 268 269 270 271 274 275 277 278 279 280 283 285 286 288 290 292 293 294 295 296 298 300 301 302 303 304 305 306 308 309 310 311 312 313 314 315 316 318 319 320 323 324 325 326 327 328 329 331 332 333 334 335 336 337 338 340 341 344 345 346 347 349 350 351 353 354 356 358 359 361 362 364 365 366 367 368 369 370 371 372 373 376 377 378 381 382 383 384 386 387 388 391 392 394 395 396 397 400 401 402 403 404 405 406 407
Print [key0:key1]: *** lower bound 206
*** upper bound 325
 206 207 208 209 210 213 214 215 216 217 219 220 221 222 223 225 226 229 230 231 232 233 234 235 236 238 239 240 241 243 245 247 249 251 252 253 255 256 257 258 259 261 263 264 265 266 267 268 269 270 271 274 275 277 278 279 280 283 285 286 288 290 292 293 294 295 296 298 300 301 302 303 304 305 306 308 309 310 311 312 313 314 315 316 318 319 320 323 324
Print [key0:key1]: *** lower bound 0
*** upper bound 522
 0 2 3 4 5 6 8 9 11 12 13 14 16 17 18 19 20 21 23 24 25 26 27 30 31 32 33 35 36 39 40 41 43 45 46 47 48 49 50 52 54 55 56 57 58 59 62 63 65 66 67 68 69 70 71 72 73 74 75 76 77 79 80 82 83 84 85 86 87 90 91 92 94 96 97 98 99 103 105 106 107 108 109 111 112 113 114 115 116 117 118 119 120 121 122 123 124 125 126 127 129 132 133 134 135 136 137 138 140 141 144 145 146 147 148 149 150 151 152 154 155 156 158 159 162 165 166 167 168 169 171 173 174 176 177 179 180 181 182 183 184 185 186 187 188 189 190 191 192 193 194 195 196 198 199 201 202 203 204 205 206 207 208 209 210 213 214 215 216 217 219 220 221 222 223 225 226 229 230 231 232 233 234 235 236 238 239 240 241 243 245 247 249 251 252 253 255 256 257 258 259 261 263 264 265 266 267 268 269 270 271 274 275 277 278 279 280 283 285 286 288 290 292 293 294 295 296 298 300 301 302 303 304 305 306 308 309 310 311 312 313 314 315 316 318 319 320 323 324 325 326 327 328 329 331 332 333 334 335 336 337 338 340 341 344 345 346 347 349 350 351 353 354 356 358 359 361 362 364 365 366 367 368 369 370 371 372 373 376 377 378 381 382 383 384 386 387 388 391 392 394 395 396 397 400 401 402 403 404 405 406 407 408 409 412 414 415 418 419 420 421 422 423 424 425 427 428 431 432 433 434 435 436 437 438 439 440 442 443 449 450 451 453 454 456 457 458 459 460 461 462 464 465 467 468 469 470 471 472 473 474 475 476 477 478 479 480 482 483 484 485 486 487 488 489 491 493 494 495 497 498 499 500 501 502 503 504 506 508 510 511 512 514 515 516 517 519 520 521
Print [key0:key1]: *** lower bound 182
*** upper bound 312
 182 183 184 185 186 187 188 189 190 191 192 193 194 195 196 198 199 201 202 203 204 205 206 207 208 209 210 213 214 215 216 217 219 220 221 222 223 225 226 229 230 231 232 233 234 235 236 238 239 240 241 243 245 247 249 251 252 253 255 256 257 258 259 261 263 264 265 266 267 268 269 270 271 274 275 277 278 279 280 283 285 286 288 290 292 293 294 295 296 298 300 301 302 303 304 305 306 308 309 310 311
Print [key0:key1]: *** lower bound 109
*** upper bound 512
 109 111 112 113 114 115 116 117 118 119 120 121 122 123 124 125 126 127 129 132 133 134 135 136 137 138 140 141 144 145 146 147 148 149 150 151 152 154 155 156 158 159 162 165 166 167 168 169 171 173 174 176 177 179 180 181 182 183 184 185 186 187 188 189 190 191 192 193 194 195 196 198 199 201 202 203 204 205 206 207 208 209 210 213 214 215 216 217 219 220 221 222 223 225 226 229 230 231 232 233 234 235 236 238 239 240 241 243 245 247 249 251 252 253 255 256 257 258 259 261 263 264 265 266 267 268 269 270 271 274 275 277 278 279 280 283 285 286 288 290 292 293 294 295 296 298 300 301 302 303 304 305 306 308 309 310 311 312 313 314 315 316 318 319 320 323 324 325 326 327 328 329 331 332 333 334 335 336 337 338 340 341 344 345 346 347 349 350 351 353 354 356 358 359 361 362 364 365 366 367 368 369 370 371 372 373 376 377 378 381 382 383 384 386 387 388 391 392 394 395 396 397 400 401 402 403 404 405 406 407 408 409 412 414 415 418 419 420 421 422 423 424 425 427 428 431 432 433 434 435 436 437 438 439 440 442 443 449 450 451 453 454 456 457 458 459 460 461 462 464 465 467 468 469 470 471 472 473 474 475 476 477 478 479 480 482 483 484 485 486 487 488 489 491 493 494 495 497 498 499 500 501 502 503 504 506 508 510 511
Print [key0:key1]: Print [key0:key1]: *** lower bound 62
*** upper bound 499
 62 63 65 66 67 68 69 70 71 72 73 74 75 76 77 79 80 82 83 84 85 86 87 90 91 92 94 96 97 98 99 103 105 106 107 108 109 111 112 113 114 115 116 117 118 119 120 121 122 123 124 125 126 127 129 132 133 134 135 136 137 138 140 141 144 145 146 147 148 149 150 151 152 154 155 156 158 159 162 165 166 167 168 169 171 173 174 176 177 179 180 181 182 183 184 185 186 187 188 189 190 191 192 193 194 195 196 198 199 201 202 203 204 205 206 207 208 209 210 213 214 215 216 217 219 220 221 222 223 225 226 229 230 231 232 233 234 235 236 238 239 240 241 243 245 247 249 251 252 253 255 256 257 258 259 261 263 264 265 266 267 268 269 270 271 274 275 277 278 279 280 283 285 286 288 290 292 293 294 295 296 298 300 301 302 303 304 305 306 308 309 310 311 312 313 314 315 316 318 319 320 323 324 325 326 327 328 329 331 332 333 334 335 336 337 338 340 341 344 345 346 347 349 350 351 353 354 356 358 359 361 362 364 365 366 367 368 369 370 371 372 373 376 377 378 381 382 383 384 386 387 388 391 392 394 395 396 397 400 401 402 403 404 405 406 407 408 409 412 414 415 418 419 420 421 422 423 424 425 427 428 431 432 433 434 435 436 437 438 439 440 442 443 449 450 451 453 454 456 457 458 459 460 461 462 464 465 467 468 469 470 471 472 473 474 475 476 477 478 479 480 482 483 484 485 486 487 488 489 491 493 494 495 497 498
Print [key0:key1]: Print [key0:key1]: Print [key0:key1]: *** lower bound 166
*** upper bound 396
 166 167 168 169 171 173 174 176 177 179 180 181 182 183 184 185 186 187 188 189 190 191 192 193 194 195 196 198 199 201 202 203 204 205 206 207 208 209 210 213 214 215 216 217 219 220 221 222 223 225 226 229 230 231 232 233 234 235 236 238 239 240 241 243 245 247 249 251 252 253 255 256 257 258 259 261 263 264 265 266 267 268 269 270 271 274 275 277 278 279 280 283 285 286 288 290 292 293 294 295 296 298 300 301 302 303 304 305 306 308 309 310 311 312 313 314 315 316 318 319 320 323 324 325 326 327 328 329 331 332 333 334 335 336 337 338 340 341 344 345 346 347 349 350 351 353 354 356 358 359 361 362 364 365 366 367 368 369 370 371 372 373 376 377 378 381 382 383 384 386 387 388 391 392 394 395
Print [key0:key1]: *** lower bound 0
*** upper bound 391
 0 2 3 4 5 6 8 9 11 12 13 14 16 17 18 19 20 21 23 24 25 26 27 30 31 32 33 35 36 39 40 41 43 45 46 47 48 49 50 52 54 55 56 57 58 59 62 63 65 66 67 68 69 70 71 72 73 74 75 76 77 79 80 82 83 84 85 86 87 90 91 92 94 96 97 98 99 103 105 106 107 108 109 111 112 113 114 115 116 117 118 119 120 121 122 123 124 125 126 127 129 132 133 134 135 136 137 138 140 141 144 145 146 147 148 149 150 151 152 154 155 156 158 159 162 165 166 167 168 169 171 173 174 176 177 179 180 181 182 183 184 185 186 187 188 189 190 191 192 193 194 195 196 198 199 201 202 203 204 205 206 207 208 209 210 213 214 215 216 217 219 220 221 222 223 225 226 229 230 231 232 233 234 235 236 238 239 240 241 243 245 247 249 251 252 253 255 256 257 258 259 261 263 264 265 266 267 268 269 270 271 274 275 277 278 279 280 283 285 286 288 290 292 293 294 295 296 298 300 301 302 303 304 305 306 308 309 310 311 312 313 314 315 316 318 319 320 323 324 325 326 327 328 329 331 332 333 334 335 336 337 338 340 341 344 345 346 347 349 350 351 353 354 356 358 359 361 362 364 365 366 367 368 369 370 371 372 373 376 377 378 381 382 383 384 386 387 388
Print [key0:key1]: *** lower bound 464
*** upper bound 467
 464 465
Print [key0:key1]: Print [key0:key1]: Print [key0:key1]: *** lower bound 162
*** upper bound 303
 162 165 166 167 168 169 171 173 174 176 177 179 180 181 182 183 184 185 186 187 188 189 190 191 192 193 194 195 196 198 199 201 202 203 204 205 206 207 208 209 210 213 214 215 216 217 219 220 221 222 223 225 226 229 230 231 232 233 234 235 236 238 239 240 241 243 245 247 249 251 252 253 255 256 257 258 259 261 263 264 265 266 267 268 269 270 271 274 275 277 278 279 280 283 285 286 288 290 292 293 294 295 296 298 300 301 302
Print [key0:key1]: *** lower bound 2
*** upper bound 356
 2 3 4 5 6 8 9 11 12 13 14 16 17 18 19 20 21 23 24 25 26 27 30 31 32 33 35 36 39 40 41 43 45 46 47 48 49 50 52 54 55 56 57 58 59 62 63 65 66 67 68 69 70 71 72 73 74 75 76 77 79 80 82 83 84 85 86 87 90 91 92 94 96 97 98 99 103 105 106 107 108 109 111 112 113 114 115 116 117 118 119 120 121 122 123 124 125 126 127 129 132 133 134 135 136 137 138 140 141 144 145 146 147 148 149 150 151 152 154 155 156 158 159 162 165 166 167 168 169 171 173 174 176 177 179 180 181 182 183 184 185 186 187 188 189 190 191 192 193 194 195 196 198 199 201 202 203 204 205 206 207 208 209 210 213 214 215 216 217 219 220 221 222 223 225 226 229 230 231 232 233 234 235 236 238 239 240 241 243 245 247 249 251 252 253 255 256 257 258 259 261 263 264 265 266 267 268 269 270 271 274 275 277 278 279 280 283 285 286 288 290 292 293 294 295 296 298 300 301 302 303 304 305 306 308 309 310 311 312 313 314 315 316 318 319 320 323 324 325 326 327 328 329 331 332 333 334 335 336 337 338 340 341 344 345 346 347 349 350 351 353 354
Print [key0:key1]: *** lower bound 167
*** upper bound 223
 167 168 169 171 173 174 176 177 179 180 181 182 183 184 185 186 187 188 189 190 191 192 193 194 195 196 198 199 201 202 203 204 205 206 207 208 209 210 213 214 215 216 217 219 220 221 222
Print [key0:key1]: Print [key0:key1]: Print [key0:key1]: *** lower bound 116
*** upper bound 198
 116 117 118 119 120 121 122 123 124 125 126 127 129 132 133 134 135 136 137 138 140 141 144 145 146 147 148 149 150 151 152 154 155 156 158 159 162 165 166 167 168 169 171 173 174 176 177 179 180 181 182 183 184 185 186 187 188 189 190 191 192 193 194 195 196
Print [key0:key1]: *** lower bound 159
*** upper bound 519
 159 162 165 166 167 168 169 171 173 174 176 177 179 180 181 182 183 184 185 186 187 188 189 190 191 192 193 194 195 196 198 199 201 202 203 204 205 206 207 208 209 210 213 214 215 216 217 219 220 221 222 223 225 226 229 230 231 232 233 234 235 236 238 239 240 241 243 245 247 249 251 252 253 255 256 257 258 259 261 263 264 265 266 267 268 269 270 271 274 275 277 278 279 280 283 285 286 288 290 292 293 294 295 296 298 300 301 302 303 304 305 306 308 309 310 311 312 313 314 315 316 318 319 320 323 324 325 326 327 328 329 331 332 333 334 335 336 337 338 340 341 344 345 346 347 349 350 351 353 354 356 358 359 361 362 364 365 366 367 368 369 370 371 372 373 376 377 378 381 382 383 384 386 387 388 391 392 394 395 396 397 400 401 402 403 404 405 406 407 408 409 412 414 415 418 419 420 421 422 423 424 425 427 428 431 432 433 434 435 436 437 438 439 440 442 443 449 450 451 453 454 456 457 458 459 460 461 462 464 465 467 468 469 470 471 472 473 474 475 476 477 478 479 480 482 483 484 485 486 487 488 489 491 493 494 495 497 498 499 500 501 502 503 504 506 508 510 511 512 514 515 516 517
Print [key0:key1]: Print [key0:key1]: *** lower bound 0
*** upper bound 470
 0 2 3 4 5 6 8 9 11 12 13 14 16 17 18 19 20 21 23 24 25 26 27 30 31 32 33 35 36 39 40 41 43 45 46 47 48 49 50 52 54 55 56 57 58 59 62 63 65 66 67 68 69 70 71 72 73 74 75 76 77 79 80 82 83 84 85 86 87 90 91 92 94 96 97 98 99 103 105 106 107 108 109 111 112 113 114 115 116 117 118 119 120 121 122 123 124 125 126 127 129 132 133 134 135 136 137 138 140 141 144 145 146 147 148 149 150 151 152 154 155 156 158 159 162 165 166 167 168 169 171 173 174 176 177 179 180 181 182 183 184 185 186 187 188 189 190 191 192 193 194 195 196 198 199 201 202 203 204 205 206 207 208 209 210 213 214 215 216 217 219 220 221 222 223 225 226 229 230 231 232 233 234 235 236 238 239 240 241 243 245 247 249 251 252 253 255 256 257 258 259 261 263 264 265 266 267 268 269 270 271 274 275 277 278 279 280 283 285 286 288 290 292 293 294 295 296 298 300 301 302 303 304 305 306 308 309 310 311 312 313 314 315 316 318 319 320 323 324 325 326 327 328 329 331 332 333 334 335 336 337 338 340 341 344 345 346 347 349 350 351 353 354 356 358 359 361 362 364 365 366 367 368 369 370 371 372 373 376 377 378 381 382 383 384 386 387 388 391 392 394 395 396 397 400 401 402 403 404 405 406 407 408 409 412 414 415 418 419 420 421 422 423 424 425 427 428 431 432 433 434 435 436 437 438 439 440 442 443 449 450 451 453 454 456 457 458 459 460 461 462 464 465 467 468 469
Print [key0:key1]: *** lower bound 384
*** upper bound 418
 384 386 387 388 391 392 394 395 396 397 400 401 402 403 404 405 406 407 408 409 412 414 415
Print [key0:key1]: *** lower bound 8
*** upper bound 71
 8 9 11 12 13 14 16 17 18 19 20 21 23 24 25 26 27 30 31 32 33 35 36 39 40 41 43 45 46 47 48 49 50 52 54 55 56 57 58 59 62 63 65 66 67 68 69 70
Print [key0:key1]: Print [key0:key1]: *** lower bound 141
*** upper bound 515
 141 144 145 146 147 148 149 150 151 152 154 155 156 158 159 162 165 166 167 168 169 171 173 174 176 177 179 180 181 182 183 184 185 186 187 188 189 190 191 192 193 194 195 196 198 199 201 202 203 204 205 206 207 208 209 210 213 214 215 216 217 219 220 221 222 223 225 226 229 230 231 232 233 234 235 236 238 239 240 241 243 245 247 249 251 252 253 255 256 257 258 259 261 263 264 265 266 267 268 269 270 271 274 275 277 278 279 280 283 285 286 288 290 292 293 294 295 296 298 300 301 302 303 304 305 306 308 309 310 311 312 313 314 315 316 318 319 320 323 324 325 326 327 328 329 331 332 333 334 335 336 337 338 340 341 344 345 346 347 349 350 351 353 354 356 358 359 361 362 364 365 366 367 368 369 370 371 372 373 376 377 378 381 382 383 384 386 387 388 391 392 394 395 396 397 400 401 402 403 404 405 406 407 408 409 412 414 415 418 419 420 421 422 423 424 425 427 428 431 432 433 434 435 436 437 438 439 440 442 443 449 450 451 453 454 456 457 458 459 460 461 462 464 465 467 468 469 470 471 472 473 474 475 476 477 478 479 480 482 483 484 485 486 487 488 489 491 493 494 495 497 498 499 500 501 502 503 504 506 508 510 511 512 514
Print [key0:key1]: *** lower bound 156
*** upper bound 494
 156 158 159 162 165 166 167 168 169 171 173 174 176 177 179 180 181 182 183 184 185 186 187 188 189 190 191 192 193 194 195 196 198 199 201 202 203 204 205 206 207 208 209 210 213 214 215 216 217 219 220 221 222 223 225 226 229 230 231 232 233 234 235 236 238 239 240 241 243 245 247 249 251 252 253 255 256 257 258 259 261 263 264 265 266 267 268 269 270 271 274 275 277 278 279 280 283 285 286 288 290 292 293 294 295 296 298 300 301 302 303 304 305 306 308 309 310 311 312 313 314 315 316 318 319 320 323 324 325 326 327 328 329 331 332 333 334 335 336 337 338 340 341 344 345 346 347 349 350 351 353 354 356 358 359 361 362 364 365 366 367 368 369 370 371 372 373 376 377 378 381 382 383 384 386 387 388 391 392 394 395 396 397 400 401 402 403 404 405 406 407 408 409 412 414 415 418 419 420 421 422 423 424 425 427 428 431 432 433 434 435 436 437 438 439 440 442 443 449 450 451 453 454 456 457 458 459 460 461 462 464 465 467 468 469 470 471 472 473 474 475 476 477 478 479 480 482 483 484 485 486 487 488 489 491 493
Print [key0:key1]: *** lower bound 335
*** upper bound 459
 335 336 337 338 340 341 344 345 346 347 349 350 351 353 354 356 358 359 361 362 364 365 366 367 368 369 370 371 372 373 376 377 378 381 382 383 384 386 387 388 391 392 394 395 396 397 400 401 402 403 404 405 406 407 408 409 412 414 415 418 419 420 421 422 423 424 425 427 428 431 432 433 434 435 436 437 438 439 440 442 443 449 450 451 453 454 456 457 458
Print [key0:key1]: Print [key0:key1]: Print [key0:key1]: Print [key0:key1]: *** lower bound 303
*** upper bound 473
 303 304 305 306 308 309 310 311 312 313 314 315 316 318 319 320 323 324 325 326 327 328 329 331 332 333 334 335 336 337 338 340 341 344 345 346 347 349 350 351 353 354 356 358 359 361 362 364 365 366 367 368 369 370 371 372 373 376 377 378 381 382 383 384 386 387 388 391 392 394 395 396 397 400 401 402 403 404 405 406 407 408 409 412 414 415 418 419 420 421 422 423 424 425 427 428 431 432 433 434 435 436 437 438 439 440 442 443 449 450 451 453 454 456 457 458 459 460 461 462 464 465 467 468 469 470 471 472
Print [key0:key1]: *** lower bound 201
*** upper bound 221
 201 202 203 204 205 206 207 208 209 210 213 214 215 216 217 219 220
Print [key0:key1]: *** lower bound 125
*** upper bound 344
 125 126 127 129 132 133 134 135 136 137 138 140 141 144 145 146 147 148 149 150 151 152 154 155 156 158 159 162 165 166 167 168 169 171 173 174 176 177 179 180 181 182 183 184 185 186 187 188 189 190 191 192 193 194 195 196 198 199 201 202 203 204 205 206 207 208 209 210 213 214 215 216 217 219 220 221 222 223 225 226 229 230 231 232 233 234 235 236 238 239 240 241 243 245 247 249 251 252 253 255 256 257 258 259 261 263 264 265 266 267 268 269 270 271 274 275 277 278 279 280 283 285 286 288 290 292 293 294 295 296 298 300 301 302 303 304 305 306 308 309 310 311 312 313 314 315 316 318 319 320 323 324 325 326 327 328 329 331 332 333 334 335 336 337 338 340 341
Print [key0:key1]: *** lower bound 173
*** upper bound 479
 173 174 176 177 179 180 181 182 183 184 185 186 187 188 189 190 191 192 193 194 195 196 198 199 201 202 203 204 205 206 207 208 209 210 213 214 215 216 217 219 220 221 222 223 225 226 229 230 231 232 233 234 235 236 238 239 240 241 243 245 247 249 251 252 253 255 256 257 258 259 261 263 264 265 266 267 268 269 270 271 274 275 277 278 279 280 283 285 286 288 290 292 293 294 295 296 298 300 301 302 303 304 305 306 308 309 310 311 312 313 314 315 316 318 319 320 323 324 325 326 327 328 329 331 332 333 334 335 336 337 338 340 341 344 345 346 347 349 350 351 353 354 356 358 359 361 362 364 365 366 367 368 369 370 371 372 373 376 377 378 381 382 383 384 386 387 388 391 392 394 395 396 397 400 401 402 403 404 405 406 407 408 409 412 414 415 418 419 420 421 422 423 424 425 427 428 431 432 433 434 435 436 437 438 439 440 442 443 449 450 451 453 454 456 457 458 459 460 461 462 464 465 467 468 469 470 471 472 473 474 475 476 477 478
Print [key0:key1]: *** lower bound 59
*** upper bound 185
 59 62 63 65 66 67 68 69 70 71 72 73 74 75 76 77 79 80 82 83 84 85 86 87 90 91 92 94 96 97 98 99 103 105 106 107 108 109 111 112 113 114 115 116 117 118 119 120 121 122 123 124 125 126 127 129 132 133 134 135 136 137 138 140 141 144 145 146 147 148 149 150 151 152 154 155 156 158 159 162 165 166 167 168 169 171 173 174 176 177 179 180 181 182 183 184
Print [key0:key1]: *** lower bound 369
*** upper bound 415
 369 370 371 372 373 376 377 378 381 382 383 384 386 387 388 391 392 394 395 396 397 400 401 402 403 404 405 406 407 408 409 412 414
Print [key0:key1]: *** lower bound 109
*** upper bound 391
 109 111 112 113 114 115 116 117 118 119 120 121 122 123 124 125 126 127 129 132 133 134 135 136 137 138 140 141 144 145 146 147 148 149 150 151 152 154 155 156 158 159 162 165 166 167 168 169 171 173 174 176 177 179 180 181 182 183 184 185 186 187 188 189 190 191 192 193 194 195 196 198 199 201 202 203 204 205 206 207 208 209 210 213 214 215 216 217 219 220 221 222 223 225 226 229 230 231 232 233 234 235 236 238 239 240 241 243 245 247 249 251 252 253 255 256 257 258 259 261 263 264 265 266 267 268 269 270 271 274 275 277 278 279 280 283 285 286 288 290 292 293 294 295 296 298 300 301 302 303 304 305 306 308 309 310 311 312 313 314 315 316 318 319 320 323 324 325 326 327 328 329 331 332 333 334 335 336 337 338 340 341 344 345 346 347 349 350 351 353 354 356 358 359 361 362 364 365 366 367 368 369 370 371 372 373 376 377 378 381 382 383 384 386 387 388
Print [key0:key1]: *** lower bound 488
*** upper bound 498
 488 489 491 493 494 495 497
Print [key0:key1]: *** lower bound 454
*** upper bound 499
 454 456 457 458 459 460 461 462 464 465 467 468 469 470 471 472 473 474 475 476 477 478 479 480 482 483 484 485 486 487 488 489 491 493 494 495 497 498
Print [key0:key1]: *** lower bound 35
*** upper bound 252
 35 36 39 40 41 43 45 46 47 48 49 50 52 54 55 56 57 58 59 62 63 65 66 67 68 69 70 71 72 73 74 75 76 77 79 80 82 83 84 85 86 87 90 91 92 94 96 97 98 99 103 105 106 107 108 109 111 112 113 114 115 116 117 118 119 120 121 122 123 124 125 126 127 129 132 133 134 135 136 137 138 140 141 144 145 146 147 148 149 150 151 152 154 155 156 158 159 162 165 166 167 168 169 171 173 174 176 177 179 180 181 182 183 184 185 186 187 188 189 190 191 192 193 194 195 196 198 199 201 202 203 204 205 206 207 208 209 210 213 214 215 216 217 219 220 221 222 223 225 226 229 230 231 232 233 234 235 236 238 239 240 241 243 245 247 249 251
Print [key0:key1]: Print [key0:key1]: *** lower bound 3
*** upper bound 535
 3 4 5 6 8 9 11 12 13 14 16 17 18 19 20 21 23 24 25 26 27 30 31 32 33 35 36 39 40 41 43 45 46 47 48 49 50 52 54 55 56 57 58 59 62 63 65 66 67 68 69 70 71 72 73 74 75 76 77 79 80 82 83 84 85 86 87 90 91 92 94 96 97 98 99 103 105 106 107 108 109 111 112 113 114 115 116 117 118 119 120 121 122 123 124 125 126 127 129 132 133 134 135 136 137 138 140 141 144 145 146 147 148 149 150 151 152 154 155 156 158 159 162 165 166 167 168 169 171 173 174 176 177 179 180 181 182 183 184 185 186 187 188 189 190 191 192 193 194 195 196 198 199 201 202 203 204 205 206 207 208 209 210 213 214 215 216 217 219 220 221 222 223 225 226 229 230 231 232 233 234 235 236 238 239 240 241 243 245 247 249 251 252 253 255 256 257 258 259 261 263 264 265 266 267 268 269 270 271 274 275 277 278 279 280 283 285 286 288 290 292 293 294 295 296 298 300 301 302 303 304 305 306 308 309 310 311 312 313 314 315 316 318 319 320 323 324 325 326 327 328 329 331 332 333 334 335 336 337 338 340 341 344 345 346 347 349 350 351 353 354 356 358 359 361 362 364 365 366 367 368 369 370 371 372 373 376 377 378 381 382 383 384 386 387 388 391 392 394 395 396 397 400 401 402 403 404 405 406 407 408 409 412 414 415 418 419 420 421 422 423 424 425 427 428 431 432 433 434 435 436 437 438 439 440 442 443 449 450 451 453 454 456 457 458 459 460 461 462 464 465 467 468 469 470 471 472 473 474 475 476 477 478 479 480 482 483 484 485 486 487 488 489 491 493 494 495 497 498 499 500 501 502 503 504 506 508 510 511 512 514 515 516 517 519 520 521 522 523 524 525 526 527 529 530 531 533 534
Print [key0:key1]: Print [key0:key1]: Print [key0:key1]: *** lower bound 207
*** upper bound 256
 207 208 209 210 213 214 215 216 217 219 220 221 222 223 225 226 229 230 231 232 233 234 235 236 238 239 240 241 243 245 247 249 251 252 253 255
Print [key0:key1]: Print [key0:key1]: *** lower bound 17
*** upper bound 331
 17 18 19 20 21 23 24 25 26 27 30 31 32 33 35 36 39 40 41 43 45 46 47 48 49 50 52 54 55 56 57 58 59 62 63 65 66 67 68 69 70 71 72 73 74 75 76 77 79 80 82 83 84 85 86 87 90 91 92 94 96 97 98 99 103 105 106 107 108 109 111 112 113 114 115 116 117 118 119 120 121 122 123 124 125 126 127 129 132 133 134 135 136 137 138 140 141 144 145 146 147 148 149 150 151 152 154 155 156 158 159 162 165 166 167 168 169 171 173 174 176 177 179 180 181 182 183 184 185 186 187 188 189 190 191 192 193 194 195 196 198 199 201 202 203 204 205 206 207 208 209 210 213 214 215 216 217 219 220 221 222 223 225 226 229 230 231 232 233 234 235 236 238 239 240 241 243 245 247 249 251 252 253 255 256 257 258 259 261 263 264 265 266 267 268 269 270 271 274 275 277 278 279 280 283 285 286 288 290 292 293 294 295 296 298 300 301 302 303 304 305 306 308 309 310 311 312 313 314 315 316 318 319 320 323 324 325 326 327 328 329
Print [key0:key1]: Print [key0:key1]: Print [key0:key1]: Print [key0:key1]: Print [key0:key1]: *** lower bound 188
*** upper bound 449
 188 189 190 191 192 193 194 195 196 198 199 201 202 203 204 205 206 207 208 209 210 213 214 215 216 217 219 220 221 222 223 225 226 229 230 231 232 233 234 235 236 238 239 240 241 243 245 247 249 251 252 253 255 256 257 258 259 261 263 264 265 266 267 268 269 270 271 274 275 277 278 279 280 283 285 286 288 290 292 293 294 295 296 298 300 301 302 303 304 305 306 308 309 310 311 312 313 314 315 316 318 319 320 323 324 325 326 327 328 329 331 332 333 334 335 336 337 338 340 341 344 345 346 347 349 350 351 353 354 356 358 359 361 362 364 365 366 367 368 369 370 371 372 373 376 377 378 381 382 383 384 386 387 388 391 392 394 395 396 397 400 401 402 403 404 405 406 407 408 409 412 414 415 418 419 420 421 422 423 424 425 427 428 431 432 433 434 435 436 437 438 439 440 442 443
Print [key0:key1]: Print [key0:key1]: *** lower bound 112
*** upper bound 449
 112 113 114 115 116 117 118 119 120 121 122 123 124 125 126 127 129 132 133 134 135 136 137 138 140 141 144 145 146 147 148 149 150 151 152 154 155 156 158 159 162 165 166 167 168 169 171 173 174 176 177 179 180 181 182 183 184 185 186 187 188 189 190 191 192 193 194 195 196 198 199 201 202 203 204 205 206 207 208 209 210 213 214 215 216 217 219 220 221 222 223 225 226 229 230 231 232 233 234 235 236 238 239 240 241 243 245 247 249 251 252 253 255 256 257 258 259 261 263 264 265 266 267 268 269 270 271 274 275 277 278 279 280 283 285 286 288 290 292 293 294 295 296 298 300 301 302 303 304 305 306 308 309 310 311 312 313 314 315 316 318 319 320 323 324 325 326 327 328 329 331 332 333 334 335 336 337 338 340 341 344 345 346 347 349 350 351 353 354 356 358 359 361 362 364 365 366 367 368 369 370 371 372 373 376 377 378 381 382 383 384 386 387 388 391 392 394 395 396 397 400 401 402 403 404 405 406 407 408 409 412 414 415 418 419 420 421 422 423 424 425 427 428 431 432 433 434 435 436 437 438 439 440 442 443
Print [key0:key1]: *** lower bound 206
*** upper bound 306
 206 207 208 209 210 213 214 215 216 217 219 220 221 222 223 225 226 229 230 231 232 233 234 235 236 238 239 240 241 243 245 247 249 251 252 253 255 256 257 258 259 261 263 264 265 266 267 268 269 270 271 274 275 277 278 279 280 283 285 286 288 290 292 293 294 295 296 298 300 301 302 303 304 305
Print [key0:key1]: Print [key0:key1]: *** lower bound 344
*** upper bound 403
 344 345 346 347 349 350 351 353 354 356 358 359 361 362 364 365 366 367 368 369 370 371 372 373 376 377 378 381 382 383 384 386 387 388 391 392 394 395 396 397 400 401 402
Print [key0:key1]: *** lower bound 39
*** upper bound 402
 39 40 41 43 45 46 47 48 49 50 52 54 55 56 57 58 59 62 63 65 66 67 68 69 70 71 72 73 74 75 76 77 79 80 82 83 84 85 86 87 90 91 92 94 96 97 98 99 103 105 106 107 108 109 111 112 113 114 115 116 117 118 119 120 121 122 123 124 125 126 127 129 132 133 134 135 136 137 138 140 141 144 145 146 147 148 149 150 151 152 154 155 156 158 159 162 165 166 167 168 169 171 173 174 176 177 179 180 181 182 183 184 185 186 187 188 189 190 191 192 193 194 195 196 198 199 201 202 203 204 205 206 207 208 209 210 213 214 215 216 217 219 220 221 222 223 225 226 229 230 231 232 233 234 235 236 238 239 240 241 243 245 247 249 251 252 253 255 256 257 258 259 261 263 264 265 266 267 268 269 270 271 274 275 277 278 279 280 283 285 286 288 290 292 293 294 295 296 298 300 301 302 303 304 305 306 308 309 310 311 312 313 314 315 316 318 319 320 323 324 325 326 327 328 329 331 332 333 334 335 336 337 338 340 341 344 345 346 347 349 350 351 353 354 356 358 359 361 362 364 365 366 367 368 369 370 371 372 373 376 377 378 381 382 383 384 386 387 388 391 392 394 395 396 397 400 401
Print [key0:key1]: *** lower bound 63
*** upper bound 453
 63 65 66 67 68 69 70 71 72 73 74 75 76 77 79 80 82 83 84 85 86 87 90 91 92 94 96 97 98 99 103 105 106 107 108 109 111 112 113 114 115 116 117 118 119 120 121 122 123 124 125 126 127 129 132 133 134 135 136 137 138 140 141 144 145 146 147 148 149 150 151 152 154 155 156 158 159 162 165 166 167 168 169 171 173 174 176 177 179 180 181 182 183 184 185 186 187 188 189 190 191 192 193 194 195 196 198 199 201 202 203 204 205 206 207 208 209 210 213 214 215 216 217 219 220 221 222 223 225 226 229 230 231 232 233 234 235 236 238 239 240 241 243 245 247 249 251 252 253 255 256 257 258 259 261 263 264 265 266 267 268 269 270 271 274 275 277 278 279 280 283 285 286 288 290 292 293 294 295 296 298 300 301 302 303 304 305 306 308 309 310 311 312 313 314 315 316 318 319 320 323 324 325 326 327 328 329 331 332 333 334 335 336 337 338 340 341 344 345 346 347 349 350 351 353 354 356 358 359 361 362 364 365 366 367 368 369 370 371 372 373 376 377 378 381 382 383 384 386 387 388 391 392 394 395 396 397 400 401 402 403 404 405 406 407 408 409 412 414 415 418 419 420 421 422 423 424 425 427 428 431 432 433 434 435 436 437 438 439 440 442 443 449 450 451
Print [key0:key1]: Print [key0:key1]: *** lower bound 261
*** upper bound 370
 261 263 264 265 266 267 268 269 270 271 274 275 277 278 279 280 283 285 286 288 290 292 293 294 295 296 298 300 301 302 303 304 305 306 308 309 310 311 312 313 314 315 316 318 319 320 323 324 325 326 327 328 329 331 332 333 334 335 336 337 338 340 341 344 345 346 347 349 350 351 353 354 356 358 359 361 362 364 365 366 367 368 369
Print [key0:key1]: *** lower bound 206
*** upper bound 245
 206 207 208 209 210 213 214 215 216 217 219 220 221 222 223 225 226 229 230 231 232 233 234 235 236 238 239 240 241 243
Print [key0:key1]: Print [key0:key1]: Print [key0:key1]: Print [key0:key1]: Print [key0:key1]: *** lower bound 219
*** upper bound 431
 219 220 221 222 223 225 226 229 230 231 232 233 234 235 236 238 239 240 241 243 245 247 249 251 252 253 255 256 257 258 259 261 263 264 265 266 267 268 269 270 271 274 275 277 278 279 280 283 285 286 288 290 292 293 294 295 296 298 300 301 302 303 304 305 306 308 309 310 311 312 313 314 315 316 318 319 320 323 324 325 326 327 328 329 331 332 333 334 335 336 337 338 340 341 344 345 346 347 349 350 351 353 354 356 358 359 361 362 364 365 366 367 368 369 370 371 372 373 376 377 378 381 382 383 384 386 387 388 391 392 394 395 396 397 400 401 402 403 404 405 406 407 408 409 412 414 415 418 419 420 421 422 423 424 425 427 428
Print [key0:key1]: Print [key0:key1]: *** lower bound 300
*** upper bound 325
 300 301 302 303 304 305 306 308 309 310 311 312 313 314 315 316 318 319 320 323 324
Print [key0:key1]: Print [key0:key1]: *** lower bound 133
*** upper bound 214
 133 134 135 136 137 138 140 141 144 145 146 147 148 149 150 151 152 154 155 156 158 159 162 165 166 167 168 169 171 173 174 176 177 179 180 181 182 183 184 185 186 187 188 189 190 191 192 193 194 195 196 198 199 201 202 203 204 205 206 207 208 209 210 213
Print [key0:key1]: Print [key0:key1]: *** lower bound 75
*** upper bound 331
 75 76 77 79 80 82 83 84 85 86 87 90 91 92 94 96 97 98 99 103 105 106 107 108 109 111 112 113 114 115 116 117 118 119 120 121 122 123 124 125 126 127 129 132 133 134 135 136 137 138 140 141 144 145 146 147 148 149 150 151 152 154 155 156 158 159 162 165 166 167 168 169 171 173 174 176 177 179 180 181 182 183 184 185 186 187 188 189 190 191 192 193 194 195 196 198 199 201 202 203 204 205 206 207 208 209 210 213 214 215 216 217 219 220 221 222 223 225 226 229 230 231 232 233 234 235 236 238 239 240 241 243 245 247 249 251 252 253 255 256 257 258 259 261 263 264 265 266 267 268 269 270 271 274 275 277 278 279 280 283 285 286 288 290 292 293 294 295 296 298 300 301 302 303 304 305 306 308 309 310 311 312 313 314 315 316 318 319 320 323 324 325 326 327 328 329
Print [key0:key1]: Print [key0:key1]: *** lower bound 32
*** upper bound 515
 32 33 35 36 39 40 41 43 45 46 47 48 49 50 52 54 55 56 57 58 59 62 63 65 66 67 68 69 70 71 72 73 74 75 76 77 79 80 82 83 84 85 86 87 90 91 92 94 96 97 98 99 103 105 106 107 108 109 111 112 113 114 115 116 117 118 119 120 121 122 123 124 125 126 127 129 132 133 134 135 136 137 138 140 141 144 145 146 147 148 149 150 151 152 154 155 156 158 159 162 165 166 167 168 169 171 173 174 176 177 179 180 181 182 183 184 185 186 187 188 189 190 191 192 193 194 195 196 198 199 201 202 203 204 205 206 207 208 209 210 213 214 215 216 217 219 220 221 222 223 225 226 229 230 231 232 233 234 235 236 238 239 240 241 243 245 247 249 251 252 253 255 256 257 258 259 261 263 264 265 266 267 268 269 270 271 274 275 277 278 279 280 283 285 286 288 290 292 293 294 295 296 298 300 301 302 303 304 305 306 308 309 310 311 312 313 314 315 316 318 319 320 323 324 325 326 327 328 329 331 332 333 334 335 336 337 338 340 341 344 345 346 347 349 350 351 353 354 356 358 359 361 362 364 365 366 367 368 369 370 371 372 373 376 377 378 381 382 383 384 386 387 388 391 392 394 395 396 397 400 401 402 403 404 405 406 407 408 409 412 414 415 418 419 420 421 422 423 424 425 427 428 431 432 433 434 435 436 437 438 439 440 442 443 449 450 451 453 454 456 457 458 459 460 461 462 464 465 467 468 469 470 471 472 473 474 475 476 477 478 479 480 482 483 484 485 486 487 488 489 491 493 494 495 497 498 499 500 501 502 503 504 506 508 510 511 512 514
Print [key0:key1]: Print [key0:key1]: *** lower bound 347
*** upper bound 484
 347 349 350 351 353 354 356 358 359 361 362 364 365 366 367 368 369 370 371 372 373 376 377 378 381 382 383 384 386 387 388 391 392 394 395 396 397 400 401 402 403 404 405 406 407 408 409 412 414 415 418 419 420 421 422 423 424 425 427 428 431 432 433 434 435 436 437 438 439 440 442 443 449 450 451 453 454 456 457 458 459 460 461 462 464 465 467 468 469 470 471 472 473 474 475 476 477 478 479 480 482 483
Print [key0:key1]: Print [key0:key1]: Print [key0:key1]: *** lower bound 431
*** upper bound 508
 431 432 433 434 435 436 437 438 439 440 442 443 449 450 451 453 454 456 457 458 459 460 461 462 464 465 467 468 469 470 471 472 473 474 475 476 477 478 479 480 482 483 484 485 486 487 488 489 491 493 494 495 497 498 499 500 501 502 503 504 506
Print [key0:key1]: Print [key0:key1]: *** lower bound 30
*** upper bound 462
 30 31 32 33 35 36 39 40 41 43 45 46 47 48 49 50 52 54 55 56 57 58 59 62 63 65 66 67 68 69 70 71 72 73 74 75 76 77 79 80 82 83 84 85 86 87 90 91 92 94 96 97 98 99 103 105 106 107 108 109 111 112 113 114 115 116 117 118 119 120 121 122 123 124 125 126 127 129 132 133 134 135 136 137 138 140 141 144 145 146 147 148 149 150 151 152 154 155 156 158 159 162 165 166 167 168 169 171 173 174 176 177 179 180 181 182 183 184 185 186 187 188 189 190 191 192 193 194 195 196 198 199 201 202 203 204 205 206 207 208 209 210 213 214 215 216 217 219 220 221 222 223 225 226 229 230 231 232 233 234 235 236 238 239 240 241 243 245 247 249 251 252 253 255 256 257 258 259 261 263 264 265 266 267 268 269 270 271 274 275 277 278 279 280 283 285 286 288 290 292 293 294 295 296 298 300 301 302 303 304 305 306 308 309 310 311 312 313 314 315 316 318 319 320 323 324 325 326 327 328 329 331 332 333 334 335 336 337 338 340 341 344 345 346 347 349 350 351 353 354 356 358 359 361 362 364 365 366 367 368 369 370 371 372 373 376 377 378 381 382 383 384 386 387 388 391 392 394 395 396 397 400 401 402 403 404 405 406 407 408 409 412 414 415 418 419 420 421 422 423 424 425 427 428 431 432 433 434 435 436 437 438 439 440 442 443 449 450 451 453 454 456 457 458 459 460 461
Print [key0:key1]: *** lower bound 56
*** upper bound 431
 56 57 58 59 62 63 65 66 67 68 69 70 71 72 73 74 75 76 77 79 80 82 83 84 85 86 87 90 91 92 94 96 97 98 99 103 105 106 107 108 109 111 112 113 114 115 116 117 118 119 120 121 122 123 124 125 126 127 129 132 133 134 135 136 137 138 140 141 144 145 146 147 148 149 150 151 152 154 155 156 158 159 162 165 166 167 168 169 171 173 174 176 177 179 180 181 182 183 184 185 186 187 188 189 190 191 192 193 194 195 196 198 199 201 202 203 204 205 206 207 208 209 210 213 214 215 216 217 219 220 221 222 223 225 226 229 230 231 232 233 234 235 236 238 239 240 241 243 245 247 249 251 252 253 255 256 257 258 259 261 263 264 265 266 267 268 269 270 271 274 275 277 278 279 280 283 285 286 288 290 292 293 294 295 296 298 300 301 302 303 304 305 306 308 309 310 311 312 313 314 315 316 318 319 320 323 324 325 326 327 328 329 331 332 333 334 335 336 337 338 340 341 344 345 346 347 349 350 351 353 354 356 358 359 361 362 364 365 366 367 368 369 370 371 372 373 376 377 378 381 382 383 384 386 387 388 391 392 394 395 396 397 400 401 402 403 404 405 406 407 408 409 412 414 415 418 419 420 421 422 423 424 425 427 428
Print [key0:key1]: *** lower bound 17
*** upper bound 117
 17 18 19 20 21 23 24 25 26 27 30 31 32 33 35 36 39 40 41 43 45 46 47 48 49 50 52 54 55 56 57 58 59 62 63 65 66 67 68 69 70 71 72 73 74 75 76 77 79 80 82 83 84 85 86 87 90 91 92 94 96 97 98 99 103 105 106 107 108 109 111 112 113 114 115 116
Print [key0:key1]: Print [key0:key1]: *** lower bound 313
*** upper bound 402
 313 314 315 316 318 319 320 323 324 325 326 327 328 329 331 332 333 334 335 336 337 338 340 341 344 345 346 347 349 350 351 353 354 356 358 359 361 362 364 365 366 367 368 369 370 371 372 373 376 377 378 381 382 383 384 386 387 388 391 392 394 395 396 397 400 401
Print [key0:key1]: *** lower bound 116
*** upper bound 386
 116 117 118 119 120 121 122 123 124 125 126 127 129 132 133 134 135 136 137 138 140 141 144 145 146 147 148 149 150 151 152 154 155 156 158 159 162 165 166 167 168 169 171 173 174 176 177 179 180 181 182 183 184 185 186 187 188 189 190 191 192 193 194 195 196 198 199 201 202 203 204 205 206 207 208 209 210 213 214 215 216 217 219 220 221 222 223 225 226 229 230 231 232 233 234 235 236 238 239 240 241 243 245 247 249 251 252 253 255 256 257 258 259 261 263 264 265 266 267 268 269 270 271 274 275 277 278 279 280 283 285 286 288 290 292 293 294 295 296 298 300 301 302 303 304 305 306 308 309 310 311 312 313 314 315 316 318 319 320 323 324 325 326 327 328 329 331 332 333 334 335 336 337 338 340 341 344 345 346 347 349 350 351 353 354 356 358 359 361 362 364 365 366 367 368 369 370 371 372 373 376 377 378 381 382 383 384
Print [key0:key1]: Print [key0:key1]: *** lower bound 230
*** upper bound 252
 230 231 232 233 234 235 236 238 239 240 241 243 245 247 249 251
Print [key0:key1]: Print [key0:key1]: *** lower bound 132
*** upper bound 388
 132 133 134 135 136 137 138 140 141 144 145 146 147 148 149 150 151 152 154 155 156 158 159 162 165 166 167 168 169 171 173 174 176 177 179 180 181 182 183 184 185 186 187 188 189 190 191 192 193 194 195 196 198 199 201 202 203 204 205 206 207 208 209 210 213 214 215 216 217 219 220 221 222 223 225 226 229 230 231 232 233 234 235 236 238 239 240 241 243 245 247 249 251 252 253 255 256 257 258 259 261 263 264 265 266 267 268 269 270 271 274 275 277 278 279 280 283 285 286 288 290 292 293 294 295 296 298 300 301 302 303 304 305 306 308 309 310 311 312 313 314 315 316 318 319 320 323 324 325 326 327 328 329 331 332 333 334 335 336 337 338 340 341 344 345 346 347 349 350 351 353 354 356 358 359 361 362 364 365 366 367 368 369 370 371 372 373 376 377 378 381 382 383 384 386 387
Print [key0:key1]: Print [key0:key1]: *** lower bound 46
*** upper bound 533
 46 47 48 49 50 52 54 55 56 57 58 59 62 63 65 66 67 68 69 70 71 72 73 74 75 76 77 79 80 82 83 84 85 86 87 90 91 92 94 96 97 98 99 103 105 106 107 108 109 111 112 113 114 115 116 117 118 119 120 121 122 123 124 125 126 127 129 132 133 134 135 136 137 138 140 141 144 145 146 147 148 149 150 151 152 154 155 156 158 159 162 165 166 167 168 169 171 173 174 176 177 179 180 181 182 183 184 185 186 187 188 189 190 191 192 193 194 195 196 198 199 201 202 203 204 205 206 207 208 209 210 213 214 215 216 217 219 220 221 222 223 225 226 229 230 231 232 233 234 235 236 238 239 240 241 243 245 247 249 251 252 253 255 256 257 258 259 261 263 264 265 266 267 268 269 270 271 274 275 277 278 279 280 283 285 286 288 290 292 293 294 295 296 298 300 301 302 303 304 305 306 308 309 310 311 312 313 314 315 316 318 319 320 323 324 325 326 327 328 329 331 332 333 334 335 336 337 338 340 341 344 345 346 347 349 350 351 353 354 356 358 359 361 362 364 365 366 367 368 369 370 371 372 373 376 377 378 381 382 383 384 386 387 388 391 392 394 395 396 397 400 401 402 403 404 405 406 407 408 409 412 414 415 418 419 420 421 422 423 424 425 427 428 431 432 433 434 435 436 437 438 439 440 442 443 449 450 451 453 454 456 457 458 459 460 461 462 464 465 467 468 469 470 471 472 473 474 475 476 477 478 479 480 482 483 484 485 486 487 488 489 491 493 494 495 497 498 499 500 501 502 503 504 506 508 510 511 512 514 515 516 517 519 520 521 522 523 524 525 526 527 529 530 531
Print [key0:key1]: Print [key0:key1]: *** lower bound 79
*** upper bound 235
 79 80 82 83 84 85 86 87 90 91 92 94 96 97 98 99 103 105 106 107 108 109 111 112 113 114 115 116 117 118 119 120 121 122 123 124 125 126 127 129 132 133 134 135 136 137 138 140 141 144 145 146 147 148 149 150 151 152 154 155 156 158 159 162 165 166 167 168 169 171 173 174 176 177 179 180 181 182 183 184 185 186 187 188 189 190 191 192 193 194 195 196 198 199 201 202 203 204 205 206 207 208 209 210 213 214 215 216 217 219 220 221 222 223 225 226 229 230 231 232 233 234
Print [key0:key1]: *** lower bound 2
*** upper bound 166
 2 3 4 5 6 8 9 11 12 13 14 16 17 18 19 20 21 23 24 25 26 27 30 31 32 33 35 36 39 40 41 43 45 46 47 48 49 50 52 54 55 56 57 58 59 62 63 65 66 67 68 69 70 71 72 73 74 75 76 77 79 80 82 83 84 85 86 87 90 91 92 94 96 97 98 99 103 105 106 107 108 109 111 112 113 114 115 116 117 118 119 120 121 122 123 124 125 126 127 129 132 133 134 135 136 137 138 140 141 144 145 146 147 148 149 150 151 152 154 155 156 158 159 162 165
Print [key0:key1]: *** lower bound 90
*** upper bound 471
 90 91 92 94 96 97 98 99 103 105 106 107 108 109 111 112 113 114 115 116 117 118 119 120 121 122 123 124 125 126 127 129 132 133 134 135 136 137 138 140 141 144 145 146 147 148 149 150 151 152 154 155 156 158 159 162 165 166 167 168 169 171 173 174 176 177 179 180 181 182 183 184 185 186 187 188 189 190 191 192 193 194 195 196 198 199 201 202 203 204 205 206 207 208 209 210 213 214 215 216 217 219 220 221 222 223 225 226 229 230 231 232 233 234 235 236 238 239 240 241 243 245 247 249 251 252 253 255 256 257 258 259 261 263 264 265 266 267 268 269 270 271 274 275 277 278 279 280 283 285 286 288 290 292 293 294 295 296 298 300 301 302 303 304 305 306 308 309 310 311 312 313 314 315 316 318 319 320 323 324 325 326 327 328 329 331 332 333 334 335 336 337 338 340 341 344 345 346 347 349 350 351 353 354 356 358 359 361 362 364 365 366 367 368 369 370 371 372 373 376 377 378 381 382 383 384 386 387 388 391 392 394 395 396 397 400 401 402 403 404 405 406 407 408 409 412 414 415 418 419 420 421 422 423 424 425 427 428 431 432 433 434 435 436 437 438 439 440 442 443 449 450 451 453 454 456 457 458 459 460 461 462 464 465 467 468 469 470
Print [key0:key1]: *** lower bound 32
*** upper bound 381
 32 33 35 36 39 40 41 43 45 46 47 48 49 50 52 54 55 56 57 58 59 62 63 65 66 67 68 69 70 71 72 73 74 75 76 77 79 80 82 83 84 85 86 87 90 91 92 94 96 97 98 99 103 105 106 107 108 109 111 112 113 114 115 116 117 118 119 120 121 122 123 124 125 126 127 129 132 133 134 135 136 137 138 140 141 144 145 146 147 148 149 150 151 152 154 155 156 158 159 162 165 166 167 168 169 171 173 174 176 177 179 180 181 182 183 184 185 186 187 188 189 190 191 192 193 194 195 196 198 199 201 202 203 204 205 206 207 208 209 210 213 214 215 216 217 219 220 221 222 223 225 226 229 230 231 232 233 234 235 236 238 239 240 241 243 245 247 249 251 252 253 255 256 257 258 259 261 263 264 265 266 267 268 269 270 271 274 275 277 278 279 280 283 285 286 288 290 292 293 294 295 296 298 300 301 302 303 304 305 306 308 309 310 311 312 313 314 315 316 318 319 320 323 324 325 326 327 328 329 331 332 333 334 335 336 337 338 340 341 344 345 346 347 349 350 351 353 354 356 358 359 361 362 364 365 366 367 368 369 370 371 372 373 376 377 378
Print [key0:key1]: Print [key0:key1]: *** lower bound 20
*** upper bound 69
 20 21 23 24 25 26 27 30 31 32 33 35 36 39 40 41 43 45 46 47 48 49 50 52 54 55 56 57 58 59 62 63 65 66 67 68
Print [key0:key1]: Print [key0:key1]: Print [key0:key1]: Print [key0:key1]: *** lower bound 255
*** upper bound 353
 255 256 257 258 259 261 263 264 265 266 267 268 269 270 271 274 275 277 278 279 280 283 285 286 288 290 292 293 294 295 296 298 300 301 302 303 304 305 306 308 309 310 311 312 313 314 315 316 318 319 320 323 324 325 326 327 328 329 331 332 333 334 335 336 337 338 340 341 344 345 346 347 349 350 351
Print [key0:key1]: *** lower bound 184
*** upper bound 199
 184 185 186 187 188 189 190 191 192 193 194 195 196 198
Print [key0:key1]: Print [key0:key1]: *** lower bound 103
*** upper bound 414
 103 105 106 107 108 109 111 112 113 114 115 116 117 118 119 120 121 122 123 124 125 126 127 129 132 133 134 135 136 137 138 140 141 144 145 146 147 148 149 150 151 152 154 155 156 158 159 162 165 166 167 168 169 171 173 174 176 177 179 180 181 182 183 184 185 186 187 188 189 190 191 192 193 194 195 196 198 199 201 202 203 204 205 206 207 208 209 210 213 214 215 216 217 219 220 221 222 223 225 226 229 230 231 232 233 234 235 236 238 239 240 241 243 245 247 249 251 252 253 255 256 257 258 259 261 263 264 265 266 267 268 269 270 271 274 275 277 278 279 280 283 285 286 288 290 292 293 294 295 296 298 300 301 302 303 304 305 306 308 309 310 311 312 313 314 315 316 318 319 320 323 324 325 326 327 328 329 331 332 333 334 335 336 337 338 340 341 344 345 346 347 349 350 351 353 354 356 358 359 361 362 364 365 366 367 368 369 370 371 372 373 376 377 378 381 382 383 384 386 387 388 391 392 394 395 396 397 400 401 402 403 404 405 406 407 408 409 412
Print [key0:key1]: Print [key0:key1]: Print [key0:key1]: *** lower bound 271
*** upper bound 500
 271 274 275 277 278 279 280 283 285 286 288 290 292 293 294 295 296 298 300 301 302 303 304 305 306 308 309 310 311 312 313 314 315 316 318 319 320 323 324 325 326 327 328 329 331 332 333 334 335 336 337 338 340 341 344 345 346 347 349 350 351 353 354 356 358 359 361 362 364 365 366 367 368 369 370 371 372 373 376 377 378 381 382 383 384 386 387 388 391 392 394 395 396 397 400 401 402 403 404 405 406 407 408 409 412 414 415 418 419 420 421 422 423 424 425 427 428 431 432 433 434 435 436 437 438 439 440 442 443 449 450 451 453 454 456 457 458 459 460 461 462 464 465 467 468 469 470 471 472 473 474 475 476 477 478 479 480 482 483 484 485 486 487 488 489 491 493 494 495 497 498 499
Print [key0:key1]: *** lower bound 45
*** upper bound 171
 45 46 47 48 49 50 52 54 55 56 57 58 59 62 63 65 66 67 68 69 70 71 72 73 74 75 76 77 79 80 82 83 84 85 86 87 90 91 92 94 96 97 98 99 103 105 106 107 108 109 111 112 113 114 115 116 117 118 119 120 121 122 123 124 125 126 127 129 132 133 134 135 136 137 138 140 141 144 145 146 147 148 149 150 151 152 154 155 156 158 159 162 165 166 167 168 169
Print [key0:key1]: *** lower bound 103
*** upper bound 261
 103 105 106 107 108 109 111 112 113 114 115 116 117 118 119 120 121 122 123 124 125 126 127 129 132 133 134 135 136 137 138 140 141 144 145 146 147 148 149 150 151 152 154 155 156 158 159 162 165 166 167 168 169 171 173 174 176 177 179 180 181 182 183 184 185 186 187 188 189 190 191 192 193 194 195 196 198 199 201 202 203 204 205 206 207 208 209 210 213 214 215 216 217 219 220 221 222 223 225 226 229 230 231 232 233 234 235 236 238 239 240 241 243 245 247 249 251 252 253 255 256 257 258 259
Print [key0:key1]: *** lower bound 9
*** upper bound 409
 9 11 12 13 14 16 17 18 19 20 21 23 24 25 26 27 30 31 32 33 35 36 39 40 41 43 45 46 47 48 49 50 52 54 55 56 57 58 59 62 63 65 66 67 68 69 70 71 72 73 74 75 76 77 79 80 82 83 84 85 86 87 90 91 92 94 96 97 98 99 103 105 106 107 108 109 111 112 113 114 115 116 117 118 119 120 121 122 123 124 125 126 127 129 132 133 134 135 136 137 138 140 141 144 145 146 147 148 149 150 151 152 154 155 156 158 159 162 165 166 167 168 169 171 173 174 176 177 179 180 181 182 183 184 185 186 187 188 189 190 191 192 193 194 195 196 198 199 201 202 203 204 205 206 207 208 209 210 213 214 215 216 217 219 220 221 222 223 225 226 229 230 231 232 233 234 235 236 238 239 240 241 243 245 247 249 251 252 253 255 256 257 258 259 261 263 264 265 266 267 268 269 270 271 274 275 277 278 279 280 283 285 286 288 290 292 293 294 295 296 298 300 301 302 303 304 305 306 308 309 310 311 312 313 314 315 316 318 319 320 323 324 325 326 327 328 329 331 332 333 334 335 336 337 338 340 341 344 345 346 347 349 350 351 353 354 356 358 359 361 362 364 365 366 367 368 369 370 371 372 373 376 377 378 381 382 383 384 386 387 388 391 392 394 395 396 397 400 401 402 403 404 405 406 407 408
Print [key0:key1]: Print [key0:key1]: *** lower bound 90
*** upper bound 201
 90 91 92 94 96 97 98 99 103 105 106 107 108 109 111 112 113 114 115 116 117 118 119 120 121 122 123 124 125 126 127 129 132 133 134 135 136 137 138 140 141 144 145 146 147 148 149 150 151 152 154 155 156 158 159 162 165 166 167 168 169 171 173 174 176 177 179 180 181 182 183 184 185 186 187 188 189 190 191 192 193 194 195 196 198 199
Print [key0:key1]: Print [key0:key1]: *** lower bound 233
*** upper bound 255
 233 234 235 236 238 239 240 241 243 245 247 249 251 252 253
Print [key0:key1]: *** lower bound 0
*** upper bound 173
 0 2 3 4 5 6 8 9 11 12 13 14 16 17 18 19 20 21 23 24 25 26 27 30 31 32 33 35 36 39 40 41 43 45 46 47 48 49 50 52 54 55 56 57 58 59 62 63 65 66 67 68 69 70 71 72 73 74 75 76 77 79 80 82 83 84 85 86 87 90 91 92 94 96 97 98 99 103 105 106 107 108 109 111 112 113 114 115 116 117 118 119 120 121 122 123 124 125 126 127 129 132 133 134 135 136 137 138 140 141 144 145 146 147 148 149 150 151 152 154 155 156 158 159 162 165 166 167 168 169 171
Print [key0:key1]: *** lower bound 219
*** upper bound 318
 219 220 221 222 223 225 226 229 230 231 232 233 234 235 236 238 239 240 241 243 245 247 249 251 252 253 255 256 257 258 259 261 263 264 265 266 267 268 269 270 271 274 275 277 278 279 280 283 285 286 288 290 292 293 294 295 296 298 300 301 302 303 304 305 306 308 309 310 311 312 313 314 315 316
Print [key0:key1]: *** lower bound 150
*** upper bound 397
 150 151 152 154 155 156 158 159 162 165 166 167 168 169 171 173 174 176 177 179 180 181 182 183 184 185 186 187 188 189 190 191 192 193 194 195 196 198 199 201 202 203 204 205 206 207 208 209 210 213 214 215 216 217 219 220 221 222 223 225 226 229 230 231 232 233 234 235 236 238 239 240 241 243 245 247 249 251 252 253 255 256 257 258 259 261 263 264 265 266 267 268 269 270 271 274 275 277 278 279 280 283 285 286 288 290 292 293 294 295 296 298 300 301 302 303 304 305 306 308 309 310 311 312 313 314 315 316 318 319 320 323 324 325 326 327 328 329 331 332 333 334 335 336 337 338 340 341 344 345 346 347 349 350 351 353 354 356 358 359 361 362 364 365 366 367 368 369 370 371 372 373 376 377 378 381 382 383 384 386 387 388 391 392 394 395 396
Print [key0:key1]: Print [key0:key1]: Print [key0:key1]: Print [key0:key1]: *** lower bound 198
*** upper bound 264
 198 199 201 202 203 204 205 206 207 208 209 210 213 214 215 216 217 219 220 221 222 223 225 226 229 230 231 232 233 234 235 236 238 239 240 241 243 245 247 249 251 252 253 255 256 257 258 259 261 263
Print [key0:key1]: Print [key0:key1]: Print [key0:key1]: *** lower bound 109
*** upper bound 183
 109 111 112 113 114 115 116 117 118 119 120 121 122 123 124 125 126 127 129 132 133 134 135 136 137 138 140 141 144 145 146 147 148 149 150 151 152 154 155 156 158 159 162 165 166 167 168 169 171 173 174 176 177 179 180 181 182
Print [key0:key1]: *** lower bound 174
*** upper bound 529
 174 176 177 179 180 181 182 183 184 185 186 187 188 189 190 191 192 193 194 195 196 198 199 201 202 203 204 205 206 207 208 209 210 213 214 215 216 217 219 220 221 222 223 225 226 229 230 231 232 233 234 235 236 238 239 240 241 243 245 247 249 251 252 253 255 256 257 258 259 261 263 264 265 266 267 268 269 270 271 274 275 277 278 279 280 283 285 286 288 290 292 293 294 295 296 298 300 301 302 303 304 305 306 308 309 310 311 312 313 314 315 316 318 319 320 323 324 325 326 327 328 329 331 332 333 334 335 336 337 338 340 341 344 345 346 347 349 350 351 353 354 356 358 359 361 362 364 365 366 367 368 369 370 371 372 373 376 377 378 381 382 383 384 386 387 388 391 392 394 395 396 397 400 401 402 403 404 405 406 407 408 409 412 414 415 418 419 420 421 422 423 424 425 427 428 431 432 433 434 435 436 437 438 439 440 442 443 449 450 451 453 454 456 457 458 459 460 461 462 464 465 467 468 469 470 471 472 473 474 475 476 477 478 479 480 482 483 484 485 486 487 488 489 491 493 494 495 497 498 499 500 501 502 503 504 506 508 510 511 512 514 515 516 517 519 520 521 522 523 524 525 526 527
Print [key0:key1]: *** lower bound 245
*** upper bound 340
 245 247 249 251 252 253 255 256 257 258 259 261 263 264 265 266 267 268 269 270 271 274 275 277 278 279 280 283 285 286 288 290 292 293 294 295 296 298 300 301 302 303 304 305 306 308 309 310 311 312 313 314 315 316 318 319 320 323 324 325 326 327 328 329 331 332 333 334 335 336 337 338
Print [key0:key1]: *** lower bound 74
*** upper bound 206
 74 75 76 77 79 80 82 83 84 85 86 87 90 91 92 94 96 97 98 99 103 105 106 107 108 109 111 112 113 114 115 116 117 118 119 120 121 122 123 124 125 126 127 129 132 133 134 135 136 137 138 140 141 144 145 146 147 148 149 150 151 152 154 155 156 158 159 162 165 166 167 168 169 171 173 174 176 177 179 180 181 182 183 184 185 186 187 188 189 190 191 192 193 194 195 196 198 199 201 202 203 204 205
Print [key0:key1]: *** lower bound 232
*** upper bound 369
 232 233 234 235 236 238 239 240 241 243 245 247 249 251 252 253 255 256 257 258 259 261 263 264 265 266 267 268 269 270 271 274 275 277 278 279 280 283 285 286 288 290 292 293 294 295 296 298 300 301 302 303 304 305 306 308 309 310 311 312 313 314 315 316 318 319 320 323 324 325 326 327 328 329 331 332 333 334 335 336 337 338 340 341 344 345 346 347 349 350 351 353 354 356 358 359 361 362 364 365 366 367 368
Print [key0:key1]: *** lower bound 185
*** upper bound 274
 185 186 187 188 189 190 191 192 193 194 195 196 198 199 201 202 203 204 205 206 207 208 209 210 213 214 215 216 217 219 220 221 222 223 225 226 229 230 231 232 233 234 235 236 238 239 240 241 243 245 247 249 251 252 253 255 256 257 258 259 261 263 264 265 266 267 268 269 270 271
Print [key0:key1]: Print [key0:key1]: *** lower bound 359
*** upper bound 524
 359 361 362 364 365 366 367 368 369 370 371 372 373 376 377 378 381 382 383 384 386 387 388 391 392 394 395 396 397 400 401 402 403 404 405 406 407 408 409 412 414 415 418 419 420 421 422 423 424 425 427 428 431 432 433 434 435 436 437 438 439 440 442 443 449 450 451 453 454 456 457 458 459 460 461 462 464 465 467 468 469 470 471 472 473 474 475 476 477 478 479 480 482 483 484 485 486 487 488 489 491 493 494 495 497 498 499 500 501 502 503 504 506 508 510 511 512 514 515 516 517 519 520 521 522 523
Print [key0:key1]: *** lower bound 403
*** upper bound 428
 403 404 405 406 407 408 409 412 414 415 418 419 420 421 422 423 424 425 427
Print [key0:key1]: *** lower bound 0
*** upper bound 57
 0 2 3 4 5 6 8 9 11 12 13 14 16 17 18 19 20 21 23 24 25 26 27 30 31 32 33 35 36 39 40 41 43 45 46 47 48 49 50 52 54 55 56
Print [key0:key1]: Print [key0:key1]: *** lower bound 94
*** upper bound 229
 94 96 97 98 99 103 105 106 107 108 109 111 112 113 114 115 116 117 118 119 120 121 122 123 124 125 126 127 129 132 133 134 135 136 137 138 140 141 144 145 146 147 148 149 150 151 152 154 155 156 158 159 162 165 166 167 168 169 171 173 174 176 177 179 180 181 182 183 184 185 186 187 188 189 190 191 192 193 194 195 196 198 199 201 202 203 204 205 206 207 208 209 210 213 214 215 216 217 219 220 221 222 223 225 226
Print [key0:key1]: Print [key0:key1]: Print [key0:key1]: Print [key0:key1]: *** lower bound 72
*** upper bound 382
 72 73 74 75 76 77 79 80 82 83 84 85 86 87 90 91 92 94 96 97 98 99 103 105 106 107 108 109 111 112 113 114 115 116 117 118 119 120 121 122 123 124 125 126 127 129 132 133 134 135 136 137 138 140 141 144 145 146 147 148 149 150 151 152 154 155 156 158 159 162 165 166 167 168 169 171 173 174 176 177 179 180 181 182 183 184 185 186 187 188 189 190 191 192 193 194 195 196 198 199 201 202 203 204 205 206 207 208 209 210 213 214 215 216 217 219 220 221 222 223 225 226 229 230 231 232 233 234 235 236 238 239 240 241 243 245 247 249 251 252 253 255 256 257 258 259 261 263 264 265 266 267 268 269 270 271 274 275 277 278 279 280 283 285 286 288 290 292 293 294 295 296 298 300 301 302 303 304 305 306 308 309 310 311 312 313 314 315 316 318 319 320 323 324 325 326 327 328 329 331 332 333 334 335 336 337 338 340 341 344 345 346 347 349 350 351 353 354 356 358 359 361 362 364 365 366 367 368 369 370 371 372 373 376 377 378 381
Print [key0:key1]: *** lower bound 39
*** upper bound 247
 39 40 41 43 45 46 47 48 49 50 52 54 55 56 57 58 59 62 63 65 66 67 68 69 70 71 72 73 74 75 76 77 79 80 82 83 84 85 86 87 90 91 92 94 96 97 98 99 103 105 106 107 108 109 111 112 113 114 115 116 117 118 119 120 121 122 123 124 125 126 127 129 132 133 134 135 136 137 138 140 141 144 145 146 147 148 149 150 151 152 154 155 156 158 159 162 165 166 167 168 169 171 173 174 176 177 179 180 181 182 183 184 185 186 187 188 189 190 191 192 193 194 195 196 198 199 201 202 203 204 205 206 207 208 209 210 213 214 215 216 217 219 220 221 222 223 225 226 229 230 231 232 233 234 235 236 238 239 240 241 243 245
Print [key0:key1]: Print [key0:key1]: Print [key0:key1]: Print [key0:key1]: *** lower bound 65
*** upper bound 497
 65 66 67 68 69 70 71 72 73 74 75 76 77 79 80 82 83 84 85 86 87 90 91 92 94 96 97 98 99 103 105 106 107 108 109 111 112 113 114 115 116 117 118 119 120 121 122 123 124 125 126 127 129 132 133 134 135 136 137 138 140 141 144 145 146 147 148 149 150 151 152 154 155 156 158 159 162 165 166 167 168 169 171 173 174 176 177 179 180 181 182 183 184 185 186 187 188 189 190 191 192 193 194 195 196 198 199 201 202 203 204 205 206 207 208 209 210 213 214 215 216 217 219 220 221 222 223 225 226 229 230 231 232 233 234 235 236 238 239 240 241 243 245 247 249 251 252 253 255 256 257 258 259 261 263 264 265 266 267 268 269 270 271 274 275 277 278 279 280 283 285 286 288 290 292 293 294 295 296 298 300 301 302 303 304 305 306 308 309 310 311 312 313 314 315 316 318 319 320 323 324 325 326 327 328 329 331 332 333 334 335 336 337 338 340 341 344 345 346 347 349 350 351 353 354 356 358 359 361 362 364 365 366 367 368 369 370 371 372 373 376 377 378 381 382 383 384 386 387 388 391 392 394 395 396 397 400 401 402 403 404 405 406 407 408 409 412 414 415 418 419 420 421 422 423 424 425 427 428 431 432 433 434 435 436 437 438 439 440 442 443 449 450 451 453 454 456 457 458 459 460 461 462 464 465 467 468 469 470 471 472 473 474 475 476 477 478 479 480 482 483 484 485 486 487 488 489 491 493 494 495
Print [key0:key1]: Print [key0:key1]: *** lower bound 132
*** upper bound 488
 132 133 134 135 136 137 138 140 141 144 145 146 147 148 149 150 151 152 154 155 156 158 159 162 165 166 167 168 169 171 173 174 176 177 179 180 181 182 183 184 185 186 187 188 189 190 191 192 193 194 195 196 198 199 201 202 203 204 205 206 207 208 209 210 213 214 215 216 217 219 220 221 222 223 225 226 229 230 231 232 233 234 235 236 238 239 240 241 243 245 247 249 251 252 253 255 256 257 258 259 261 263 264 265 266 267 268 269 270 271 274 275 277 278 279 280 283 285 286 288 290 292 293 294 295 296 298 300 301 302 303 304 305 306 308 309 310 311 312 313 314 315 316 318 319 320 323 324 325 326 327 328 329 331 332 333 334 335 336 337 338 340 341 344 345 346 347 349 350 351 353 354 356 358 359 361 362 364 365 366 367 368 369 370 371 372 373 376 377 378 381 382 383 384 386 387 388 391 392 394 395 396 397 400 401 402 403 404 405 406 407 408 409 412 414 415 418 419 420 421 422 423 424 425 427 428 431 432 433 434 435 436 437 438 439 440 442 443 449 450 451 453 454 456 457 458 459 460 461 462 464 465 467 468 469 470 471 472 473 474 475 476 477 478 479 480 482 483 484 485 486 487
Print [key0:key1]: *** lower bound 62
*** upper bound 353
 62 63 65 66 67 68 69 70 71 72 73 74 75 76 77 79 80 82 83 84 85 86 87 90 91 92 94 96 97 98 99 103 105 106 107 108 109 111 112 113 114 115 116 117 118 119 120 121 122 123 124 125 126 127 129 132 133 134 135 136 137 138 140 141 144 145 146 147 148 149 150 151 152 154 155 156 158 159 162 165 166 167 168 169 171 173 174 176 177 179 180 181 182 183 184 185 186 187 188 189 190 191 192 193 194 195 196 198 199 201 202 203 204 205 206 207 208 209 210 213 214 215 216 217 219 220 221 222 223 225 226 229 230 231 232 233 234 235 236 238 239 240 241 243 245 247 249 251 252 253 255 256 257 258 259 261 263 264 265 266 267 268 269 270 271 274 275 277 278 279 280 283 285 286 288 290 292 293 294 295 296 298 300 301 302 303 304 305 306 308 309 310 311 312 313 314 315 316 318 319 320 323 324 325 326 327 328 329 331 332 333 334 335 336 337 338 340 341 344 345 346 347 349 350 351
Print [key0:key1]: *** lower bound 315
*** upper bound 502
 315 316 318 319 320 323 324 325 326 327 328 329 331 332 333 334 335 336 337 338 340 341 344 345 346 347 349 350 351 353 354 356 358 359 361 362 364 365 366 367 368 369 370 371 372 373 376 377 378 381 382 383 384 386 387 388 391 392 394 395 396 397 400 401 402 403 404 405 406 407 408 409 412 414 415 418 419 420 421 422 423 424 425 427 428 431 432 433 434 435 436 437 438 439 440 442 443 449 450 451 453 454 456 457 458 459 460 461 462 464 465 467 468 469 470 471 472 473 474 475 476 477 478 479 480 482 483 484 485 486 487 488 489 491 493 494 495 497 498 499 500 501
Print [key0:key1]: Print [key0:key1]: Print [key0:key1]: Print [key0:key1]: Print [key0:key1]: *** lower bound 179
*** upper bound 480
 179 180 181 182 183 184 185 186 187 188 189 190 191 192 193 194 195 196 198 199 201 202 203 204 205 206 207 208 209 210 213 214 215 216 217 219 220 221 222 223 225 226 229 230 231 232 233 234 235 236 238 239 240 241 243 245 247 249 251 252 253 255 256 257 258 259 261 263 264 265 266 267 268 269 270 271 274 275 277 278 279 280 283 285 286 288 290 292 293 294 295 296 298 300 301 302 303 304 305 306 308 309 310 311 312 313 314 315 316 318 319 320 323 324 325 326 327 328 329 331 332 333 334 335 336 337 338 340 341 344 345 346 347 349 350 351 353 354 356 358 359 361 362 364 365 366 367 368 369 370 371 372 373 376 377 378 381 382 383 384 386 387 388 391 392 394 395 396 397 400 401 402 403 404 405 406 407 408 409 412 414 415 418 419 420 421 422 423 424 425 427 428 431 432 433 434 435 436 437 438 439 440 442 443 449 450 451 453 454 456 457 458 459 460 461 462 464 465 467 468 469 470 471 472 473 474 475 476 477 478 479
Print [key0:key1]: Print [key0:key1]: *** lower bound 122
*** upper bound 524
 122 123 124 125 126 127 129 132 133 134 135 136 137 138 140 141 144 145 146 147 148 149 150 151 152 154 155 156 158 159 162 165 166 167 168 169 171 173 174 176 177 179 180 181 182 183 184 185 186 187 188 189 190 191 192 193 194 195 196 198 199 201 202 203 204 205 206 207 208 209 210 213 214 215 216 217 219 220 221 222 223 225 226 229 230 231 232 233 234 235 236 238 239 240 241 243 245 247 249 251 252 253 255 256 257 258 259 261 263 264 265 266 267 268 269 270 271 274 275 277 278 279 280 283 285 286 288 290 292 293 294 295 296 298 300 301 302 303 304 305 306 308 309 310 311 312 313 314 315 316 318 319 320 323 324 325 326 327 328 329 331 332 333 334 335 336 337 338 340 341 344 345 346 347 349 350 351 353 354 356 358 359 361 362 364 365 366 367 368 369 370 371 372 373 376 377 378 381 382 383 384 386 387 388 391 392 394 395 396 397 400 401 402 403 404 405 406 407 408 409 412 414 415 418 419 420 421 422 423 424 425 427 428 431 432 433 434 435 436 437 438 439 440 442 443 449 450 451 453 454 456 457 458 459 460 461 462 464 465 467 468 469 470 471 472 473 474 475 476 477 478 479 480 482 483 484 485 486 487 488 489 491 493 494 495 497 498 499 500 501 502 503 504 506 508 510 511 512 514 515 516 517 519 520 521 522 523
Print [key0:key1]: Print [key0:key1]: Print [key0:key1]: *** lower bound 331
*** upper bound 514
 331 332 333 334 335 336 337 338 340 341 344 345 346 347 349 350 351 353 354 356 358 359 361 362 364 365 366 367 368 369 370 371 372 373 376 377 378 381 382 383 384 386 387 388 391 392 394 395 396 397 400 401 402 403 404 405 406 407 408 409 412 414 415 418 419 420 421 422 423 424 425 427 428 431 432 433 434 435 436 437 438 439 440 442 443 449 450 451 453 454 456 457 458 459 460 461 462 464 465 467 468 469 470 471 472 473 474 475 476 477 478 479 480 482 483 484 485 486 487 488 489 491 493 494 495 497 498 499 500 501 502 503 504 506 508 510 511 512
Print [key0:key1]: Print [key0:key1]: Print [key0:key1]: *** lower bound 169
*** upper bound 524
 169 171 173 174 176 177 179 180 181 182 183 184 185 186 187 188 189 190 191 192 193 194 195 196 198 199 201 202 203 204 205 206 207 208 209 210 213 214 215 216 217 219 220 221 222 223 225 226 229 230 231 232 233 234 235 236 238 239 240 241 243 245 247 249 251 252 253 255 256 257 258 259 261 263 264 265 266 267 268 269 270 271 274 275 277 278 279 280 283 285 286 288 290 292 293 294 295 296 298 300 301 302 303 304 305 306 308 309 310 311 312 313 314 315 316 318 319 320 323 324 325 326 327 328 329 331 332 333 334 335 336 337 338 340 341 344 345 346 347 349 350 351 353 354 356 358 359 361 362 364 365 366 367 368 369 370 371 372 373 376 377 378 381 382 383 384 386 387 388 391 392 394 395 396 397 400 401 402 403 404 405 406 407 408 409 412 414 415 418 419 420 421 422 423 424 425 427 428 431 432 433 434 435 436 437 438 439 440 442 443 449 450 451 453 454 456 457 458 459 460 461 462 464 465 467 468 469 470 471 472 473 474 475 476 477 478 479 480 482 483 484 485 486 487 488 489 491 493 494 495 497 498 499 500 501 502 503 504 506 508 510 511 512 514 515 516 517 519 520 521 522 523
Print [key0:key1]: Print [key0:key1]: *** lower bound 381
*** upper bound 531
 381 382 383 384 386 387 388 391 392 394 395 396 397 400 401 402 403 404 405 406 407 408 409 412 414 415 418 419 420 421 422 423 424 425 427 428 431 432 433 434 435 436 437 438 439 440 442 443 449 450 451 453 454 456 457 458 459 460 461 462 464 465 467 468 469 470 471 472 473 474 475 476 477 478 479 480 482 483 484 485 486 487 488 489 491 493 494 495 497 498 499 500 501 502 503 504 506 508 510 511 512 514 515 516 517 519 520 521 522 523 524 525 526 527 529 530
Print [key0:key1]: *** lower bound 26
*** upper bound 229
 26 27 30 31 32 33 35 36 39 40 41 43 45 46 47 48 49 50 52 54 55 56 57 58 59 62 63 65 66 67 68 69 70 71 72 73 74 75 76 77 79 80 82 83 84 85 86 87 90 91 92 94 96 97 98 99 103 105 106 107 108 109 111 112 113 114 115 116 117 118 119 120 121 122 123 124 125 126 127 129 132 133 134 135 136 137 138 140 141 144 145 146 147 148 149 150 151 152 154 155 156 158 159 162 165 166 167 168 169 171 173 174 176 177 179 180 181 182 183 184 185 186 187 188 189 190 191 192 193 194 195 196 198 199 201 202 203 204 205 206 207 208 209 210 213 214 215 216 217 219 220 221 222 223 225 226
Print [key0:key1]: Print [key0:key1]: *** lower bound 0
*** upper bound 407
 0 2 3 4 5 6 8 9 11 12 13 14 16 17 18 19 20 21 23 24 25 26 27 30 31 32 33 35 36 39 40 41 43 45 46 47 48 49 50 52 54 55 56 57 58 59 62 63 65 66 67 68 69 70 71 72 73 74 75 76 77 79 80 82 83 84 85 86 87 90 91 92 94 96 97 98 99 103 105 106 107 108 109 111 112 113 114 115 116 117 118 119 120 121 122 123 124 125 126 127 129 132 133 134 135 136 137 138 140 141 144 145 146 147 148 149 150 151 152 154 155 156 158 159 162 165 166 167 168 169 171 173 174 176 177 179 180 181 182 183 184 185 186 187 188 189 190 191 192 193 194 195 196 198 199 201 202 203 204 205 206 207 208 209 210 213 214 215 216 217 219 220 221 222 223 225 226 229 230 231 232 233 234 235 236 238 239 240 241 243 245 247 249 251 252 253 255 256 257 258 259 261 263 264 265 266 267 268 269 270 271 274 275 277 278 279 280 283 285 286 288 290 292 293 294 295 296 298 300 301 302 303 304 305 306 308 309 310 311 312 313 314 315 316 318 319 320 323 324 325 326 327 328 329 331 332 333 334 335 336 337 338 340 341 344 345 346 347 349 350 351 353 354 356 358 359 361 362 364 365 366 367 368 369 370 371 372 373 376 377 378 381 382 383 384 386 387 388 391 392 394 395 396 397 400 401 402 403 404 405 406
Print [key0:key1]: *** lower bound 20
*** upper bound 217
 20 21 23 24 25 26 27 30 31 32 33 35 36 39 40 41 43 45 46 47 48 49 50 52 54 55 56 57 58 59 62 63 65 66 67 68 69 70 71 72 73 74 75 76 77 79 80 82 83 84 85 86 87 90 91 92 94 96 97 98 99 103 105 106 107 108 109 111 112 113 114 115 116 117 118 119 120 121 122 123 124 125 126 127 129 132 133 134 135 136 137 138 140 141 144 145 146 147 148 149 150 151 152 154 155 156 158 159 162 165 166 167 168 169 171 173 174 176 177 179 180 181 182 183 184 185 186 187 188 189 190 191 192 193 194 195 196 198 199 201 202 203 204 205 206 207 208 209 210 213 214 215 216
Print [key0:key1]: Print [key0:key1]: *** lower bound 158
*** upper bound 491
 158 159 162 165 166 167 168 169 171 173 174 176 177 179 180 181 182 183 184 185 186 187 188 189 190 191 192 193 194 195 196 198 199 201 202 203 204 205 206 207 208 209 210 213 214 215 216 217 219 220 221 222 223 225 226 229 230 231 232 233 234 235 236 238 239 240 241 243 245 247 249 251 252 253 255 256 257 258 259 261 263 264 265 266 267 268 269 270 271 274 275 277 278 279 280 283 285 286 288 290 292 293 294 295 296 298 300 301 302 303 304 305 306 308 309 310 311 312 313 314 315 316 318 319 320 323 324 325 326 327 328 329 331 332 333 334 335 336 337 338 340 341 344 345 346 347 349 350 351 353 354 356 358 359 361 362 364 365 366 367 368 369 370 371 372 373 376 377 378 381 382 383 384 386 387 388 391 392 394 395 396 397 400 401 402 403 404 405 406 407 408 409 412 414 415 418 419 420 421 422 423 424 425 427 428 431 432 433 434 435 436 437 438 439 440 442 443 449 450 451 453 454 456 457 458 459 460 461 462 464 465 467 468 469 470 471 472 473 474 475 476 477 478 479 480 482 483 484 485 486 487 488 489
Print [key0:key1]: Print [key0:key1]: Print [key0:key1]: *** lower bound 52
*** upper bound 283
 52 54 55 56 57 58 59 62 63 65 66 67 68 69 70 71 72 73 74 75 76 77 79 80 82 83 84 85 86 87 90 91 92 94 96 97 98 99 103 105 106 107 108 109 111 112 113 114 115 116 117 118 119 120 121 122 123 124 125 126 127 129 132 133 134 135 136 137 138 140 141 144 145 146 147 148 149 150 151 152 154 155 156 158 159 162 165 166 167 168 169 171 173 174 176 177 179 180 181 182 183 184 185 186 187 188 189 190 191 192 193 194 195 196 198 199 201 202 203 204 205 206 207 208 209 210 213 214 215 216 217 219 220 221 222 223 225 226 229 230 231 232 233 234 235 236 238 239 240 241 243 245 247 249 251 252 253 255 256 257 258 259 261 263 264 265 266 267 268 269 270 271 274 275 277 278 279 280
Print [key0:key1]: *** lower bound 49
*** upper bound 310
 49 50 52 54 55 56 57 58 59 62 63 65 66 67 68 69 70 71 72 73 74 75 76 77 79 80 82 83 84 85 86 87 90 91 92 94 96 97 98 99 103 105 106 107 108 109 111 112 113 114 115 116 117 118 119 120 121 122 123 124 125 126 127 129 132 133 134 135 136 137 138 140 141 144 145 146 147 148 149 150 151 152 154 155 156 158 159 162 165 166 167 168 169 171 173 174 176 177 179 180 181 182 183 184 185 186 187 188 189 190 191 192 193 194 195 196 198 199 201 202 203 204 205 206 207 208 209 210 213 214 215 216 217 219 220 221 222 223 225 226 229 230 231 232 233 234 235 236 238 239 240 241 243 245 247 249 251 252 253 255 256 257 258 259 261 263 264 265 266 267 268 269 270 271 274 275 277 278 279 280 283 285 286 288 290 292 293 294 295 296 298 300 301 302 303 304 305 306 308 309
Print [key0:key1]: Print [key0:key1]: *** lower bound 220
*** upper bound 234
 220 221 222 223 225 226 229 230 231 232 233
Print [key0:key1]: *** lower bound 173
*** upper bound 418
 173 174 176 177 179 180 181 182 183 184 185 186 187 188 189 190 191 192 193 194 195 196 198 199 201 202 203 204 205 206 207 208 209 210 213 214 215 216 217 219 220 221 222 223 225 226 229 230 231 232 233 234 235 236 238 239 240 241 243 245 247 249 251 252 253 255 256 257 258 259 261 263 264 265 266 267 268 269 270 271 274 275 277 278 279 280 283 285 286 288 290 292 293 294 295 296 298 300 301 302 303 304 305 306 308 309 310 311 312 313 314 315 316 318 319 320 323 324 325 326 327 328 329 331 332 333 334 335 336 337 338 340 341 344 345 346 347 349 350 351 353 354 356 358 359 361 362 364 365 366 367 368 369 370 371 372 373 376 377 378 381 382 383 384 386 387 388 391 392 394 395 396 397 400 401 402 403 404 405 406 407 408 409 412 414 415
Print [key0:key1]: *** lower bound 283
*** upper bound 331
 283 285 286 288 290 292 293 294 295 296 298 300 301 302 303 304 305 306 308 309 310 311 312 313 314 315 316 318 319 320 323 324 325 326 327 328 329
Print [key0:key1]: Print [key0:key1]: Print [key0:key1]: Print [key0:key1]: *** lower bound 328
*** upper bound 394
 328 329 331 332 333 334 335 336 337 338 340 341 344 345 346 347 349 350 351 353 354 356 358 359 361 362 364 365 366 367 368 369 370 371 372 373 376 377 378 381 382 383 384 386 387 388 391 392
Print [key0:key1]: Print [key0:key1]: Print [key0:key1]: *** lower bound 176
*** upper bound 449
 176 177 179 180 181 182 183 184 185 186 187 188 189 190 191 192 193 194 195 196 198 199 201 202 203 204 205 206 207 208 209 210 213 214 215 216 217 219 220 221 222 223 225 226 229 230 231 232 233 234 235 236 238 239 240 241 243 245 247 249 251 252 253 255 256 257 258 259 261 263 264 265 266 267 268 269 270 271 274 275 277 278 279 280 283 285 286 288 290 292 293 294 295 296 298 300 301 302 303 304 305 306 308 309 310 311 312 313 314 315 316 318 319 320 323 324 325 326 327 328 329 331 332 333 334 335 336 337 338 340 341 344 345 346 347 349 350 351 353 354 356 358 359 361 362 364 365 366 367 368 369 370 371 372 373 376 377 378 381 382 383 384 386 387 388 391 392 394 395 396 397 400 401 402 403 404 405 406 407 408 409 412 414 415 418 419 420 421 422 423 424 425 427 428 431 432 433 434 435 436 437 438 439 440 442 443
Print [key0:key1]: Print [key0:key1]: *** lower bound 120
*** upper bound 269
 120 121 122 123 124 125 126 127 129 132 133 134 135 136 137 138 140 141 144 145 146 147 148 149 150 151 152 154 155 156 158 159 162 165 166 167 168 169 171 173 174 176 177 179 180 181 182 183 184 185 186 187 188 189 190 191 192 193 194 195 196 198 199 201 202 203 204 205 206 207 208 209 210 213 214 215 216 217 219 220 221 222 223 225 226 229 230 231 232 233 234 235 236 238 239 240 241 243 245 247 249 251 252 253 255 256 257 258 259 261 263 264 265 266 267 268
Print [key0:key1]: Print [key0:key1]: *** lower bound 154
*** upper bound 391
 154 155 156 158 159 162 165 166 167 168 169 171 173 174 176 177 179 180 181 182 183 184 185 186 187 188 189 190 191 192 193 194 195 196 198 199 201 202 203 204 205 206 207 208 209 210 213 214 215 216 217 219 220 221 222 223 225 226 229 230 231 232 233 234 235 236 238 239 240 241 243 245 247 249 251 252 253 255 256 257 258 259 261 263 264 265 266 267 268 269 270 271 274 275 277 278 279 280 283 285 286 288 290 292 293 294 295 296 298 300 301 302 303 304 305 306 308 309 310 311 312 313 314 315 316 318 319 320 323 324 325 326 327 328 329 331 332 333 334 335 336 337 338 340 341 344 345 346 347 349 350 351 353 354 356 358 359 361 362 364 365 366 367 368 369 370 371 372 373 376 377 378 381 382 383 384 386 387 388
Print [key0:key1]: *** lower bound 245
*** upper bound 491
 245 247 249 251 252 253 255 256 257 258 259 261 263 264 265 266 267 268 269 270 271 274 275 277 278 279 280 283 285 286 288 290 292 293 294 295 296 298 300 301 302 303 304 305 306 308 309 310 311 312 313 314 315 316 318 319 320 323 324 325 326 327 328 329 331 332 333 334 335 336 337 338 340 341 344 345 346 347 349 350 351 353 354 356 358 359 361 362 364 365 366 367 368 369 370 371 372 373 376 377 378 381 382 383 384 386 387 388 391 392 394 395 396 397 400 401 402 403 404 405 406 407 408 409 412 414 415 418 419 420 421 422 423 424 425 427 428 431 432 433 434 435 436 437 438 439 440 442 443 449 450 451 453 454 456 457 458 459 460 461 462 464 465 467 468 469 470 471 472 473 474 475 476 477 478 479 480 482 483 484 485 486 487 488 489
Print [key0:key1]: *** lower bound 116
*** upper bound 368
 116 117 118 119 120 121 122 123 124 125 126 127 129 132 133 134 135 136 137 138 140 141 144 145 146 147 148 149 150 151 152 154 155 156 158 159 162 165 166 167 168 169 171 173 174 176 177 179 180 181 182 183 184 185 186 187 188 189 190 191 192 193 194 195 196 198 199 201 202 203 204 205 206 207 208 209 210 213 214 215 216 217 219 220 221 222 223 225 226 229 230 231 232 233 234 235 236 238 239 240 241 243 245 247 249 251 252 253 255 256 257 258 259 261 263 264 265 266 267 268 269 270 271 274 275 277 278 279 280 283 285 286 288 290 292 293 294 295 296 298 300 301 302 303 304 305 306 308 309 310 311 312 313 314 315 316 318 319 320 323 324 325 326 327 328 329 331 332 333 334 335 336 337 338 340 341 344 345 346 347 349 350 351 353 354 356 358 359 361 362 364 365 366 367
Print [key0:key1]: *** lower bound 162
*** upper bound 300
 162 165 166 167 168 169 171 173 174 176 177 179 180 181 182 183 184 185 186 187 188 189 190 191 192 193 194 195 196 198 199 201 202 203 204 205 206 207 208 209 210 213 214 215 216 217 219 220 221 222 223 225 226 229 230 231 232 233 234 235 236 238 239 240 241 243 245 247 249 251 252 253 255 256 257 258 259 261 263 264 265 266 267 268 269 270 271 274 275 277 278 279 280 283 285 286 288 290 292 293 294 295 296 298
Print [key0:key1]: *** lower bound 87
*** upper bound 274
 87 90 91 92 94 96 97 98 99 103 105 106 107 108 109 111 112 113 114 115 116 117 118 119 120 121 122 123 124 125 126 127 129 132 133 134 135 136 137 138 140 141 144 145 146 147 148 149 150 151 152 154 155 156 158 159 162 165 166 167 168 169 171 173 174 176 177 179 180 181 182 183 184 185 186 187 188 189 190 191 192 193 194 195 196 198 199 201 202 203 204 205 206 207 208 209 210 213 214 215 216 217 219 220 221 222 223 225 226 229 230 231 232 233 234 235 236 238 239 240 241 243 245 247 249 251 252 253 255 256 257 258 259 261 263 264 265 266 267 268 269 270 271
Print [key0:key1]: *** lower bound 84
*** upper bound 229
 84 85 86 87 90 91 92 94 96 97 98 99 103 105 106 107 108 109 111 112 113 114 115 116 117 118 119 120 121 122 123 124 125 126 127 129 132 133 134 135 136 137 138 140 141 144 145 146 147 148 149 150 151 152 154 155 156 158 159 162 165 166 167 168 169 171 173 174 176 177 179 180 181 182 183 184 185 186 187 188 189 190 191 192 193 194 195 196 198 199 201 202 203 204 205 206 207 208 209 210 213 214 215 216 217 219 220 221 222 223 225 226
Print [key0:key1]: *** lower bound 50
*** upper bound 283
 50 52 54 55 56 57 58 59 62 63 65 66 67 68 69 70 71 72 73 74 75 76 77 79 80 82 83 84 85 86 87 90 91 92 94 96 97 98 99 103 105 106 107 108 109 111 112 113 114 115 116 117 118 119 120 121 122 123 124 125 126 127 129 132 133 134 135 136 137 138 140 141 144 145 146 147 148 149 150 151 152 154 155 156 158 159 162 165 166 167 168 169 171 173 174 176 177 179 180 181 182 183 184 185 186 187 188 189 190 191 192 193 194 195 196 198 199 201 202 203 204 205 206 207 208 209 210 213 214 215 216 217 219 220 221 222 223 225 226 229 230 231 232 233 234 235 236 238 239 240 241 243 245 247 249 251 252 253 255 256 257 258 259 261 263 264 265 266 267 268 269 270 271 274 275 277 278 279 280
Print [key0:key1]: *** lower bound 280
*** upper bound 432
 280 283 285 286 288 290 292 293 294 295 296 298 300 301 302 303 304 305 306 308 309 310 311 312 313 314 315 316 318 319 320 323 324 325 326 327 328 329 331 332 333 334 335 336 337 338 340 341 344 345 346 347 349 350 351 353 354 356 358 359 361 362 364 365 366 367 368 369 370 371 372 373 376 377 378 381 382 383 384 386 387 388 391 392 394 395 396 397 400 401 402 403 404 405 406 407 408 409 412 414 415 418 419 420 421 422 423 424 425 427 428 431
Print [key0:key1]: *** lower bound 90
*** upper bound 502
 90 91 92 94 96 97 98 99 103 105 106 107 108 109 111 112 113 114 115 116 117 118 119 120 121 122 123 124 125 126 127 129 132 133 134 135 136 137 138 140 141 144 145 146 147 148 149 150 151 152 154 155 156 158 159 162 165 166 167 168 169 171 173 174 176 177 179 180 181 182 183 184 185 186 187 188 189 190 191 192 193 194 195 196 198 199 201 202 203 204 205 206 207 208 209 210 213 214 215 216 217 219 220 221 222 223 225 226 229 230 231 232 233 234 235 236 238 239 240 241 243 245 247 249 251 252 253 255 256 257 258 259 261 263 264 265 266 267 268 269 270 271 274 275 277 278 279 280 283 285 286 288 290 292 293 294 295 296 298 300 301 302 303 304 305 306 308 309 310 311 312 313 314 315 316 318 319 320 323 324 325 326 327 328 329 331 332 333 334 335 336 337 338 340 341 344 345 346 347 349 350 351 353 354 356 358 359 361 362 364 365 366 367 368 369 370 371 372 373 376 377 378 381 382 383 384 386 387 388 391 392 394 395 396 397 400 401 402 403 404 405 406 407 408 409 412 414 415 418 419 420 421 422 423 424 425 427 428 431 432 433 434 435 436 437 438 439 440 442 443 449 450 451 453 454 456 457 458 459 460 461 462 464 465 467 468 469 470 471 472 473 474 475 476 477 478 479 480 482 483 484 485 486 487 488 489 491 493 494 495 497 498 499 500 501
Print [key0:key1]: Print [key0:key1]: Print [key0:key1]: *** lower bound 23
*** upper bound 498
 23 24 25 26 27 30 31 32 33 35 36 39 40 41 43 45 46 47 48 49 50 52 54 55 56 57 58 59 62 63 65 66 67 68 69 70 71 72 73 74 75 76 77 79 80 82 83 84 85 86 87 90 91 92 94 96 97 98 99 103 105 106 107 108 109 111 112 113 114 115 116 117 118 119 120 121 122 123 124 125 126 127 129 132 133 134 135 136 137 138 140 141 144 145 146 147 148 149 150 151 152 154 155 156 158 159 162 165 166 167 168 169 171 173 174 176 177 179 180 181 182 183 184 185 186 187 188 189 190 191 192 193 194 195 196 198 199 201 202 203 204 205 206 207 208 209 210 213 214 215 216 217 219 220 221 222 223 225 226 229 230 231 232 233 234 235 236 238 239 240 241 243 245 247 249 251 252 253 255 256 257 258 259 261 263 264 265 266 267 268 269 270 271 274 275 277 278 279 280 283 285 286 288 290 292 293 294 295 296 298 300 301 302 303 304 305 306 308 309 310 311 312 313 314 315 316 318 319 320 323 324 325 326 327 328 329 331 332 333 334 335 336 337 338 340 341 344 345 346 347 349 350 351 353 354 356 358 359 361 362 364 365 366 367 368 369 370 371 372 373 376 377 378 381 382 383 384 386 387 388 391 392 394 395 396 397 400 401 402 403 404 405 406 407 408 409 412 414 415 418 419 420 421 422 423 424 425 427 428 431 432 433 434 435 436 437 438 439 440 442 443 449 450 451 453 454 456 457 458 459 460 461 462 464 465 467 468 469 470 471 472 473 474 475 476 477 478 479 480 482 483 484 485 486 487 488 489 491 493 494 495 497
Print [key0:key1]: *** lower bound 68
*** upper bound 378
 68 69 70 71 72 73 74 75 76 77 79 80 82 83 84 85 86 87 90 91 92 94 96 97 98 99 103 105 106 107 108 109 111 112 113 114 115 116 117 118 119 120 121 122 123 124 125 126 127 129 132 133 134 135 136 137 138 140 141 144 145 146 147 148 149 150 151 152 154 155 156 158 159 162 165 166 167 168 169 171 173 174 176 177 179 180 181 182 183 184 185 186 187 188 189 190 191 192 193 194 195 196 198 199 201 202 203 204 205 206 207 208 209 210 213 214 215 216 217 219 220 221 222 223 225 226 229 230 231 232 233 234 235 236 238 239 240 241 243 245 247 249 251 252 253 255 256 257 258 259 261 263 264 265 266 267 268 269 270 271 274 275 277 278 279 280 283 285 286 288 290 292 293 294 295 296 298 300 301 302 303 304 305 306 308 309 310 311 312 313 314 315 316 318 319 320 323 324 325 326 327 328 329 331 332 333 334 335 336 337 338 340 341 344 345 346 347 349 350 351 353 354 356 358 359 361 362 364 365 366 367 368 369 370 371 372 373 376 377
Print [key0:key1]: Print [key0:key1]: *** lower bound 243
*** upper bound 459
 243 245 247 249 251 252 253 255 256 257 258 259 261 263 264 265 266 267 268 269 270 271 274 275 277 278 279 280 283 285 286 288 290 292 293 294 295 296 298 300 301 302 303 304 305 306 308 309 310 311 312 313 314 315 316 318 319 320 323 324 325 326 327 328 329 331 332 333 334 335 336 337 338 340 341 344 345 346 347 349 350 351 353 354 356 358 359 361 362 364 365 366 367 368 369 370 371 372 373 376 377 378 381 382 383 384 386 387 388 391 392 394 395 396 397 400 401 402 403 404 405 406 407 408 409 412 414 415 418 419 420 421 422 423 424 425 427 428 431 432 433 434 435 436 437 438 439 440 442 443 449 450 451 453 454 456 457 458
Print [key0:key1]: Print [key0:key1]: *** lower bound 136
*** upper bound 418
 136 137 138 140 141 144 145 146 147 148 149 150 151 152 154 155 156 158 159 162 165 166 167 168 169 171 173 174 176 177 179 180 181 182 183 184 185 186 187 188 189 190 191 192 193 194 195 196 198 199 201 202 203 204 205 206 207 208 209 210 213 214 215 216 217 219 220 221 222 223 225 226 229 230 231 232 233 234 235 236 238 239 240 241 243 245 247 249 251 252 253 255 256 257 258 259 261 263 264 265 266 267 268 269 270 271 274 275 277 278 279 280 283 285 286 288 290 292 293 294 295 296 298 300 301 302 303 304 305 306 308 309 310 311 312 313 314 315 316 318 319 320 323 324 325 326 327 328 329 331 332 333 334 335 336 337 338 340 341 344 345 346 347 349 350 351 353 354 356 358 359 361 362 364 365 366 367 368 369 370 371 372 373 376 377 378 381 382 383 384 386 387 388 391 392 394 395 396 397 400 401 402 403 404 405 406 407 408 409 412 414 415
Print [key0:key1]: Print [key0:key1]: Print [key0:key1]: Print [key0:key1]: *** lower bound 191
*** upper bound 298
 191 192 193 194 195 196 198 199 201 202 203 204 205 206 207 208 209 210 213 214 215 216 217 219 220 221 222 223 225 226 229 230 231 232 233 234 235 236 238 239 240 241 243 245 247 249 251 252 253 255 256 257 258 259 261 263 264 265 266 267 268 269 270 271 274 275 277 278 279 280 283 285 286 288 290 292 293 294 295 296
Print [key0:key1]: *** lower bound 176
*** upper bound 453
 176 177 179 180 181 182 183 184 185 186 187 188 189 190 191 192 193 194 195 196 198 199 201 202 203 204 205 206 207 208 209 210 213 214 215 216 217 219 220 221 222 223 225 226 229 230 231 232 233 234 235 236 238 239 240 241 243 245 247 249 251 252 253 255 256 257 258 259 261 263 264 265 266 267 268 269 270 271 274 275 277 278 279 280 283 285 286 288 290 292 293 294 295 296 298 300 301 302 303 304 305 306 308 309 310 311 312 313 314 315 316 318 319 320 323 324 325 326 327 328 329 331 332 333 334 335 336 337 338 340 341 344 345 346 347 349 350 351 353 354 356 358 359 361 362 364 365 366 367 368 369 370 371 372 373 376 377 378 381 382 383 384 386 387 388 391 392 394 395 396 397 400 401 402 403 404 405 406 407 408 409 412 414 415 418 419 420 421 422 423 424 425 427 428 431 432 433 434 435 436 437 438 439 440 442 443 449 450 451
Print [key0:key1]: *** lower bound 18
*** upper bound 394
 18 19 20 21 23 24 25 26 27 30 31 32 33 35 36 39 40 41 43 45 46 47 48 49 50 52 54 55 56 57 58 59 62 63 65 66 67 68 69 70 71 72 73 74 75 76 77 79 80 82 83 84 85 86 87 90 91 92 94 96 97 98 99 103 105 106 107 108 109 111 112 113 114 115 116 117 118 119 120 121 122 123 124 125 126 127 129 132 133 134 135 136 137 138 140 141 144 145 146 147 148 149 150 151 152 154 155 156 158 159 162 165 166 167 168 169 171 173 174 176 177 179 180 181 182 183 184 185 186 187 188 189 190 191 192 193 194 195 196 198 199 201 202 203 204 205 206 207 208 209 210 213 214 215 216 217 219 220 221 222 223 225 226 229 230 231 232 233 234 235 236 238 239 240 241 243 245 247 249 251 252 253 255 256 257 258 259 261 263 264 265 266 267 268 269 270 271 274 275 277 278 279 280 283 285 286 288 290 292 293 294 295 296 298 300 301 302 303 304 305 306 308 309 310 311 312 313 314 315 316 318 319 320 323 324 325 326 327 328 329 331 332 333 334 335 336 337 338 340 341 344 345 346 347 349 350 351 353 354 356 358 359 361 362 364 365 366 367 368 369 370 371 372 373 376 377 378 381 382 383 384 386 387 388 391 392
Print [key0:key1]: Print [key0:key1]: *** lower bound 323
*** upper bound 510
 323 324 325 326 327 328 329 331 332 333 334 335 336 337 338 340 341 344 345 346 347 349 350 351 353 354 356 358 359 361 362 364 365 366 367 368 369 370 371 372 373 376 377 378 381 382 383 384 386 387 388 391 392 394 395 396 397 400 401 402 403 404 405 406 407 408 409 412 414 415 418 419 420 421 422 423 424 425 427 428 431 432 433 434 435 436 437 438 439 440 442 443 449 450 451 453 454 456 457 458 459 460 461 462 464 465 467 468 469 470 471 472 473 474 475 476 477 478 479 480 482 483 484 485 486 487 488 489 491 493 494 495 497 498 499 500 501 502 503 504 506 508
Print [key0:key1]: Print [key0:key1]: *** lower bound 144
*** upper bound 231
 144 145 146 147 148 149 150 151 152 154 155 156 158 159 162 165 166 167 168 169 171 173 174 176 177 179 180 181 182 183 184 185 186 187 188 189 190 191 192 193 194 195 196 198 199 201 202 203 204 205 206 207 208 209 210 213 214 215 216 217 219 220 221 222 223 225 226 229 230
Print [key0:key1]: 
