 0 3 4 6 8 9 10 11 12 14 15 16 18 19 21 22 23 24 25 27 29 31 32 35 36 37 39 41 43 45 46 47 49 50 51 52 53 55 56 57 59 60 61 63 65 66 69 71 72 73 74 76 78 79 81 82 83 84 85 87 88 90 92 96 98 99 100 101 102 103 104 105 106 107 108 109 113 114 115 116 117 118 119 120 121 124 126 127 129 130 131 134 136 138 139 141 142 145 146 147 148 149 150 152 153 154 156 157 158 159 162 163 165 166 167 168 169 170 171 172 173 175 177 178 179 180 181 182 183 185 186 188 189 190 191 192 194 195 197 198 199 200 201 202 203 205 206 207 208 209 210 211 212 213 214 216 218 219 220 221 222 223 224 225 226 227 229 230 231 233 234 235 236 237 239 240 241 243 244 245 246 247 248 249 250 251 252 254 255 257 258 259 260 261 262 263 265 266 267 268 269 270 271 272 273 274 275 276 277 278 279 280 282 283 284 285 287 288 289 290 292 293 297 299 300
Print [key0:key1]: *** lower bound 124
*** upper bound 178
 124 126 127 129 130 131 134 136 138 139 141 142 145 146 147 148 149 150 152 153 154 156 157 158 159 162 163 165 166 167 168 169 170 171 172 173 175 177
Print [key0:key1]: Print [key0:key1]: *** lower bound 116
*** upper bound 240
 116 117 118 119 120 121 124 126 127 129 130 131 134 136 138 139 141 142 145 146 147 148 149 150 152 153 154 156 157 158 159 162 163 165 166 167 168 169 170 171 172 173 175 177 178 179 180 181 182 183 185 186 188 189 190 191 192 194 195 197 198 199 200 201 202 203 205 206 207 208 209 210 211 212 213 214 216 218 219 220 221 222 223 224 225 226 227 229 230 231 233 234 235 236 237 239
Print [key0:key1]: Print [key0:key1]: *** lower bound 82
*** upper bound 171
 82 83 84 85 87 88 90 92 96 98 99 100 101 102 103 104 105 106 107 108 109 113 114 115 116 117 118 119 120 121 124 126 127 129 130 131 134 136 138 139 141 142 145 146 147 148 149 150 152 153 154 156 157 158 159 162 163 165 166 167 168 169 170
Print [key0:key1]: Print [key0:key1]: Print [key0:key1]: *** lower bound 175
*** upper bound 181
 175 177 178 179 180
Print [key0:key1]: Print [key0:key1]: Print [key0:key1]: Print [key0:key1]: *** lower bound 43
*** upper bound 190
 43 45 46 47 49 50 51 52 53 55 56 57 59 60 61 63 65 66 69 71 72 73 74 76 78 79 81 82 83 84 85 87 88 90 92 96 98 99 100 101 102 103 104 105 106 107 108 109 113 114 115 116 117 118 119 120 121 124 126 127 129 130 131 134 136 138 139 141 142 145 146 147 148 149 150 152 153 154 156 157 158 159 162 163 165 166 167 168 169 170 171 172 173 175 177 178 179 180 181 182 183 185 186 188 189
Print [key0:key1]: *** lower bound 211
*** upper bound 243
 211 212 213 214 216 218 219 220 221 222 223 224 225 226 227 229 230 231 233 234 235 236 237 239 240 241
Print [key0:key1]: Print [key0:key1]: Print [key0:key1]: Print [key0:key1]: Print [key0:key1]: *** lower bound 101
*** upper bound 165
 101 102 103 104 105 106 107 108 109 113 114 115 116 117 118 119 120 121 124 126 127 129 130 131 134 136 138 139 141 142 145 146 147 148 149 150 152 153 154 156 157 158 159 162 163
Print [key0:key1]: *** lower bound 219
*** upper bound 227
 219 220 221 222 223 224 225 226
Print [key0:key1]: *** lower bound 0
*** upper bound 60
 0 3 4 6 8 9 10 11 12 14 15 16 18 19 21 22 23 24 25 27 29 31 32 35 36 37 39 41 43 45 46 47 49 50 51 52 53 55 56 57 59
Print [key0:key1]: Print [key0:key1]: *** lower bound 21
*** upper bound 24
 21 22 23
Print [key0:key1]: *** lower bound 175
*** upper bound 229
 175 177 178 179 180 181 182 183 185 186 188 189 190 191 192 194 195 197 198 199 200 201 202 203 205 206 207 208 209 210 211 212 213 214 216 218 219 220 221 222 223 224 225 226 227
Print [key0:key1]: *** lower bound 185
*** upper bound 220
 185 186 188 189 190 191 192 194 195 197 198 199 200 201 202 203 205 206 207 208 209 210 211 212 213 214 216 218 219
Print [key0:key1]: Print [key0:key1]: Print [key0:key1]: Print [key0:key1]: *** lower bound 8
*** upper bound 113
 8 9 10 11 12 14 15 16 18 19 21 22 23 24 25 27 29 31 32 35 36 37 39 41 43 45 46 47 49 50 51 52 53 55 56 57 59 60 61 63 65 66 69 71 72 73 74 76 78 79 81 82 83 84 85 87 88 90 92 96 98 99 100 101 102 103 104 105 106 107 108 109
Print [key0:key1]: *** lower bound 65
*** upper bound 241
 65 66 69 71 72 73 74 76 78 79 81 82 83 84 85 87 88 90 92 96 98 99 100 101 102 103 104 105 106 107 108 109 113 114 115 116 117 118 119 120 121 124 126 127 129 130 131 134 136 138 139 141 142 145 146 147 148 149 150 152 153 154 156 157 158 159 162 163 165 166 167 168 169 170 171 172 173 175 177 178 179 180 181 182 183 185 186 188 189 190 191 192 194 195 197 198 199 200 201 202 203 205 206 207 208 209 210 211 212 213 214 216 218 219 220 221 222 223 224 225 226 227 229 230 231 233 234 235 236 237 239 240
Print [key0:key1]: Print [key0:key1]: *** lower bound 14
*** upper bound 165
 14 15 16 18 19 21 22 23 24 25 27 29 31 32 35 36 37 39 41 43 45 46 47 49 50 51 52 53 55 56 57 59 60 61 63 65 66 69 71 72 73 74 76 78 79 81 82 83 84 85 87 88 90 92 96 98 99 100 101 102 103 104 105 106 107 108 109 113 114 115 116 117 118 119 120 121 124 126 127 129 130 131 134 136 138 139 141 142 145 146 147 148 149 150 152 153 154 156 157 158 159 162 163
Print [key0:key1]: Print [key0:key1]: *** lower bound 0
*** upper bound 211
 0 3 4 6 8 9 10 11 12 14 15 16 18 19 21 22 23 24 25 27 29 31 32 35 36 37 39 41 43 45 46 47 49 50 51 52 53 55 56 57 59 60 61 63 65 66 69 71 72 73 74 76 78 79 81 82 83 84 85 87 88 90 92 96 98 99 100 101 102 103 104 105 106 107 108 109 113 114 115 116 117 118 119 120 121 124 126 127 129 130 131 134 136 138 139 141 142 145 146 147 148 149 150 152 153 154 156 157 158 159 162 163 165 166 167 168 169 170 171 172 173 175 177 178 179 180 181 182 183 185 186 188 189 190 191 192 194 195 197 198 199 200 201 202 203 205 206 207 208 209 210
Print [key0:key1]: Print [key0:key1]: *** lower bound 69
*** upper bound 69

Print [key0:key1]: Print [key0:key1]: *** lower bound 11
*** upper bound 69
 11 12 14 15 16 18 19 21 22 23 24 25 27 29 31 32 35 36 37 39 41 43 45 46 47 49 50 51 52 53 55 56 57 59 60 61 63 65 66
Print [key0:key1]: Print [key0:key1]: *** lower bound 15
*** upper bound 218
 15 16 18 19 21 22 23 24 25 27 29 31 32 35 36 37 39 41 43 45 46 47 49 50 51 52 53 55 56 57 59 60 61 63 65 66 69 71 72 73 74 76 78 79 81 82 83 84 85 87 88 90 92 96 98 99 100 101 102 103 104 105 106 107 108 109 113 114 115 116 117 118 119 120 121 124 126 127 129 130 131 134 136 138 139 141 142 145 146 147 148 149 150 152 153 154 156 157 158 159 162 163 165 166 167 168 169 170 171 172 173 175 177 178 179 180 181 182 183 185 186 188 189 190 191 192 194 195 197 198 199 200 201 202 203 205 206 207 208 209 210 211 212 213 214 216
Print [key0:key1]: *** lower bound 205
*** upper bound 243
 205 206 207 208 209 210 211 212 213 214 216 218 219 220 221 222 223 224 225 226 227 229 230 231 233 234 235 236 237 239 240 241
Print [key0:key1]: Print [key0:key1]: *** lower bound 101
*** upper bound 138
 101 102 103 104 105 106 107 108 109 113 114 115 116 117 118 119 120 121 124 126 127 129 130 131 134 136
Print [key0:key1]: *** lower bound 74
*** upper bound 168
 74 76 78 79 81 82 83 84 85 87 88 90 92 96 98 99 100 101 102 103 104 105 106 107 108 109 113 114 115 116 117 118 119 120 121 124 126 127 129 130 131 134 136 138 139 141 142 145 146 147 148 149 150 152 153 154 156 157 158 159 162 163 165 166 167
Print [key0:key1]: *** lower bound 201
*** upper bound 205
 201 202 203
Print [key0:key1]: Print [key0:key1]: Print [key0:key1]: Print [key0:key1]: *** lower bound 96
*** upper bound 230
 96 98 99 100 101 102 103 104 105 106 107 108 109 113 114 115 116 117 118 119 120 121 124 126 127 129 130 131 134 136 138 139 141 142 145 146 147 148 149 150 152 153 154 156 157 158 159 162 163 165 166 167 168 169 170 171 172 173 175 177 178 179 180 181 182 183 185 186 188 189 190 191 192 194 195 197 198 199 200 201 202 203 205 206 207 208 209 210 211 212 213 214 216 218 219 220 221 222 223 224 225 226 227 229
Print [key0:key1]: *** lower bound 76
*** upper bound 138
 76 78 79 81 82 83 84 85 87 88 90 92 96 98 99 100 101 102 103 104 105 106 107 108 109 113 114 115 116 117 118 119 120 121 124 126 127 129 130 131 134 136
Print [key0:key1]: *** lower bound 55
*** upper bound 209
 55 56 57 59 60 61 63 65 66 69 71 72 73 74 76 78 79 81 82 83 84 85 87 88 90 92 96 98 99 100 101 102 103 104 105 106 107 108 109 113 114 115 116 117 118 119 120 121 124 126 127 129 130 131 134 136 138 139 141 142 145 146 147 148 149 150 152 153 154 156 157 158 159 162 163 165 166 167 168 169 170 171 172 173 175 177 178 179 180 181 182 183 185 186 188 189 190 191 192 194 195 197 198 199 200 201 202 203 205 206 207 208
Print [key0:key1]: *** lower bound 65
*** upper bound 150
 65 66 69 71 72 73 74 76 78 79 81 82 83 84 85 87 88 90 92 96 98 99 100 101 102 103 104 105 106 107 108 109 113 114 115 116 117 118 119 120 121 124 126 127 129 130 131 134 136 138 139 141 142 145 146 147 148 149
Print [key0:key1]: *** lower bound 63
*** upper bound 149
 63 65 66 69 71 72 73 74 76 78 79 81 82 83 84 85 87 88 90 92 96 98 99 100 101 102 103 104 105 106 107 108 109 113 114 115 116 117 118 119 120 121 124 126 127 129 130 131 134 136 138 139 141 142 145 146 147 148
Print [key0:key1]: Print [key0:key1]: *** lower bound 47
*** upper bound 69
 47 49 50 51 52 53 55 56 57 59 60 61 63 65 66
Print [key0:key1]: *** lower bound 4
*** upper bound 115
 4 6 8 9 10 11 12 14 15 16 18 19 21 22 23 24 25 27 29 31 32 35 36 37 39 41 43 45 46 47 49 50 51 52 53 55 56 57 59 60 61 63 65 66 69 71 72 73 74 76 78 79 81 82 83 84 85 87 88 90 92 96 98 99 100 101 102 103 104 105 106 107 108 109 113 114
Print [key0:key1]: Print [key0:key1]: *** lower bound 197
*** upper bound 210
 197 198 199 200 201 202 203 205 206 207 208 209
Print [key0:key1]: Print [key0:key1]: Print [key0:key1]: Print [key0:key1]: Print [key0:key1]: *** lower bound 113
*** upper bound 134
 113 114 115 116 117 118 119 120 121 124 126 127 129 130 131
Print [key0:key1]: *** lower bound 148
*** upper bound 157
 148 149 150 152 153 154 156
Print [key0:key1]: Print [key0:key1]: *** lower bound 200
*** upper bound 245
 200 201 202 203 205 206 207 208 209 210 211 212 213 214 216 218 219 220 221 222 223 224 225 226 227 229 230 231 233 234 235 236 237 239 240 241 243 244
Print [key0:key1]: Print [key0:key1]: *** lower bound 102
*** upper bound 218
 102 103 104 105 106 107 108 109 113 114 115 116 117 118 119 120 121 124 126 127 129 130 131 134 136 138 139 141 142 145 146 147 148 149 150 152 153 154 156 157 158 159 162 163 165 166 167 168 169 170 171 172 173 175 177 178 179 180 181 182 183 185 186 188 189 190 191 192 194 195 197 198 199 200 201 202 203 205 206 207 208 209 210 211 212 213 214 216
Print [key0:key1]: *** lower bound 129
*** upper bound 239
 129 130 131 134 136 138 139 141 142 145 146 147 148 149 150 152 153 154 156 157 158 159 162 163 165 166 167 168 169 170 171 172 173 175 177 178 179 180 181 182 183 185 186 188 189 190 191 192 194 195 197 198 199 200 201 202 203 205 206 207 208 209 210 211 212 213 214 216 218 219 220 221 222 223 224 225 226 227 229 230 231 233 234 235 236 237
Print [key0:key1]: Print [key0:key1]: *** lower bound 0
*** upper bound 210
 0 3 4 6 8 9 10 11 12 14 15 16 18 19 21 22 23 24 25 27 29 31 32 35 36 37 39 41 43 45 46 47 49 50 51 52 53 55 56 57 59 60 61 63 65 66 69 71 72 73 74 76 78 79 81 82 83 84 85 87 88 90 92 96 98 99 100 101 102 103 104 105 106 107 108 109 113 114 115 116 117 118 119 120 121 124 126 127 129 130 131 134 136 138 139 141 142 145 146 147 148 149 150 152 153 154 156 157 158 159 162 163 165 166 167 168 169 170 171 172 173 175 177 178 179 180 181 182 183 185 186 188 189 190 191 192 194 195 197 198 199 200 201 202 203 205 206 207 208 209
Print [key0:key1]: Print [key0:key1]: Print [key0:key1]: Print [key0:key1]: Print [key0:key1]: *** lower bound 118
*** upper bound 186
 118 119 120 121 124 126 127 129 130 131 134 136 138 139 141 142 145 146 147 148 149 150 152 153 154 156 157 158 159 162 163 165 166 167 168 169 170 171 172 173 175 177 178 179 180 181 182 183 185
Print [key0:key1]: Print [key0:key1]: Print [key0:key1]: Print [key0:key1]: *** lower bound 8
*** upper bound 96
 8 9 10 11 12 14 15 16 18 19 21 22 23 24 25 27 29 31 32 35 36 37 39 41 43 45 46 47 49 50 51 52 53 55 56 57 59 60 61 63 65 66 69 71 72 73 74 76 78 79 81 82 83 84 85 87 88 90 92
Print [key0:key1]: *** lower bound 113
*** upper bound 124
 113 114 115 116 117 118 119 120 121
Print [key0:key1]: *** lower bound 120
*** upper bound 221
 120 121 124 126 127 129 130 131 134 136 138 139 141 142 145 146 147 148 149 150 152 153 154 156 157 158 159 162 163 165 166 167 168 169 170 171 172 173 175 177 178 179 180 181 182 183 185 186 188 189 190 191 192 194 195 197 198 199 200 201 202 203 205 206 207 208 209 210 211 212 213 214 216 218 219 220
Print [key0:key1]: *** lower bound 203
*** upper bound 212
 203 205 206 207 208 209 210 211
Print [key0:key1]: Print [key0:key1]: *** lower bound 0
*** upper bound 200
 0 3 4 6 8 9 10 11 12 14 15 16 18 19 21 22 23 24 25 27 29 31 32 35 36 37 39 41 43 45 46 47 49 50 51 52 53 55 56 57 59 60 61 63 65 66 69 71 72 73 74 76 78 79 81 82 83 84 85 87 88 90 92 96 98 99 100 101 102 103 104 105 106 107 108 109 113 114 115 116 117 118 119 120 121 124 126 127 129 130 131 134 136 138 139 141 142 145 146 147 148 149 150 152 153 154 156 157 158 159 162 163 165 166 167 168 169 170 171 172 173 175 177 178 179 180 181 182 183 185 186 188 189 190 191 192 194 195 197 198 199
Print [key0:key1]: Print [key0:key1]: *** lower bound 41
*** upper bound 129
 41 43 45 46 47 49 50 51 52 53 55 56 57 59 60 61 63 65 66 69 71 72 73 74 76 78 79 81 82 83 84 85 87 88 90 92 96 98 99 100 101 102 103 104 105 106 107 108 109 113 114 115 116 117 118 119 120 121 124 126 127
Print [key0:key1]: Print [key0:key1]: *** lower bound 3
*** upper bound 6
 3 4
Print [key0:key1]: Print [key0:key1]: Print [key0:key1]: *** lower bound 51
*** upper bound 183
 51 52 53 55 56 57 59 60 61 63 65 66 69 71 72 73 74 76 78 79 81 82 83 84 85 87 88 90 92 96 98 99 100 101 102 103 104 105 106 107 108 109 113 114 115 116 117 118 119 120 121 124 126 127 129 130 131 134 136 138 139 141 142 145 146 147 148 149 150 152 153 154 156 157 158 159 162 163 165 166 167 168 169 170 171 172 173 175 177 178 179 180 181 182
Print [key0:key1]: Print [key0:key1]: *** lower bound 59
*** upper bound 124
 59 60 61 63 65 66 69 71 72 73 74 76 78 79 81 82 83 84 85 87 88 90 92 96 98 99 100 101 102 103 104 105 106 107 108 109 113 114 115 116 117 118 119 120 121
Print [key0:key1]: *** lower bound 134
*** upper bound 149
 134 136 138 139 141 142 145 146 147 148
Print [key0:key1]: *** lower bound 8
*** upper bound 244
 8 9 10 11 12 14 15 16 18 19 21 22 23 24 25 27 29 31 32 35 36 37 39 41 43 45 46 47 49 50 51 52 53 55 56 57 59 60 61 63 65 66 69 71 72 73 74 76 78 79 81 82 83 84 85 87 88 90 92 96 98 99 100 101 102 103 104 105 106 107 108 109 113 114 115 116 117 118 119 120 121 124 126 127 129 130 131 134 136 138 139 141 142 145 146 147 148 149 150 152 153 154 156 157 158 159 162 163 165 166 167 168 169 170 171 172 173 175 177 178 179 180 181 182 183 185 186 188 189 190 191 192 194 195 197 198 199 200 201 202 203 205 206 207 208 209 210 211 212 213 214 216 218 219 220 221 222 223 224 225 226 227 229 230 231 233 234 235 236 237 239 240 241 243
Print [key0:key1]: Print [key0:key1]: *** lower bound 90
*** upper bound 145
 90 92 96 98 99 100 101 102 103 104 105 106 107 108 109 113 114 115 116 117 118 119 120 121 124 126 127 129 130 131 134 136 138 139 141 142
Print [key0:key1]: *** lower bound 18
*** upper bound 153
 18 19 21 22 23 24 25 27 29 31 32 35 36 37 39 41 43 45 46 47 49 50 51 52 53 55 56 57 59 60 61 63 65 66 69 71 72 73 74 76 78 79 81 82 83 84 85 87 88 90 92 96 98 99 100 101 102 103 104 105 106 107 108 109 113 114 115 116 117 118 119 120 121 124 126 127 129 130 131 134 136 138 139 141 142 145 146 147 148 149 150 152
Print [key0:key1]: Print [key0:key1]: *** lower bound 6
*** upper bound 233
 6 8 9 10 11 12 14 15 16 18 19 21 22 23 24 25 27 29 31 32 35 36 37 39 41 43 45 46 47 49 50 51 52 53 55 56 57 59 60 61 63 65 66 69 71 72 73 74 76 78 79 81 82 83 84 85 87 88 90 92 96 98 99 100 101 102 103 104 105 106 107 108 109 113 114 115 116 117 118 119 120 121 124 126 127 129 130 131 134 136 138 139 141 142 145 146 147 148 149 150 152 153 154 156 157 158 159 162 163 165 166 167 168 169 170 171 172 173 175 177 178 179 180 181 182 183 185 186 188 189 190 191 192 194 195 197 198 199 200 201 202 203 205 206 207 208 209 210 211 212 213 214 216 218 219 220 221 222 223 224 225 226 227 229 230 231
Print [key0:key1]: *** lower bound 35
*** upper bound 229
 35 36 37 39 41 43 45 46 47 49 50 51 52 53 55 56 57 59 60 61 63 65 66 69 71 72 73 74 76 78 79 81 82 83 84 85 87 88 90 92 96 98 99 100 101 102 103 104 105 106 107 108 109 113 114 115 116 117 118 119 120 121 124 126 127 129 130 131 134 136 138 139 141 142 145 146 147 148 149 150 152 153 154 156 157 158 159 162 163 165 166 167 168 169 170 171 172 173 175 177 178 179 180 181 182 183 185 186 188 189 190 191 192 194 195 197 198 199 200 201 202 203 205 206 207 208 209 210 211 212 213 214 216 218 219 220 221 222 223 224 225 226 227
Print [key0:key1]: *** lower bound 96
*** upper bound 166
 96 98 99 100 101 102 103 104 105 106 107 108 109 113 114 115 116 117 118 119 120 121 124 126 127 129 130 131 134 136 138 139 141 142 145 146 147 148 149 150 152 153 154 156 157 158 159 162 163 165
Print [key0:key1]: *** lower bound 0
*** upper bound 22
 0 3 4 6 8 9 10 11 12 14 15 16 18 19 21
Print [key0:key1]: Print [key0:key1]: Print [key0:key1]: *** lower bound 31
*** upper bound 233
 31 32 35 36 37 39 41 43 45 46 47 49 50 51 52 53 55 56 57 59 60 61 63 65 66 69 71 72 73 74 76 78 79 81 82 83 84 85 87 88 90 92 96 98 99 100 101 102 103 104 105 106 107 108 109 113 114 115 116 117 118 119 120 121 124 126 127 129 130 131 134 136 138 139 141 142 145 146 147 148 149 150 152 153 154 156 157 158 159 162 163 165 166 167 168 169 170 171 172 173 175 177 178 179 180 181 182 183 185 186 188 189 190 191 192 194 195 197 198 199 200 201 202 203 205 206 207 208 209 210 211 212 213 214 216 218 219 220 221 222 223 224 225 226 227 229 230 231
Print [key0:key1]: *** lower bound 104
*** upper bound 231
 104 105 106 107 108 109 113 114 115 116 117 118 119 120 121 124 126 127 129 130 131 134 136 138 139 141 142 145 146 147 148 149 150 152 153 154 156 157 158 159 162 163 165 166 167 168 169 170 171 172 173 175 177 178 179 180 181 182 183 185 186 188 189 190 191 192 194 195 197 198 199 200 201 202 203 205 206 207 208 209 210 211 212 213 214 216 218 219 220 221 222 223 224 225 226 227 229 230
Print [key0:key1]: Print [key0:key1]: *** lower bound 6
*** upper bound 59
 6 8 9 10 11 12 14 15 16 18 19 21 22 23 24 25 27 29 31 32 35 36 37 39 41 43 45 46 47 49 50 51 52 53 55 56 57
Print [key0:key1]: *** lower bound 0
*** upper bound 114
 0 3 4 6 8 9 10 11 12 14 15 16 18 19 21 22 23 24 25 27 29 31 32 35 36 37 39 41 43 45 46 47 49 50 51 52 53 55 56 57 59 60 61 63 65 66 69 71 72 73 74 76 78 79 81 82 83 84 85 87 88 90 92 96 98 99 100 101 102 103 104 105 106 107 108 109 113
Print [key0:key1]: *** lower bound 15
*** upper bound 145
 15 16 18 19 21 22 23 24 25 27 29 31 32 35 36 37 39 41 43 45 46 47 49 50 51 52 53 55 56 57 59 60 61 63 65 66 69 71 72 73 74 76 78 79 81 82 83 84 85 87 88 90 92 96 98 99 100 101 102 103 104 105 106 107 108 109 113 114 115 116 117 118 119 120 121 124 126 127 129 130 131 134 136 138 139 141 142
Print [key0:key1]: *** lower bound 4
*** upper bound 134
 4 6 8 9 10 11 12 14 15 16 18 19 21 22 23 24 25 27 29 31 32 35 36 37 39 41 43 45 46 47 49 50 51 52 53 55 56 57 59 60 61 63 65 66 69 71 72 73 74 76 78 79 81 82 83 84 85 87 88 90 92 96 98 99 100 101 102 103 104 105 106 107 108 109 113 114 115 116 117 118 119 120 121 124 126 127 129 130 131
Print [key0:key1]: 
