 2 4 5 6 8 9 10 11 12 13 14 15 16 17 21 22 23 24 25 27 28 29 31 32 33 34 35 36 37 40 41 42 43 45 46 47 48 49 50 51 53 54 55 56 57 59 61 63 64 65 68 69 70 71 72 73 74 75 76 77 78 79 80 81 83 84 86 88 91 92 93 95 97 98 99 100 101 103 104 105 106 109 110 111 113 114 115 116 117 118 119 120 121 122 123 124 125 128 129 130 131 133 134 135 136 137 138 141 142 143 144 145 146 147 151 152 154 156 157 158 159 160 162 163 164 166 167 169 170 171 172 173 174 176 177 178 180 181 182 183 184 185 187 189 190 192 193 195 199 201 203 204 207 208 209 210 211 212 213 215 216 217 218 221 222 223 225 226 227 228 231 235 236 237 239 240 244 245 246 247 250 251 252 253 254 255 256 257 258 259 260 262 263 264 266 267 268 270 272 273 274 275 276 278 279 281 283 284 286 287 289 290 291 293 294 295 296 297 298 299 300 301 302 303 304 305 306 307 308 309 310 311 312 314 315 316 318 319 320 321 322 323 325 327 328 329 330
Print [key0:key1]: *** lower bound 54
*** upper bound 154
 54 55 56 57 59 61 63 64 65 68 69 70 71 72 73 74 75 76 77 78 79 80 81 83 84 86 88 91 92 93 95 97 98 99 100 101 103 104 105 106 109 110 111 113 114 115 116 117 118 119 120 121 122 123 124 125 128 129 130 131 133 134 135 136 137 138 141 142 143 144 145 146 147 151 152
Print [key0:key1]: *** lower bound 65
*** upper bound 176
 65 68 69 70 71 72 73 74 75 76 77 78 79 80 81 83 84 86 88 91 92 93 95 97 98 99 100 101 103 104 105 106 109 110 111 113 114 115 116 117 118 119 120 121 122 123 124 125 128 129 130 131 133 134 135 136 137 138 141 142 143 144 145 146 147 151 152 154 156 157 158 159 160 162 163 164 166 167 169 170 171 172 173 174
Print [key0:key1]: *** lower bound 93
*** upper bound 151
 93 95 97 98 99 100 101 103 104 105 106 109 110 111 113 114 115 116 117 118 119 120 121 122 123 124 125 128 129 130 131 133 134 135 136 137 138 141 142 143 144 145 146 147
Print [key0:key1]: *** lower bound 183
*** upper bound 250
 183 184 185 187 189 190 192 193 195 199 201 203 204 207 208 209 210 211 212 213 215 216 217 218 221 222 223 225 226 227 228 231 235 236 237 239 240 244 245 246 247
Print [key0:key1]: Print [key0:key1]: *** lower bound 27
*** upper bound 180
 27 28 29 31 32 33 34 35 36 37 40 41 42 43 45 46 47 48 49 50 51 53 54 55 56 57 59 61 63 64 65 68 69 70 71 72 73 74 75 76 77 78 79 80 81 83 84 86 88 91 92 93 95 97 98 99 100 101 103 104 105 106 109 110 111 113 114 115 116 117 118 119 120 121 122 123 124 125 128 129 130 131 133 134 135 136 137 138 141 142 143 144 145 146 147 151 152 154 156 157 158 159 160 162 163 164 166 167 169 170 171 172 173 174 176 177 178
Print [key0:key1]: *** lower bound 106
*** upper bound 151
 106 109 110 111 113 114 115 116 117 118 119 120 121 122 123 124 125 128 129 130 131 133 134 135 136 137 138 141 142 143 144 145 146 147
Print [key0:key1]: *** lower bound 28
*** upper bound 162
 28 29 31 32 33 34 35 36 37 40 41 42 43 45 46 47 48 49 50 51 53 54 55 56 57 59 61 63 64 65 68 69 70 71 72 73 74 75 76 77 78 79 80 81 83 84 86 88 91 92 93 95 97 98 99 100 101 103 104 105 106 109 110 111 113 114 115 116 117 118 119 120 121 122 123 124 125 128 129 130 131 133 134 135 136 137 138 141 142 143 144 145 146 147 151 152 154 156 157 158 159 160
Print [key0:key1]: *** lower bound 55
*** upper bound 235
 55 56 57 59 61 63 64 65 68 69 70 71 72 73 74 75 76 77 78 79 80 81 83 84 86 88 91 92 93 95 97 98 99 100 101 103 104 105 106 109 110 111 113 114 115 116 117 118 119 120 121 122 123 124 125 128 129 130 131 133 134 135 136 137 138 141 142 143 144 145 146 147 151 152 154 156 157 158 159 160 162 163 164 166 167 169 170 171 172 173 174 176 177 178 180 181 182 183 184 185 187 189 190 192 193 195 199 201 203 204 207 208 209 210 211 212 213 215 216 217 218 221 222 223 225 226 227 228 231
Print [key0:key1]: Print [key0:key1]: Print [key0:key1]: Print [key0:key1]: Print [key0:key1]: Print [key0:key1]: *** lower bound 10
*** upper bound 45
 10 11 12 13 14 15 16 17 21 22 23 24 25 27 28 29 31 32 33 34 35 36 37 40 41 42 43
Print [key0:key1]: *** lower bound 79
*** upper bound 81
 79 80
Print [key0:key1]: *** lower bound 68
*** upper bound 156
 68 69 70 71 72 73 74 75 76 77 78 79 80 81 83 84 86 88 91 92 93 95 97 98 99 100 101 103 104 105 106 109 110 111 113 114 115 116 117 118 119 120 121 122 123 124 125 128 129 130 131 133 134 135 136 137 138 141 142 143 144 145 146 147 151 152 154
Print [key0:key1]: Print [key0:key1]: *** lower bound 116
*** upper bound 222
 116 117 118 119 120 121 122 123 124 125 128 129 130 131 133 134 135 136 137 138 141 142 143 144 145 146 147 151 152 154 156 157 158 159 160 162 163 164 166 167 169 170 171 172 173 174 176 177 178 180 181 182 183 184 185 187 189 190 192 193 195 199 201 203 204 207 208 209 210 211 212 213 215 216 217 218 221
Print [key0:key1]: Print [key0:key1]: *** lower bound 105
*** upper bound 195
 105 106 109 110 111 113 114 115 116 117 118 119 120 121 122 123 124 125 128 129 130 131 133 134 135 136 137 138 141 142 143 144 145 146 147 151 152 154 156 157 158 159 160 162 163 164 166 167 169 170 171 172 173 174 176 177 178 180 181 182 183 184 185 187 189 190 192 193
Print [key0:key1]: Print [key0:key1]: Print [key0:key1]: *** lower bound 111
*** upper bound 225
 111 113 114 115 116 117 118 119 120 121 122 123 124 125 128 129 130 131 133 134 135 136 137 138 141 142 143 144 145 146 147 151 152 154 156 157 158 159 160 162 163 164 166 167 169 170 171 172 173 174 176 177 178 180 181 182 183 184 185 187 189 190 192 193 195 199 201 203 204 207 208 209 210 211 212 213 215 216 217 218 221 222 223
Print [key0:key1]: Print [key0:key1]: Print [key0:key1]: *** lower bound 91
*** upper bound 212
 91 92 93 95 97 98 99 100 101 103 104 105 106 109 110 111 113 114 115 116 117 118 119 120 121 122 123 124 125 128 129 130 131 133 134 135 136 137 138 141 142 143 144 145 146 147 151 152 154 156 157 158 159 160 162 163 164 166 167 169 170 171 172 173 174 176 177 178 180 181 182 183 184 185 187 189 190 192 193 195 199 201 203 204 207 208 209 210 211
Print [key0:key1]: *** lower bound 182
*** upper bound 221
 182 183 184 185 187 189 190 192 193 195 199 201 203 204 207 208 209 210 211 212 213 215 216 217 218
Print [key0:key1]: Print [key0:key1]: Print [key0:key1]: *** lower bound 91
*** upper bound 103
 91 92 93 95 97 98 99 100 101
Print [key0:key1]: *** lower bound 109
*** upper bound 263
 109 110 111 113 114 115 116 117 118 119 120 121 122 123 124 125 128 129 130 131 133 134 135 136 137 138 141 142 143 144 145 146 147 151 152 154 156 157 158 159 160 162 163 164 166 167 169 170 171 172 173 174 176 177 178 180 181 182 183 184 185 187 189 190 192 193 195 199 201 203 204 207 208 209 210 211 212 213 215 216 217 218 221 222 223 225 226 227 228 231 235 236 237 239 240 244 245 246 247 250 251 252 253 254 255 256 257 258 259 260 262
Print [key0:key1]: *** lower bound 152
*** upper bound 267
 152 154 156 157 158 159 160 162 163 164 166 167 169 170 171 172 173 174 176 177 178 180 181 182 183 184 185 187 189 190 192 193 195 199 201 203 204 207 208 209 210 211 212 213 215 216 217 218 221 222 223 225 226 227 228 231 235 236 237 239 240 244 245 246 247 250 251 252 253 254 255 256 257 258 259 260 262 263 264 266
Print [key0:key1]: Print [key0:key1]: *** lower bound 93
*** upper bound 189
 93 95 97 98 99 100 101 103 104 105 106 109 110 111 113 114 115 116 117 118 119 120 121 122 123 124 125 128 129 130 131 133 134 135 136 137 138 141 142 143 144 145 146 147 151 152 154 156 157 158 159 160 162 163 164 166 167 169 170 171 172 173 174 176 177 178 180 181 182 183 184 185 187
Print [key0:key1]: *** lower bound 159
*** upper bound 225
 159 160 162 163 164 166 167 169 170 171 172 173 174 176 177 178 180 181 182 183 184 185 187 189 190 192 193 195 199 201 203 204 207 208 209 210 211 212 213 215 216 217 218 221 222 223
Print [key0:key1]: *** lower bound 65
*** upper bound 239
 65 68 69 70 71 72 73 74 75 76 77 78 79 80 81 83 84 86 88 91 92 93 95 97 98 99 100 101 103 104 105 106 109 110 111 113 114 115 116 117 118 119 120 121 122 123 124 125 128 129 130 131 133 134 135 136 137 138 141 142 143 144 145 146 147 151 152 154 156 157 158 159 160 162 163 164 166 167 169 170 171 172 173 174 176 177 178 180 181 182 183 184 185 187 189 190 192 193 195 199 201 203 204 207 208 209 210 211 212 213 215 216 217 218 221 222 223 225 226 227 228 231 235 236 237
Print [key0:key1]: *** lower bound 88
*** upper bound 157
 88 91 92 93 95 97 98 99 100 101 103 104 105 106 109 110 111 113 114 115 116 117 118 119 120 121 122 123 124 125 128 129 130 131 133 134 135 136 137 138 141 142 143 144 145 146 147 151 152 154 156
Print [key0:key1]: *** lower bound 43
*** upper bound 70
 43 45 46 47 48 49 50 51 53 54 55 56 57 59 61 63 64 65 68 69
Print [key0:key1]: *** lower bound 25
*** upper bound 201
 25 27 28 29 31 32 33 34 35 36 37 40 41 42 43 45 46 47 48 49 50 51 53 54 55 56 57 59 61 63 64 65 68 69 70 71 72 73 74 75 76 77 78 79 80 81 83 84 86 88 91 92 93 95 97 98 99 100 101 103 104 105 106 109 110 111 113 114 115 116 117 118 119 120 121 122 123 124 125 128 129 130 131 133 134 135 136 137 138 141 142 143 144 145 146 147 151 152 154 156 157 158 159 160 162 163 164 166 167 169 170 171 172 173 174 176 177 178 180 181 182 183 184 185 187 189 190 192 193 195 199
Print [key0:key1]: Print [key0:key1]: Print [key0:key1]: Print [key0:key1]: Print [key0:key1]: Print [key0:key1]: Print [key0:key1]: *** lower bound 35
*** upper bound 43
 35 36 37 40 41 42
Print [key0:key1]: Print [key0:key1]: Print [key0:key1]: *** lower bound 57
*** upper bound 190
 57 59 61 63 64 65 68 69 70 71 72 73 74 75 76 77 78 79 80 81 83 84 86 88 91 92 93 95 97 98 99 100 101 103 104 105 106 109 110 111 113 114 115 116 117 118 119 120 121 122 123 124 125 128 129 130 131 133 134 135 136 137 138 141 142 143 144 145 146 147 151 152 154 156 157 158 159 160 162 163 164 166 167 169 170 171 172 173 174 176 177 178 180 181 182 183 184 185 187 189
Print [key0:key1]: Print [key0:key1]: Print [key0:key1]: *** lower bound 123
*** upper bound 195
 123 124 125 128 129 130 131 133 134 135 136 137 138 141 142 143 144 145 146 147 151 152 154 156 157 158 159 160 162 163 164 166 167 169 170 171 172 173 174 176 177 178 180 181 182 183 184 185 187 189 190 192 193
Print [key0:key1]: Print [key0:key1]: *** lower bound 109
*** upper bound 113
 109 110 111
Print [key0:key1]: *** lower bound 104
*** upper bound 231
 104 105 106 109 110 111 113 114 115 116 117 118 119 120 121 122 123 124 125 128 129 130 131 133 134 135 136 137 138 141 142 143 144 145 146 147 151 152 154 156 157 158 159 160 162 163 164 166 167 169 170 171 172 173 174 176 177 178 180 181 182 183 184 185 187 189 190 192 193 195 199 201 203 204 207 208 209 210 211 212 213 215 216 217 218 221 222 223 225 226 227 228
Print [key0:key1]: Print [key0:key1]: Print [key0:key1]: *** lower bound 6
*** upper bound 212
 6 8 9 10 11 12 13 14 15 16 17 21 22 23 24 25 27 28 29 31 32 33 34 35 36 37 40 41 42 43 45 46 47 48 49 50 51 53 54 55 56 57 59 61 63 64 65 68 69 70 71 72 73 74 75 76 77 78 79 80 81 83 84 86 88 91 92 93 95 97 98 99 100 101 103 104 105 106 109 110 111 113 114 115 116 117 118 119 120 121 122 123 124 125 128 129 130 131 133 134 135 136 137 138 141 142 143 144 145 146 147 151 152 154 156 157 158 159 160 162 163 164 166 167 169 170 171 172 173 174 176 177 178 180 181 182 183 184 185 187 189 190 192 193 195 199 201 203 204 207 208 209 210 211
Print [key0:key1]: *** lower bound 156
*** upper bound 215
 156 157 158 159 160 162 163 164 166 167 169 170 171 172 173 174 176 177 178 180 181 182 183 184 185 187 189 190 192 193 195 199 201 203 204 207 208 209 210 211 212 213
Print [key0:key1]: Print [key0:key1]: *** lower bound 70
*** upper bound 80
 70 71 72 73 74 75 76 77 78 79
Print [key0:key1]: Print [key0:key1]: Print [key0:key1]: *** lower bound 113
*** upper bound 247
 113 114 115 116 117 118 119 120 121 122 123 124 125 128 129 130 131 133 134 135 136 137 138 141 142 143 144 145 146 147 151 152 154 156 157 158 159 160 162 163 164 166 167 169 170 171 172 173 174 176 177 178 180 181 182 183 184 185 187 189 190 192 193 195 199 201 203 204 207 208 209 210 211 212 213 215 216 217 218 221 222 223 225 226 227 228 231 235 236 237 239 240 244 245 246
Print [key0:key1]: Print [key0:key1]: *** lower bound 77
*** upper bound 174
 77 78 79 80 81 83 84 86 88 91 92 93 95 97 98 99 100 101 103 104 105 106 109 110 111 113 114 115 116 117 118 119 120 121 122 123 124 125 128 129 130 131 133 134 135 136 137 138 141 142 143 144 145 146 147 151 152 154 156 157 158 159 160 162 163 164 166 167 169 170 171 172 173
Print [key0:key1]: Print [key0:key1]: *** lower bound 43
*** upper bound 46
 43 45
Print [key0:key1]: *** lower bound 40
*** upper bound 199
 40 41 42 43 45 46 47 48 49 50 51 53 54 55 56 57 59 61 63 64 65 68 69 70 71 72 73 74 75 76 77 78 79 80 81 83 84 86 88 91 92 93 95 97 98 99 100 101 103 104 105 106 109 110 111 113 114 115 116 117 118 119 120 121 122 123 124 125 128 129 130 131 133 134 135 136 137 138 141 142 143 144 145 146 147 151 152 154 156 157 158 159 160 162 163 164 166 167 169 170 171 172 173 174 176 177 178 180 181 182 183 184 185 187 189 190 192 193 195
Print [key0:key1]: *** lower bound 2
*** upper bound 217
 2 4 5 6 8 9 10 11 12 13 14 15 16 17 21 22 23 24 25 27 28 29 31 32 33 34 35 36 37 40 41 42 43 45 46 47 48 49 50 51 53 54 55 56 57 59 61 63 64 65 68 69 70 71 72 73 74 75 76 77 78 79 80 81 83 84 86 88 91 92 93 95 97 98 99 100 101 103 104 105 106 109 110 111 113 114 115 116 117 118 119 120 121 122 123 124 125 128 129 130 131 133 134 135 136 137 138 141 142 143 144 145 146 147 151 152 154 156 157 158 159 160 162 163 164 166 167 169 170 171 172 173 174 176 177 178 180 181 182 183 184 185 187 189 190 192 193 195 199 201 203 204 207 208 209 210 211 212 213 215 216
Print [key0:key1]: *** lower bound 79
*** upper bound 207
 79 80 81 83 84 86 88 91 92 93 95 97 98 99 100 101 103 104 105 106 109 110 111 113 114 115 116 117 118 119 120 121 122 123 124 125 128 129 130 131 133 134 135 136 137 138 141 142 143 144 145 146 147 151 152 154 156 157 158 159 160 162 163 164 166 167 169 170 171 172 173 174 176 177 178 180 181 182 183 184 185 187 189 190 192 193 195 199 201 203 204
Print [key0:key1]: *** lower bound 103
*** upper bound 204
 103 104 105 106 109 110 111 113 114 115 116 117 118 119 120 121 122 123 124 125 128 129 130 131 133 134 135 136 137 138 141 142 143 144 145 146 147 151 152 154 156 157 158 159 160 162 163 164 166 167 169 170 171 172 173 174 176 177 178 180 181 182 183 184 185 187 189 190 192 193 195 199 201 203
Print [key0:key1]: *** lower bound 65
*** upper bound 221
 65 68 69 70 71 72 73 74 75 76 77 78 79 80 81 83 84 86 88 91 92 93 95 97 98 99 100 101 103 104 105 106 109 110 111 113 114 115 116 117 118 119 120 121 122 123 124 125 128 129 130 131 133 134 135 136 137 138 141 142 143 144 145 146 147 151 152 154 156 157 158 159 160 162 163 164 166 167 169 170 171 172 173 174 176 177 178 180 181 182 183 184 185 187 189 190 192 193 195 199 201 203 204 207 208 209 210 211 212 213 215 216 217 218
Print [key0:key1]: Print [key0:key1]: *** lower bound 123
*** upper bound 131
 123 124 125 128 129 130
Print [key0:key1]: Print [key0:key1]: *** lower bound 21
*** upper bound 247
 21 22 23 24 25 27 28 29 31 32 33 34 35 36 37 40 41 42 43 45 46 47 48 49 50 51 53 54 55 56 57 59 61 63 64 65 68 69 70 71 72 73 74 75 76 77 78 79 80 81 83 84 86 88 91 92 93 95 97 98 99 100 101 103 104 105 106 109 110 111 113 114 115 116 117 118 119 120 121 122 123 124 125 128 129 130 131 133 134 135 136 137 138 141 142 143 144 145 146 147 151 152 154 156 157 158 159 160 162 163 164 166 167 169 170 171 172 173 174 176 177 178 180 181 182 183 184 185 187 189 190 192 193 195 199 201 203 204 207 208 209 210 211 212 213 215 216 217 218 221 222 223 225 226 227 228 231 235 236 237 239 240 244 245 246
Print [key0:key1]: *** lower bound 2
*** upper bound 259
 2 4 5 6 8 9 10 11 12 13 14 15 16 17 21 22 23 24 25 27 28 29 31 32 33 34 35 36 37 40 41 42 43 45 46 47 48 49 50 51 53 54 55 56 57 59 61 63 64 65 68 69 70 71 72 73 74 75 76 77 78 79 80 81 83 84 86 88 91 92 93 95 97 98 99 100 101 103 104 105 106 109 110 111 113 114 115 116 117 118 119 120 121 122 123 124 125 128 129 130 131 133 134 135 136 137 138 141 142 143 144 145 146 147 151 152 154 156 157 158 159 160 162 163 164 166 167 169 170 171 172 173 174 176 177 178 180 181 182 183 184 185 187 189 190 192 193 195 199 201 203 204 207 208 209 210 211 212 213 215 216 217 218 221 222 223 225 226 227 228 231 235 236 237 239 240 244 245 246 247 250 251 252 253 254 255 256 257 258
Print [key0:key1]: *** lower bound 46
*** upper bound 123
 46 47 48 49 50 51 53 54 55 56 57 59 61 63 64 65 68 69 70 71 72 73 74 75 76 77 78 79 80 81 83 84 86 88 91 92 93 95 97 98 99 100 101 103 104 105 106 109 110 111 113 114 115 116 117 118 119 120 121 122
Print [key0:key1]: *** lower bound 40
*** upper bound 138
 40 41 42 43 45 46 47 48 49 50 51 53 54 55 56 57 59 61 63 64 65 68 69 70 71 72 73 74 75 76 77 78 79 80 81 83 84 86 88 91 92 93 95 97 98 99 100 101 103 104 105 106 109 110 111 113 114 115 116 117 118 119 120 121 122 123 124 125 128 129 130 131 133 134 135 136 137
Print [key0:key1]: Print [key0:key1]: *** lower bound 70
*** upper bound 113
 70 71 72 73 74 75 76 77 78 79 80 81 83 84 86 88 91 92 93 95 97 98 99 100 101 103 104 105 106 109 110 111
Print [key0:key1]: *** lower bound 12
*** upper bound 47
 12 13 14 15 16 17 21 22 23 24 25 27 28 29 31 32 33 34 35 36 37 40 41 42 43 45 46
Print [key0:key1]: *** lower bound 59
*** upper bound 91
 59 61 63 64 65 68 69 70 71 72 73 74 75 76 77 78 79 80 81 83 84 86 88
Print [key0:key1]: *** lower bound 114
*** upper bound 264
 114 115 116 117 118 119 120 121 122 123 124 125 128 129 130 131 133 134 135 136 137 138 141 142 143 144 145 146 147 151 152 154 156 157 158 159 160 162 163 164 166 167 169 170 171 172 173 174 176 177 178 180 181 182 183 184 185 187 189 190 192 193 195 199 201 203 204 207 208 209 210 211 212 213 215 216 217 218 221 222 223 225 226 227 228 231 235 236 237 239 240 244 245 246 247 250 251 252 253 254 255 256 257 258 259 260 262 263
Print [key0:key1]: *** lower bound 61
*** upper bound 223
 61 63 64 65 68 69 70 71 72 73 74 75 76 77 78 79 80 81 83 84 86 88 91 92 93 95 97 98 99 100 101 103 104 105 106 109 110 111 113 114 115 116 117 118 119 120 121 122 123 124 125 128 129 130 131 133 134 135 136 137 138 141 142 143 144 145 146 147 151 152 154 156 157 158 159 160 162 163 164 166 167 169 170 171 172 173 174 176 177 178 180 181 182 183 184 185 187 189 190 192 193 195 199 201 203 204 207 208 209 210 211 212 213 215 216 217 218 221 222
Print [key0:key1]: *** lower bound 128
*** upper bound 162
 128 129 130 131 133 134 135 136 137 138 141 142 143 144 145 146 147 151 152 154 156 157 158 159 160
Print [key0:key1]: Print [key0:key1]: *** lower bound 141
*** upper bound 236
 141 142 143 144 145 146 147 151 152 154 156 157 158 159 160 162 163 164 166 167 169 170 171 172 173 174 176 177 178 180 181 182 183 184 185 187 189 190 192 193 195 199 201 203 204 207 208 209 210 211 212 213 215 216 217 218 221 222 223 225 226 227 228 231 235
Print [key0:key1]: Print [key0:key1]: *** lower bound 45
*** upper bound 63
 45 46 47 48 49 50 51 53 54 55 56 57 59 61
Print [key0:key1]: Print [key0:key1]: Print [key0:key1]: *** lower bound 61
*** upper bound 207
 61 63 64 65 68 69 70 71 72 73 74 75 76 77 78 79 80 81 83 84 86 88 91 92 93 95 97 98 99 100 101 103 104 105 106 109 110 111 113 114 115 116 117 118 119 120 121 122 123 124 125 128 129 130 131 133 134 135 136 137 138 141 142 143 144 145 146 147 151 152 154 156 157 158 159 160 162 163 164 166 167 169 170 171 172 173 174 176 177 178 180 181 182 183 184 185 187 189 190 192 193 195 199 201 203 204
Print [key0:key1]: *** lower bound 49
*** upper bound 51
 49 50
Print [key0:key1]: *** lower bound 53
*** upper bound 80
 53 54 55 56 57 59 61 63 64 65 68 69 70 71 72 73 74 75 76 77 78 79
Print [key0:key1]: *** lower bound 63
*** upper bound 217
 63 64 65 68 69 70 71 72 73 74 75 76 77 78 79 80 81 83 84 86 88 91 92 93 95 97 98 99 100 101 103 104 105 106 109 110 111 113 114 115 116 117 118 119 120 121 122 123 124 125 128 129 130 131 133 134 135 136 137 138 141 142 143 144 145 146 147 151 152 154 156 157 158 159 160 162 163 164 166 167 169 170 171 172 173 174 176 177 178 180 181 182 183 184 185 187 189 190 192 193 195 199 201 203 204 207 208 209 210 211 212 213 215 216
Print [key0:key1]: Print [key0:key1]: Print [key0:key1]: Print [key0:key1]: *** lower bound 21
*** upper bound 121
 21 22 23 24 25 27 28 29 31 32 33 34 35 36 37 40 41 42 43 45 46 47 48 49 50 51 53 54 55 56 57 59 61 63 64 65 68 69 70 71 72 73 74 75 76 77 78 79 80 81 83 84 86 88 91 92 93 95 97 98 99 100 101 103 104 105 106 109 110 111 113 114 115 116 117 118 119 120
Print [key0:key1]: *** lower bound 17
*** upper bound 27
 17 21 22 23 24 25
Print [key0:key1]: Print [key0:key1]: Print [key0:key1]: Print [key0:key1]: *** lower bound 162
*** upper bound 184
 162 163 164 166 167 169 170 171 172 173 174 176 177 178 180 181 182 183
Print [key0:key1]: *** lower bound 131
*** upper bound 177
 131 133 134 135 136 137 138 141 142 143 144 145 146 147 151 152 154 156 157 158 159 160 162 163 164 166 167 169 170 171 172 173 174 176
Print [key0:key1]: Print [key0:key1]: *** lower bound 109
*** upper bound 192
 109 110 111 113 114 115 116 117 118 119 120 121 122 123 124 125 128 129 130 131 133 134 135 136 137 138 141 142 143 144 145 146 147 151 152 154 156 157 158 159 160 162 163 164 166 167 169 170 171 172 173 174 176 177 178 180 181 182 183 184 185 187 189 190
Print [key0:key1]: *** lower bound 195
*** upper bound 259
 195 199 201 203 204 207 208 209 210 211 212 213 215 216 217 218 221 222 223 225 226 227 228 231 235 236 237 239 240 244 245 246 247 250 251 252 253 254 255 256 257 258
Print [key0:key1]: *** lower bound 61
*** upper bound 253
 61 63 64 65 68 69 70 71 72 73 74 75 76 77 78 79 80 81 83 84 86 88 91 92 93 95 97 98 99 100 101 103 104 105 106 109 110 111 113 114 115 116 117 118 119 120 121 122 123 124 125 128 129 130 131 133 134 135 136 137 138 141 142 143 144 145 146 147 151 152 154 156 157 158 159 160 162 163 164 166 167 169 170 171 172 173 174 176 177 178 180 181 182 183 184 185 187 189 190 192 193 195 199 201 203 204 207 208 209 210 211 212 213 215 216 217 218 221 222 223 225 226 227 228 231 235 236 237 239 240 244 245 246 247 250 251 252
Print [key0:key1]: Print [key0:key1]: *** lower bound 123
*** upper bound 138
 123 124 125 128 129 130 131 133 134 135 136 137
Print [key0:key1]: Print [key0:key1]: Print [key0:key1]: Print [key0:key1]: Print [key0:key1]: Print [key0:key1]: *** lower bound 46
*** upper bound 199
 46 47 48 49 50 51 53 54 55 56 57 59 61 63 64 65 68 69 70 71 72 73 74 75 76 77 78 79 80 81 83 84 86 88 91 92 93 95 97 98 99 100 101 103 104 105 106 109 110 111 113 114 115 116 117 118 119 120 121 122 123 124 125 128 129 130 131 133 134 135 136 137 138 141 142 143 144 145 146 147 151 152 154 156 157 158 159 160 162 163 164 166 167 169 170 171 172 173 174 176 177 178 180 181 182 183 184 185 187 189 190 192 193 195
Print [key0:key1]: *** lower bound 2
*** upper bound 174
 2 4 5 6 8 9 10 11 12 13 14 15 16 17 21 22 23 24 25 27 28 29 31 32 33 34 35 36 37 40 41 42 43 45 46 47 48 49 50 51 53 54 55 56 57 59 61 63 64 65 68 69 70 71 72 73 74 75 76 77 78 79 80 81 83 84 86 88 91 92 93 95 97 98 99 100 101 103 104 105 106 109 110 111 113 114 115 116 117 118 119 120 121 122 123 124 125 128 129 130 131 133 134 135 136 137 138 141 142 143 144 145 146 147 151 152 154 156 157 158 159 160 162 163 164 166 167 169 170 171 172 173
Print [key0:key1]: *** lower bound 2
*** upper bound 137
 2 4 5 6 8 9 10 11 12 13 14 15 16 17 21 22 23 24 25 27 28 29 31 32 33 34 35 36 37 40 41 42 43 45 46 47 48 49 50 51 53 54 55 56 57 59 61 63 64 65 68 69 70 71 72 73 74 75 76 77 78 79 80 81 83 84 86 88 91 92 93 95 97 98 99 100 101 103 104 105 106 109 110 111 113 114 115 116 117 118 119 120 121 122 123 124 125 128 129 130 131 133 134 135 136
Print [key0:key1]: Print [key0:key1]: 
