 0 2 3 4 6 7 8 9 11 12 13 14 17 18 19 20 21 22 23 24 26 27 28 29 30 31 32 33 34 35 36 37 38 39 40 41 42 43 45 46 47 48 49 50 51 52 54 56 57 59 60 61 62 64 65 66 67 68 69 70 71 72 75 76 78 79 80 81 82 83 85 87 88 89 90 92 93 94 95 100 101 103 104 105 107 109 110 112 114 115 116 117 118 119 120 121 122 123 124 125 126 127 129 130 131 132 133 135 136 137 138 139 140 141 142 143 144 145 146 148 149 150 151 153 154 155 157 159 160 163 165 166 167 170 171 172 173 176 179 180 181 182 183 184 187 188 190 192 193 194 195 197 198 199 200 201 203 204 205 207 208 209 211 212 214 215 216 217 218 220 221 222 224 226 227 229 230 231 232 233 235 236 237 239 241 242 244 245 246 249 250 251 252 253 255 257 259 260 261 262 263 264 266 267 268 270 272 274 275 278 279 280 281 283 284 285 286 287 288 291 293 294 295 296 297 298 299 301 303 304 305 306 307 308 309 312 313 316 319 320 321 322 323 325 327 328 329 330 331 332 333 334 336 337 338 339 340 341 343 344 346 348 349 351 352 353 354 355 356 357 358 360 361 362 363 364 365 367 368 370 371 372 373 375 376 377 378 381 383 384 385 386 387 388 389 390 391 392 393 395 397 398 400 401 403 404 405 406 407 408 410 411 412 413 415 417 418 419 420 422 423 424 426 427 430 432 433 434 435 437 438 439 440 441 442 443 444 445 447 448 449 451 452 453 457 458 459 460 462 463 465 466 467 468 469 470 471 472 473 475 476 479 480 481 483 484 485 487 488 490 491 493 494 497 498 501 502 503 505 508 509 511 512 513 514 515 516 517 518 519 520 523 524 525 526 528 529 532 533 534 536 538 540 542 545 546 547 548 549 550 551 552 553 554 555 557 558 560 561 563 565 568 569 570 571 572 573 574 575 576 577 578 580 581 583 584 585 586 587 591 592 593 594 596 597 598 599 600 601 602 603 604 605 606 607 609 612 613 614 615 616 617 619 620 621 622 623 624 625 626 627 628 631 633 634 635 636 637 639 641 642 643 645 646 647 648 650 651 652 655 656 657 658 659 660
Print [key0:key1]: *** lower bound 51
*** upper bound 343
 51 52 54 56 57 59 60 61 62 64 65 66 67 68 69 70 71 72 75 76 78 79 80 81 82 83 85 87 88 89 90 92 93 94 95 100 101 103 104 105 107 109 110 112 114 115 116 117 118 119 120 121 122 123 124 125 126 127 129 130 131 132 133 135 136 137 138 139 140 141 142 143 144 145 146 148 149 150 151 153 154 155 157 159 160 163 165 166 167 170 171 172 173 176 179 180 181 182 183 184 187 188 190 192 193 194 195 197 198 199 200 201 203 204 205 207 208 209 211 212 214 215 216 217 218 220 221 222 224 226 227 229 230 231 232 233 235 236 237 239 241 242 244 245 246 249 250 251 252 253 255 257 259 260 261 262 263 264 266 267 268 270 272 274 275 278 279 280 281 283 284 285 286 287 288 291 293 294 295 296 297 298 299 301 303 304 305 306 307 308 309 312 313 316 319 320 321 322 323 325 327 328 329 330 331 332 333 334 336 337 338 339 340 341
Print [key0:key1]: Print [key0:key1]: Print [key0:key1]: Print [key0:key1]: *** lower bound 0
*** upper bound 383
 0 2 3 4 6 7 8 9 11 12 13 14 17 18 19 20 21 22 23 24 26 27 28 29 30 31 32 33 34 35 36 37 38 39 40 41 42 43 45 46 47 48 49 50 51 52 54 56 57 59 60 61 62 64 65 66 67 68 69 70 71 72 75 76 78 79 80 81 82 83 85 87 88 89 90 92 93 94 95 100 101 103 104 105 107 109 110 112 114 115 116 117 118 119 120 121 122 123 124 125 126 127 129 130 131 132 133 135 136 137 138 139 140 141 142 143 144 145 146 148 149 150 151 153 154 155 157 159 160 163 165 166 167 170 171 172 173 176 179 180 181 182 183 184 187 188 190 192 193 194 195 197 198 199 200 201 203 204 205 207 208 209 211 212 214 215 216 217 218 220 221 222 224 226 227 229 230 231 232 233 235 236 237 239 241 242 244 245 246 249 250 251 252 253 255 257 259 260 261 262 263 264 266 267 268 270 272 274 275 278 279 280 281 283 284 285 286 287 288 291 293 294 295 296 297 298 299 301 303 304 305 306 307 308 309 312 313 316 319 320 321 322 323 325 327 328 329 330 331 332 333 334 336 337 338 339 340 341 343 344 346 348 349 351 352 353 354 355 356 357 358 360 361 362 363 364 365 367 368 370 371 372 373 375 376 377 378 381
Print [key0:key1]: *** lower bound 163
*** upper bound 488
 163 165 166 167 170 171 172 173 176 179 180 181 182 183 184 187 188 190 192 193 194 195 197 198 199 200 201 203 204 205 207 208 209 211 212 214 215 216 217 218 220 221 222 224 226 227 229 230 231 232 233 235 236 237 239 241 242 244 245 246 249 250 251 252 253 255 257 259 260 261 262 263 264 266 267 268 270 272 274 275 278 279 280 281 283 284 285 286 287 288 291 293 294 295 296 297 298 299 301 303 304 305 306 307 308 309 312 313 316 319 320 321 322 323 325 327 328 329 330 331 332 333 334 336 337 338 339 340 341 343 344 346 348 349 351 352 353 354 355 356 357 358 360 361 362 363 364 365 367 368 370 371 372 373 375 376 377 378 381 383 384 385 386 387 388 389 390 391 392 393 395 397 398 400 401 403 404 405 406 407 408 410 411 412 413 415 417 418 419 420 422 423 424 426 427 430 432 433 434 435 437 438 439 440 441 442 443 444 445 447 448 449 451 452 453 457 458 459 460 462 463 465 466 467 468 469 470 471 472 473 475 476 479 480 481 483 484 485 487
Print [key0:key1]: Print [key0:key1]: *** lower bound 109
*** upper bound 328
 109 110 112 114 115 116 117 118 119 120 121 122 123 124 125 126 127 129 130 131 132 133 135 136 137 138 139 140 141 142 143 144 145 146 148 149 150 151 153 154 155 157 159 160 163 165 166 167 170 171 172 173 176 179 180 181 182 183 184 187 188 190 192 193 194 195 197 198 199 200 201 203 204 205 207 208 209 211 212 214 215 216 217 218 220 221 222 224 226 227 229 230 231 232 233 235 236 237 239 241 242 244 245 246 249 250 251 252 253 255 257 259 260 261 262 263 264 266 267 268 270 272 274 275 278 279 280 281 283 284 285 286 287 288 291 293 294 295 296 297 298 299 301 303 304 305 306 307 308 309 312 313 316 319 320 321 322 323 325 327
Print [key0:key1]: Print [key0:key1]: Print [key0:key1]: Print [key0:key1]: Print [key0:key1]: Print [key0:key1]: *** lower bound 195
*** upper bound 449
 195 197 198 199 200 201 203 204 205 207 208 209 211 212 214 215 216 217 218 220 221 222 224 226 227 229 230 231 232 233 235 236 237 239 241 242 244 245 246 249 250 251 252 253 255 257 259 260 261 262 263 264 266 267 268 270 272 274 275 278 279 280 281 283 284 285 286 287 288 291 293 294 295 296 297 298 299 301 303 304 305 306 307 308 309 312 313 316 319 320 321 322 323 325 327 328 329 330 331 332 333 334 336 337 338 339 340 341 343 344 346 348 349 351 352 353 354 355 356 357 358 360 361 362 363 364 365 367 368 370 371 372 373 375 376 377 378 381 383 384 385 386 387 388 389 390 391 392 393 395 397 398 400 401 403 404 405 406 407 408 410 411 412 413 415 417 418 419 420 422 423 424 426 427 430 432 433 434 435 437 438 439 440 441 442 443 444 445 447 448
Print [key0:key1]: Print [key0:key1]: *** lower bound 54
*** upper bound 272
 54 56 57 59 60 61 62 64 65 66 67 68 69 70 71 72 75 76 78 79 80 81 82 83 85 87 88 89 90 92 93 94 95 100 101 103 104 105 107 109 110 112 114 115 116 117 118 119 120 121 122 123 124 125 126 127 129 130 131 132 133 135 136 137 138 139 140 141 142 143 144 145 146 148 149 150 151 153 154 155 157 159 160 163 165 166 167 170 171 172 173 176 179 180 181 182 183 184 187 188 190 192 193 194 195 197 198 199 200 201 203 204 205 207 208 209 211 212 214 215 216 217 218 220 221 222 224 226 227 229 230 231 232 233 235 236 237 239 241 242 244 245 246 249 250 251 252 253 255 257 259 260 261 262 263 264 266 267 268 270
Print [key0:key1]: Print [key0:key1]: *** lower bound 101
*** upper bound 157
 101 103 104 105 107 109 110 112 114 115 116 117 118 119 120 121 122 123 124 125 126 127 129 130 131 132 133 135 136 137 138 139 140 141 142 143 144 145 146 148 149 150 151 153 154 155
Print [key0:key1]: *** lower bound 197
*** upper bound 319
 197 198 199 200 201 203 204 205 207 208 209 211 212 214 215 216 217 218 220 221 222 224 226 227 229 230 231 232 233 235 236 237 239 241 242 244 245 246 249 250 251 252 253 255 257 259 260 261 262 263 264 266 267 268 270 272 274 275 278 279 280 281 283 284 285 286 287 288 291 293 294 295 296 297 298 299 301 303 304 305 306 307 308 309 312 313 316
Print [key0:key1]: Print [key0:key1]: *** lower bound 0
*** upper bound 149
 0 2 3 4 6 7 8 9 11 12 13 14 17 18 19 20 21 22 23 24 26 27 28 29 30 31 32 33 34 35 36 37 38 39 40 41 42 43 45 46 47 48 49 50 51 52 54 56 57 59 60 61 62 64 65 66 67 68 69 70 71 72 75 76 78 79 80 81 82 83 85 87 88 89 90 92 93 94 95 100 101 103 104 105 107 109 110 112 114 115 116 117 118 119 120 121 122 123 124 125 126 127 129 130 131 132 133 135 136 137 138 139 140 141 142 143 144 145 146 148
Print [key0:key1]: *** lower bound 190
*** upper bound 325
 190 192 193 194 195 197 198 199 200 201 203 204 205 207 208 209 211 212 214 215 216 217 218 220 221 222 224 226 227 229 230 231 232 233 235 236 237 239 241 242 244 245 246 249 250 251 252 253 255 257 259 260 261 262 263 264 266 267 268 270 272 274 275 278 279 280 281 283 284 285 286 287 288 291 293 294 295 296 297 298 299 301 303 304 305 306 307 308 309 312 313 316 319 320 321 322 323
Print [key0:key1]: *** lower bound 141
*** upper bound 406
 141 142 143 144 145 146 148 149 150 151 153 154 155 157 159 160 163 165 166 167 170 171 172 173 176 179 180 181 182 183 184 187 188 190 192 193 194 195 197 198 199 200 201 203 204 205 207 208 209 211 212 214 215 216 217 218 220 221 222 224 226 227 229 230 231 232 233 235 236 237 239 241 242 244 245 246 249 250 251 252 253 255 257 259 260 261 262 263 264 266 267 268 270 272 274 275 278 279 280 281 283 284 285 286 287 288 291 293 294 295 296 297 298 299 301 303 304 305 306 307 308 309 312 313 316 319 320 321 322 323 325 327 328 329 330 331 332 333 334 336 337 338 339 340 341 343 344 346 348 349 351 352 353 354 355 356 357 358 360 361 362 363 364 365 367 368 370 371 372 373 375 376 377 378 381 383 384 385 386 387 388 389 390 391 392 393 395 397 398 400 401 403 404 405
Print [key0:key1]: *** lower bound 288
*** upper bound 469
 288 291 293 294 295 296 297 298 299 301 303 304 305 306 307 308 309 312 313 316 319 320 321 322 323 325 327 328 329 330 331 332 333 334 336 337 338 339 340 341 343 344 346 348 349 351 352 353 354 355 356 357 358 360 361 362 363 364 365 367 368 370 371 372 373 375 376 377 378 381 383 384 385 386 387 388 389 390 391 392 393 395 397 398 400 401 403 404 405 406 407 408 410 411 412 413 415 417 418 419 420 422 423 424 426 427 430 432 433 434 435 437 438 439 440 441 442 443 444 445 447 448 449 451 452 453 457 458 459 460 462 463 465 466 467 468
Print [key0:key1]: *** lower bound 386
*** upper bound 451
 386 387 388 389 390 391 392 393 395 397 398 400 401 403 404 405 406 407 408 410 411 412 413 415 417 418 419 420 422 423 424 426 427 430 432 433 434 435 437 438 439 440 441 442 443 444 445 447 448 449
Print [key0:key1]: *** lower bound 135
*** upper bound 343
 135 136 137 138 139 140 141 142 143 144 145 146 148 149 150 151 153 154 155 157 159 160 163 165 166 167 170 171 172 173 176 179 180 181 182 183 184 187 188 190 192 193 194 195 197 198 199 200 201 203 204 205 207 208 209 211 212 214 215 216 217 218 220 221 222 224 226 227 229 230 231 232 233 235 236 237 239 241 242 244 245 246 249 250 251 252 253 255 257 259 260 261 262 263 264 266 267 268 270 272 274 275 278 279 280 281 283 284 285 286 287 288 291 293 294 295 296 297 298 299 301 303 304 305 306 307 308 309 312 313 316 319 320 321 322 323 325 327 328 329 330 331 332 333 334 336 337 338 339 340 341
Print [key0:key1]: Print [key0:key1]: *** lower bound 82
*** upper bound 307
 82 83 85 87 88 89 90 92 93 94 95 100 101 103 104 105 107 109 110 112 114 115 116 117 118 119 120 121 122 123 124 125 126 127 129 130 131 132 133 135 136 137 138 139 140 141 142 143 144 145 146 148 149 150 151 153 154 155 157 159 160 163 165 166 167 170 171 172 173 176 179 180 181 182 183 184 187 188 190 192 193 194 195 197 198 199 200 201 203 204 205 207 208 209 211 212 214 215 216 217 218 220 221 222 224 226 227 229 230 231 232 233 235 236 237 239 241 242 244 245 246 249 250 251 252 253 255 257 259 260 261 262 263 264 266 267 268 270 272 274 275 278 279 280 281 283 284 285 286 287 288 291 293 294 295 296 297 298 299 301 303 304 305 306
Print [key0:key1]: *** lower bound 154
*** upper bound 476
 154 155 157 159 160 163 165 166 167 170 171 172 173 176 179 180 181 182 183 184 187 188 190 192 193 194 195 197 198 199 200 201 203 204 205 207 208 209 211 212 214 215 216 217 218 220 221 222 224 226 227 229 230 231 232 233 235 236 237 239 241 242 244 245 246 249 250 251 252 253 255 257 259 260 261 262 263 264 266 267 268 270 272 274 275 278 279 280 281 283 284 285 286 287 288 291 293 294 295 296 297 298 299 301 303 304 305 306 307 308 309 312 313 316 319 320 321 322 323 325 327 328 329 330 331 332 333 334 336 337 338 339 340 341 343 344 346 348 349 351 352 353 354 355 356 357 358 360 361 362 363 364 365 367 368 370 371 372 373 375 376 377 378 381 383 384 385 386 387 388 389 390 391 392 393 395 397 398 400 401 403 404 405 406 407 408 410 411 412 413 415 417 418 419 420 422 423 424 426 427 430 432 433 434 435 437 438 439 440 441 442 443 444 445 447 448 449 451 452 453 457 458 459 460 462 463 465 466 467 468 469 470 471 472 473 475
Print [key0:key1]: Print [key0:key1]: Print [key0:key1]: *** lower bound 81
*** upper bound 338
 81 82 83 85 87 88 89 90 92 93 94 95 100 101 103 104 105 107 109 110 112 114 115 116 117 118 119 120 121 122 123 124 125 126 127 129 130 131 132 133 135 136 137 138 139 140 141 142 143 144 145 146 148 149 150 151 153 154 155 157 159 160 163 165 166 167 170 171 172 173 176 179 180 181 182 183 184 187 188 190 192 193 194 195 197 198 199 200 201 203 204 205 207 208 209 211 212 214 215 216 217 218 220 221 222 224 226 227 229 230 231 232 233 235 236 237 239 241 242 244 245 246 249 250 251 252 253 255 257 259 260 261 262 263 264 266 267 268 270 272 274 275 278 279 280 281 283 284 285 286 287 288 291 293 294 295 296 297 298 299 301 303 304 305 306 307 308 309 312 313 316 319 320 321 322 323 325 327 328 329 330 331 332 333 334 336 337
Print [key0:key1]: *** lower bound 192
*** upper bound 304
 192 193 194 195 197 198 199 200 201 203 204 205 207 208 209 211 212 214 215 216 217 218 220 221 222 224 226 227 229 230 231 232 233 235 236 237 239 241 242 244 245 246 249 250 251 252 253 255 257 259 260 261 262 263 264 266 267 268 270 272 274 275 278 279 280 281 283 284 285 286 287 288 291 293 294 295 296 297 298 299 301 303
Print [key0:key1]: *** lower bound 198
*** upper bound 287
 198 199 200 201 203 204 205 207 208 209 211 212 214 215 216 217 218 220 221 222 224 226 227 229 230 231 232 233 235 236 237 239 241 242 244 245 246 249 250 251 252 253 255 257 259 260 261 262 263 264 266 267 268 270 272 274 275 278 279 280 281 283 284 285 286
Print [key0:key1]: *** lower bound 100
*** upper bound 279
 100 101 103 104 105 107 109 110 112 114 115 116 117 118 119 120 121 122 123 124 125 126 127 129 130 131 132 133 135 136 137 138 139 140 141 142 143 144 145 146 148 149 150 151 153 154 155 157 159 160 163 165 166 167 170 171 172 173 176 179 180 181 182 183 184 187 188 190 192 193 194 195 197 198 199 200 201 203 204 205 207 208 209 211 212 214 215 216 217 218 220 221 222 224 226 227 229 230 231 232 233 235 236 237 239 241 242 244 245 246 249 250 251 252 253 255 257 259 260 261 262 263 264 266 267 268 270 272 274 275 278
Print [key0:key1]: Print [key0:key1]: Print [key0:key1]: *** lower bound 253
*** upper bound 281
 253 255 257 259 260 261 262 263 264 266 267 268 270 272 274 275 278 279 280
Print [key0:key1]: Print [key0:key1]: *** lower bound 68
*** upper bound 408
 68 69 70 71 72 75 76 78 79 80 81 82 83 85 87 88 89 90 92 93 94 95 100 101 103 104 105 107 109 110 112 114 115 116 117 118 119 120 121 122 123 124 125 126 127 129 130 131 132 133 135 136 137 138 139 140 141 142 143 144 145 146 148 149 150 151 153 154 155 157 159 160 163 165 166 167 170 171 172 173 176 179 180 181 182 183 184 187 188 190 192 193 194 195 197 198 199 200 201 203 204 205 207 208 209 211 212 214 215 216 217 218 220 221 222 224 226 227 229 230 231 232 233 235 236 237 239 241 242 244 245 246 249 250 251 252 253 255 257 259 260 261 262 263 264 266 267 268 270 272 274 275 278 279 280 281 283 284 285 286 287 288 291 293 294 295 296 297 298 299 301 303 304 305 306 307 308 309 312 313 316 319 320 321 322 323 325 327 328 329 330 331 332 333 334 336 337 338 339 340 341 343 344 346 348 349 351 352 353 354 355 356 357 358 360 361 362 363 364 365 367 368 370 371 372 373 375 376 377 378 381 383 384 385 386 387 388 389 390 391 392 393 395 397 398 400 401 403 404 405 406 407
Print [key0:key1]: Print [key0:key1]: Print [key0:key1]: *** lower bound 163
*** upper bound 358
 163 165 166 167 170 171 172 173 176 179 180 181 182 183 184 187 188 190 192 193 194 195 197 198 199 200 201 203 204 205 207 208 209 211 212 214 215 216 217 218 220 221 222 224 226 227 229 230 231 232 233 235 236 237 239 241 242 244 245 246 249 250 251 252 253 255 257 259 260 261 262 263 264 266 267 268 270 272 274 275 278 279 280 281 283 284 285 286 287 288 291 293 294 295 296 297 298 299 301 303 304 305 306 307 308 309 312 313 316 319 320 321 322 323 325 327 328 329 330 331 332 333 334 336 337 338 339 340 341 343 344 346 348 349 351 352 353 354 355 356 357
Print [key0:key1]: *** lower bound 78
*** upper bound 327
 78 79 80 81 82 83 85 87 88 89 90 92 93 94 95 100 101 103 104 105 107 109 110 112 114 115 116 117 118 119 120 121 122 123 124 125 126 127 129 130 131 132 133 135 136 137 138 139 140 141 142 143 144 145 146 148 149 150 151 153 154 155 157 159 160 163 165 166 167 170 171 172 173 176 179 180 181 182 183 184 187 188 190 192 193 194 195 197 198 199 200 201 203 204 205 207 208 209 211 212 214 215 216 217 218 220 221 222 224 226 227 229 230 231 232 233 235 236 237 239 241 242 244 245 246 249 250 251 252 253 255 257 259 260 261 262 263 264 266 267 268 270 272 274 275 278 279 280 281 283 284 285 286 287 288 291 293 294 295 296 297 298 299 301 303 304 305 306 307 308 309 312 313 316 319 320 321 322 323 325
Print [key0:key1]: *** lower bound 351
*** upper bound 462
 351 352 353 354 355 356 357 358 360 361 362 363 364 365 367 368 370 371 372 373 375 376 377 378 381 383 384 385 386 387 388 389 390 391 392 393 395 397 398 400 401 403 404 405 406 407 408 410 411 412 413 415 417 418 419 420 422 423 424 426 427 430 432 433 434 435 437 438 439 440 441 442 443 444 445 447 448 449 451 452 453 457 458 459 460
Print [key0:key1]: *** lower bound 319
*** upper bound 441
 319 320 321 322 323 325 327 328 329 330 331 332 333 334 336 337 338 339 340 341 343 344 346 348 349 351 352 353 354 355 356 357 358 360 361 362 363 364 365 367 368 370 371 372 373 375 376 377 378 381 383 384 385 386 387 388 389 390 391 392 393 395 397 398 400 401 403 404 405 406 407 408 410 411 412 413 415 417 418 419 420 422 423 424 426 427 430 432 433 434 435 437 438 439 440
Print [key0:key1]: *** lower bound 79
*** upper bound 471
 79 80 81 82 83 85 87 88 89 90 92 93 94 95 100 101 103 104 105 107 109 110 112 114 115 116 117 118 119 120 121 122 123 124 125 126 127 129 130 131 132 133 135 136 137 138 139 140 141 142 143 144 145 146 148 149 150 151 153 154 155 157 159 160 163 165 166 167 170 171 172 173 176 179 180 181 182 183 184 187 188 190 192 193 194 195 197 198 199 200 201 203 204 205 207 208 209 211 212 214 215 216 217 218 220 221 222 224 226 227 229 230 231 232 233 235 236 237 239 241 242 244 245 246 249 250 251 252 253 255 257 259 260 261 262 263 264 266 267 268 270 272 274 275 278 279 280 281 283 284 285 286 287 288 291 293 294 295 296 297 298 299 301 303 304 305 306 307 308 309 312 313 316 319 320 321 322 323 325 327 328 329 330 331 332 333 334 336 337 338 339 340 341 343 344 346 348 349 351 352 353 354 355 356 357 358 360 361 362 363 364 365 367 368 370 371 372 373 375 376 377 378 381 383 384 385 386 387 388 389 390 391 392 393 395 397 398 400 401 403 404 405 406 407 408 410 411 412 413 415 417 418 419 420 422 423 424 426 427 430 432 433 434 435 437 438 439 440 441 442 443 444 445 447 448 449 451 452 453 457 458 459 460 462 463 465 466 467 468 469 470
Print [key0:key1]: Print [key0:key1]: Print [key0:key1]: Print [key0:key1]: *** lower bound 200
*** upper bound 452
 200 201 203 204 205 207 208 209 211 212 214 215 216 217 218 220 221 222 224 226 227 229 230 231 232 233 235 236 237 239 241 242 244 245 246 249 250 251 252 253 255 257 259 260 261 262 263 264 266 267 268 270 272 274 275 278 279 280 281 283 284 285 286 287 288 291 293 294 295 296 297 298 299 301 303 304 305 306 307 308 309 312 313 316 319 320 321 322 323 325 327 328 329 330 331 332 333 334 336 337 338 339 340 341 343 344 346 348 349 351 352 353 354 355 356 357 358 360 361 362 363 364 365 367 368 370 371 372 373 375 376 377 378 381 383 384 385 386 387 388 389 390 391 392 393 395 397 398 400 401 403 404 405 406 407 408 410 411 412 413 415 417 418 419 420 422 423 424 426 427 430 432 433 434 435 437 438 439 440 441 442 443 444 445 447 448 449 451
Print [key0:key1]: *** lower bound 100
*** upper bound 307
 100 101 103 104 105 107 109 110 112 114 115 116 117 118 119 120 121 122 123 124 125 126 127 129 130 131 132 133 135 136 137 138 139 140 141 142 143 144 145 146 148 149 150 151 153 154 155 157 159 160 163 165 166 167 170 171 172 173 176 179 180 181 182 183 184 187 188 190 192 193 194 195 197 198 199 200 201 203 204 205 207 208 209 211 212 214 215 216 217 218 220 221 222 224 226 227 229 230 231 232 233 235 236 237 239 241 242 244 245 246 249 250 251 252 253 255 257 259 260 261 262 263 264 266 267 268 270 272 274 275 278 279 280 281 283 284 285 286 287 288 291 293 294 295 296 297 298 299 301 303 304 305 306
Print [key0:key1]: *** lower bound 24
*** upper bound 70
 24 26 27 28 29 30 31 32 33 34 35 36 37 38 39 40 41 42 43 45 46 47 48 49 50 51 52 54 56 57 59 60 61 62 64 65 66 67 68 69
Print [key0:key1]: Print [key0:key1]: Print [key0:key1]: Print [key0:key1]: *** lower bound 45
*** upper bound 360
 45 46 47 48 49 50 51 52 54 56 57 59 60 61 62 64 65 66 67 68 69 70 71 72 75 76 78 79 80 81 82 83 85 87 88 89 90 92 93 94 95 100 101 103 104 105 107 109 110 112 114 115 116 117 118 119 120 121 122 123 124 125 126 127 129 130 131 132 133 135 136 137 138 139 140 141 142 143 144 145 146 148 149 150 151 153 154 155 157 159 160 163 165 166 167 170 171 172 173 176 179 180 181 182 183 184 187 188 190 192 193 194 195 197 198 199 200 201 203 204 205 207 208 209 211 212 214 215 216 217 218 220 221 222 224 226 227 229 230 231 232 233 235 236 237 239 241 242 244 245 246 249 250 251 252 253 255 257 259 260 261 262 263 264 266 267 268 270 272 274 275 278 279 280 281 283 284 285 286 287 288 291 293 294 295 296 297 298 299 301 303 304 305 306 307 308 309 312 313 316 319 320 321 322 323 325 327 328 329 330 331 332 333 334 336 337 338 339 340 341 343 344 346 348 349 351 352 353 354 355 356 357 358
Print [key0:key1]: *** lower bound 245
*** upper bound 388
 245 246 249 250 251 252 253 255 257 259 260 261 262 263 264 266 267 268 270 272 274 275 278 279 280 281 283 284 285 286 287 288 291 293 294 295 296 297 298 299 301 303 304 305 306 307 308 309 312 313 316 319 320 321 322 323 325 327 328 329 330 331 332 333 334 336 337 338 339 340 341 343 344 346 348 349 351 352 353 354 355 356 357 358 360 361 362 363 364 365 367 368 370 371 372 373 375 376 377 378 381 383 384 385 386 387
Print [key0:key1]: Print [key0:key1]: *** lower bound 112
*** upper bound 323
 112 114 115 116 117 118 119 120 121 122 123 124 125 126 127 129 130 131 132 133 135 136 137 138 139 140 141 142 143 144 145 146 148 149 150 151 153 154 155 157 159 160 163 165 166 167 170 171 172 173 176 179 180 181 182 183 184 187 188 190 192 193 194 195 197 198 199 200 201 203 204 205 207 208 209 211 212 214 215 216 217 218 220 221 222 224 226 227 229 230 231 232 233 235 236 237 239 241 242 244 245 246 249 250 251 252 253 255 257 259 260 261 262 263 264 266 267 268 270 272 274 275 278 279 280 281 283 284 285 286 287 288 291 293 294 295 296 297 298 299 301 303 304 305 306 307 308 309 312 313 316 319 320 321 322
Print [key0:key1]: Print [key0:key1]: Print [key0:key1]: *** lower bound 116
*** upper bound 476
 116 117 118 119 120 121 122 123 124 125 126 127 129 130 131 132 133 135 136 137 138 139 140 141 142 143 144 145 146 148 149 150 151 153 154 155 157 159 160 163 165 166 167 170 171 172 173 176 179 180 181 182 183 184 187 188 190 192 193 194 195 197 198 199 200 201 203 204 205 207 208 209 211 212 214 215 216 217 218 220 221 222 224 226 227 229 230 231 232 233 235 236 237 239 241 242 244 245 246 249 250 251 252 253 255 257 259 260 261 262 263 264 266 267 268 270 272 274 275 278 279 280 281 283 284 285 286 287 288 291 293 294 295 296 297 298 299 301 303 304 305 306 307 308 309 312 313 316 319 320 321 322 323 325 327 328 329 330 331 332 333 334 336 337 338 339 340 341 343 344 346 348 349 351 352 353 354 355 356 357 358 360 361 362 363 364 365 367 368 370 371 372 373 375 376 377 378 381 383 384 385 386 387 388 389 390 391 392 393 395 397 398 400 401 403 404 405 406 407 408 410 411 412 413 415 417 418 419 420 422 423 424 426 427 430 432 433 434 435 437 438 439 440 441 442 443 444 445 447 448 449 451 452 453 457 458 459 460 462 463 465 466 467 468 469 470 471 472 473 475
Print [key0:key1]: *** lower bound 483
*** upper bound 514
 483 484 485 487 488 490 491 493 494 497 498 501 502 503 505 508 509 511 512 513
Print [key0:key1]: Print [key0:key1]: *** lower bound 0
*** upper bound 249
 0 2 3 4 6 7 8 9 11 12 13 14 17 18 19 20 21 22 23 24 26 27 28 29 30 31 32 33 34 35 36 37 38 39 40 41 42 43 45 46 47 48 49 50 51 52 54 56 57 59 60 61 62 64 65 66 67 68 69 70 71 72 75 76 78 79 80 81 82 83 85 87 88 89 90 92 93 94 95 100 101 103 104 105 107 109 110 112 114 115 116 117 118 119 120 121 122 123 124 125 126 127 129 130 131 132 133 135 136 137 138 139 140 141 142 143 144 145 146 148 149 150 151 153 154 155 157 159 160 163 165 166 167 170 171 172 173 176 179 180 181 182 183 184 187 188 190 192 193 194 195 197 198 199 200 201 203 204 205 207 208 209 211 212 214 215 216 217 218 220 221 222 224 226 227 229 230 231 232 233 235 236 237 239 241 242 244 245 246
Print [key0:key1]: Print [key0:key1]: *** lower bound 135
*** upper bound 447
 135 136 137 138 139 140 141 142 143 144 145 146 148 149 150 151 153 154 155 157 159 160 163 165 166 167 170 171 172 173 176 179 180 181 182 183 184 187 188 190 192 193 194 195 197 198 199 200 201 203 204 205 207 208 209 211 212 214 215 216 217 218 220 221 222 224 226 227 229 230 231 232 233 235 236 237 239 241 242 244 245 246 249 250 251 252 253 255 257 259 260 261 262 263 264 266 267 268 270 272 274 275 278 279 280 281 283 284 285 286 287 288 291 293 294 295 296 297 298 299 301 303 304 305 306 307 308 309 312 313 316 319 320 321 322 323 325 327 328 329 330 331 332 333 334 336 337 338 339 340 341 343 344 346 348 349 351 352 353 354 355 356 357 358 360 361 362 363 364 365 367 368 370 371 372 373 375 376 377 378 381 383 384 385 386 387 388 389 390 391 392 393 395 397 398 400 401 403 404 405 406 407 408 410 411 412 413 415 417 418 419 420 422 423 424 426 427 430 432 433 434 435 437 438 439 440 441 442 443 444 445
Print [key0:key1]: *** lower bound 109
*** upper bound 192
 109 110 112 114 115 116 117 118 119 120 121 122 123 124 125 126 127 129 130 131 132 133 135 136 137 138 139 140 141 142 143 144 145 146 148 149 150 151 153 154 155 157 159 160 163 165 166 167 170 171 172 173 176 179 180 181 182 183 184 187 188 190
Print [key0:key1]: Print [key0:key1]: *** lower bound 148
*** upper bound 403
 148 149 150 151 153 154 155 157 159 160 163 165 166 167 170 171 172 173 176 179 180 181 182 183 184 187 188 190 192 193 194 195 197 198 199 200 201 203 204 205 207 208 209 211 212 214 215 216 217 218 220 221 222 224 226 227 229 230 231 232 233 235 236 237 239 241 242 244 245 246 249 250 251 252 253 255 257 259 260 261 262 263 264 266 267 268 270 272 274 275 278 279 280 281 283 284 285 286 287 288 291 293 294 295 296 297 298 299 301 303 304 305 306 307 308 309 312 313 316 319 320 321 322 323 325 327 328 329 330 331 332 333 334 336 337 338 339 340 341 343 344 346 348 349 351 352 353 354 355 356 357 358 360 361 362 363 364 365 367 368 370 371 372 373 375 376 377 378 381 383 384 385 386 387 388 389 390 391 392 393 395 397 398 400 401
Print [key0:key1]: *** lower bound 220
*** upper bound 304
 220 221 222 224 226 227 229 230 231 232 233 235 236 237 239 241 242 244 245 246 249 250 251 252 253 255 257 259 260 261 262 263 264 266 267 268 270 272 274 275 278 279 280 281 283 284 285 286 287 288 291 293 294 295 296 297 298 299 301 303
Print [key0:key1]: *** lower bound 0
*** upper bound 75
 0 2 3 4 6 7 8 9 11 12 13 14 17 18 19 20 21 22 23 24 26 27 28 29 30 31 32 33 34 35 36 37 38 39 40 41 42 43 45 46 47 48 49 50 51 52 54 56 57 59 60 61 62 64 65 66 67 68 69 70 71 72
Print [key0:key1]: Print [key0:key1]: Print [key0:key1]: *** lower bound 364
*** upper bound 511
 364 365 367 368 370 371 372 373 375 376 377 378 381 383 384 385 386 387 388 389 390 391 392 393 395 397 398 400 401 403 404 405 406 407 408 410 411 412 413 415 417 418 419 420 422 423 424 426 427 430 432 433 434 435 437 438 439 440 441 442 443 444 445 447 448 449 451 452 453 457 458 459 460 462 463 465 466 467 468 469 470 471 472 473 475 476 479 480 481 483 484 485 487 488 490 491 493 494 497 498 501 502 503 505 508 509
Print [key0:key1]: Print [key0:key1]: Print [key0:key1]: *** lower bound 197
*** upper bound 215
 197 198 199 200 201 203 204 205 207 208 209 211 212 214
Print [key0:key1]: Print [key0:key1]: Print [key0:key1]: *** lower bound 214
*** upper bound 383
 214 215 216 217 218 220 221 222 224 226 227 229 230 231 232 233 235 236 237 239 241 242 244 245 246 249 250 251 252 253 255 257 259 260 261 262 263 264 266 267 268 270 272 274 275 278 279 280 281 283 284 285 286 287 288 291 293 294 295 296 297 298 299 301 303 304 305 306 307 308 309 312 313 316 319 320 321 322 323 325 327 328 329 330 331 332 333 334 336 337 338 339 340 341 343 344 346 348 349 351 352 353 354 355 356 357 358 360 361 362 363 364 365 367 368 370 371 372 373 375 376 377 378 381
Print [key0:key1]: Print [key0:key1]: Print [key0:key1]: Print [key0:key1]: Print [key0:key1]: *** lower bound 150
*** upper bound 235
 150 151 153 154 155 157 159 160 163 165 166 167 170 171 172 173 176 179 180 181 182 183 184 187 188 190 192 193 194 195 197 198 199 200 201 203 204 205 207 208 209 211 212 214 215 216 217 218 220 221 222 224 226 227 229 230 231 232 233
Print [key0:key1]: Print [key0:key1]: Print [key0:key1]: Print [key0:key1]: Print [key0:key1]: Print [key0:key1]: Print [key0:key1]: Print [key0:key1]: Print [key0:key1]: *** lower bound 21
*** upper bound 101
 21 22 23 24 26 27 28 29 30 31 32 33 34 35 36 37 38 39 40 41 42 43 45 46 47 48 49 50 51 52 54 56 57 59 60 61 62 64 65 66 67 68 69 70 71 72 75 76 78 79 80 81 82 83 85 87 88 89 90 92 93 94 95 100
Print [key0:key1]: *** lower bound 17
*** upper bound 160
 17 18 19 20 21 22 23 24 26 27 28 29 30 31 32 33 34 35 36 37 38 39 40 41 42 43 45 46 47 48 49 50 51 52 54 56 57 59 60 61 62 64 65 66 67 68 69 70 71 72 75 76 78 79 80 81 82 83 85 87 88 89 90 92 93 94 95 100 101 103 104 105 107 109 110 112 114 115 116 117 118 119 120 121 122 123 124 125 126 127 129 130 131 132 133 135 136 137 138 139 140 141 142 143 144 145 146 148 149 150 151 153 154 155 157 159
Print [key0:key1]: *** lower bound 204
*** upper bound 312
 204 205 207 208 209 211 212 214 215 216 217 218 220 221 222 224 226 227 229 230 231 232 233 235 236 237 239 241 242 244 245 246 249 250 251 252 253 255 257 259 260 261 262 263 264 266 267 268 270 272 274 275 278 279 280 281 283 284 285 286 287 288 291 293 294 295 296 297 298 299 301 303 304 305 306 307 308 309
Print [key0:key1]: Print [key0:key1]: Print [key0:key1]: Print [key0:key1]: *** lower bound 127
*** upper bound 184
 127 129 130 131 132 133 135 136 137 138 139 140 141 142 143 144 145 146 148 149 150 151 153 154 155 157 159 160 163 165 166 167 170 171 172 173 176 179 180 181 182 183
Print [key0:key1]: *** lower bound 54
*** upper bound 462
 54 56 57 59 60 61 62 64 65 66 67 68 69 70 71 72 75 76 78 79 80 81 82 83 85 87 88 89 90 92 93 94 95 100 101 103 104 105 107 109 110 112 114 115 116 117 118 119 120 121 122 123 124 125 126 127 129 130 131 132 133 135 136 137 138 139 140 141 142 143 144 145 146 148 149 150 151 153 154 155 157 159 160 163 165 166 167 170 171 172 173 176 179 180 181 182 183 184 187 188 190 192 193 194 195 197 198 199 200 201 203 204 205 207 208 209 211 212 214 215 216 217 218 220 221 222 224 226 227 229 230 231 232 233 235 236 237 239 241 242 244 245 246 249 250 251 252 253 255 257 259 260 261 262 263 264 266 267 268 270 272 274 275 278 279 280 281 283 284 285 286 287 288 291 293 294 295 296 297 298 299 301 303 304 305 306 307 308 309 312 313 316 319 320 321 322 323 325 327 328 329 330 331 332 333 334 336 337 338 339 340 341 343 344 346 348 349 351 352 353 354 355 356 357 358 360 361 362 363 364 365 367 368 370 371 372 373 375 376 377 378 381 383 384 385 386 387 388 389 390 391 392 393 395 397 398 400 401 403 404 405 406 407 408 410 411 412 413 415 417 418 419 420 422 423 424 426 427 430 432 433 434 435 437 438 439 440 441 442 443 444 445 447 448 449 451 452 453 457 458 459 460
Print [key0:key1]: Print [key0:key1]: *** lower bound 226
*** upper bound 392
 226 227 229 230 231 232 233 235 236 237 239 241 242 244 245 246 249 250 251 252 253 255 257 259 260 261 262 263 264 266 267 268 270 272 274 275 278 279 280 281 283 284 285 286 287 288 291 293 294 295 296 297 298 299 301 303 304 305 306 307 308 309 312 313 316 319 320 321 322 323 325 327 328 329 330 331 332 333 334 336 337 338 339 340 341 343 344 346 348 349 351 352 353 354 355 356 357 358 360 361 362 363 364 365 367 368 370 371 372 373 375 376 377 378 381 383 384 385 386 387 388 389 390 391
Print [key0:key1]: *** lower bound 220
*** upper bound 344
 220 221 222 224 226 227 229 230 231 232 233 235 236 237 239 241 242 244 245 246 249 250 251 252 253 255 257 259 260 261 262 263 264 266 267 268 270 272 274 275 278 279 280 281 283 284 285 286 287 288 291 293 294 295 296 297 298 299 301 303 304 305 306 307 308 309 312 313 316 319 320 321 322 323 325 327 328 329 330 331 332 333 334 336 337 338 339 340 341 343
Print [key0:key1]: *** lower bound 165
*** upper bound 373
 165 166 167 170 171 172 173 176 179 180 181 182 183 184 187 188 190 192 193 194 195 197 198 199 200 201 203 204 205 207 208 209 211 212 214 215 216 217 218 220 221 222 224 226 227 229 230 231 232 233 235 236 237 239 241 242 244 245 246 249 250 251 252 253 255 257 259 260 261 262 263 264 266 267 268 270 272 274 275 278 279 280 281 283 284 285 286 287 288 291 293 294 295 296 297 298 299 301 303 304 305 306 307 308 309 312 313 316 319 320 321 322 323 325 327 328 329 330 331 332 333 334 336 337 338 339 340 341 343 344 346 348 349 351 352 353 354 355 356 357 358 360 361 362 363 364 365 367 368 370 371 372
Print [key0:key1]: *** lower bound 64
*** upper bound 224
 64 65 66 67 68 69 70 71 72 75 76 78 79 80 81 82 83 85 87 88 89 90 92 93 94 95 100 101 103 104 105 107 109 110 112 114 115 116 117 118 119 120 121 122 123 124 125 126 127 129 130 131 132 133 135 136 137 138 139 140 141 142 143 144 145 146 148 149 150 151 153 154 155 157 159 160 163 165 166 167 170 171 172 173 176 179 180 181 182 183 184 187 188 190 192 193 194 195 197 198 199 200 201 203 204 205 207 208 209 211 212 214 215 216 217 218 220 221 222
Print [key0:key1]: Print [key0:key1]: *** lower bound 493
*** upper bound 514
 493 494 497 498 501 502 503 505 508 509 511 512 513
Print [key0:key1]: Print [key0:key1]: *** lower bound 151
*** upper bound 252
 151 153 154 155 157 159 160 163 165 166 167 170 171 172 173 176 179 180 181 182 183 184 187 188 190 192 193 194 195 197 198 199 200 201 203 204 205 207 208 209 211 212 214 215 216 217 218 220 221 222 224 226 227 229 230 231 232 233 235 236 237 239 241 242 244 245 246 249 250 251
Print [key0:key1]: *** lower bound 422
*** upper bound 468
 422 423 424 426 427 430 432 433 434 435 437 438 439 440 441 442 443 444 445 447 448 449 451 452 453 457 458 459 460 462 463 465 466 467
Print [key0:key1]: *** lower bound 173
*** upper bound 226
 173 176 179 180 181 182 183 184 187 188 190 192 193 194 195 197 198 199 200 201 203 204 205 207 208 209 211 212 214 215 216 217 218 220 221 222 224
Print [key0:key1]: *** lower bound 89
*** upper bound 93
 89 90 92
Print [key0:key1]: *** lower bound 0
*** upper bound 444
 0 2 3 4 6 7 8 9 11 12 13 14 17 18 19 20 21 22 23 24 26 27 28 29 30 31 32 33 34 35 36 37 38 39 40 41 42 43 45 46 47 48 49 50 51 52 54 56 57 59 60 61 62 64 65 66 67 68 69 70 71 72 75 76 78 79 80 81 82 83 85 87 88 89 90 92 93 94 95 100 101 103 104 105 107 109 110 112 114 115 116 117 118 119 120 121 122 123 124 125 126 127 129 130 131 132 133 135 136 137 138 139 140 141 142 143 144 145 146 148 149 150 151 153 154 155 157 159 160 163 165 166 167 170 171 172 173 176 179 180 181 182 183 184 187 188 190 192 193 194 195 197 198 199 200 201 203 204 205 207 208 209 211 212 214 215 216 217 218 220 221 222 224 226 227 229 230 231 232 233 235 236 237 239 241 242 244 245 246 249 250 251 252 253 255 257 259 260 261 262 263 264 266 267 268 270 272 274 275 278 279 280 281 283 284 285 286 287 288 291 293 294 295 296 297 298 299 301 303 304 305 306 307 308 309 312 313 316 319 320 321 322 323 325 327 328 329 330 331 332 333 334 336 337 338 339 340 341 343 344 346 348 349 351 352 353 354 355 356 357 358 360 361 362 363 364 365 367 368 370 371 372 373 375 376 377 378 381 383 384 385 386 387 388 389 390 391 392 393 395 397 398 400 401 403 404 405 406 407 408 410 411 412 413 415 417 418 419 420 422 423 424 426 427 430 432 433 434 435 437 438 439 440 441 442 443
Print [key0:key1]: *** lower bound 337
*** upper bound 494
 337 338 339 340 341 343 344 346 348 349 351 352 353 354 355 356 357 358 360 361 362 363 364 365 367 368 370 371 372 373 375 376 377 378 381 383 384 385 386 387 388 389 390 391 392 393 395 397 398 400 401 403 404 405 406 407 408 410 411 412 413 415 417 418 419 420 422 423 424 426 427 430 432 433 434 435 437 438 439 440 441 442 443 444 445 447 448 449 451 452 453 457 458 459 460 462 463 465 466 467 468 469 470 471 472 473 475 476 479 480 481 483 484 485 487 488 490 491 493
Print [key0:key1]: *** lower bound 125
*** upper bound 131
 125 126 127 129 130
Print [key0:key1]: Print [key0:key1]: *** lower bound 432
*** upper bound 437
 432 433 434 435
Print [key0:key1]: Print [key0:key1]: *** lower bound 481
*** upper bound 498
 481 483 484 485 487 488 490 491 493 494 497
Print [key0:key1]: Print [key0:key1]: Print [key0:key1]: *** lower bound 278
*** upper bound 378
 278 279 280 281 283 284 285 286 287 288 291 293 294 295 296 297 298 299 301 303 304 305 306 307 308 309 312 313 316 319 320 321 322 323 325 327 328 329 330 331 332 333 334 336 337 338 339 340 341 343 344 346 348 349 351 352 353 354 355 356 357 358 360 361 362 363 364 365 367 368 370 371 372 373 375 376 377
Print [key0:key1]: *** lower bound 280
*** upper bound 330
 280 281 283 284 285 286 287 288 291 293 294 295 296 297 298 299 301 303 304 305 306 307 308 309 312 313 316 319 320 321 322 323 325 327 328 329
Print [key0:key1]: *** lower bound 360
*** upper bound 485
 360 361 362 363 364 365 367 368 370 371 372 373 375 376 377 378 381 383 384 385 386 387 388 389 390 391 392 393 395 397 398 400 401 403 404 405 406 407 408 410 411 412 413 415 417 418 419 420 422 423 424 426 427 430 432 433 434 435 437 438 439 440 441 442 443 444 445 447 448 449 451 452 453 457 458 459 460 462 463 465 466 467 468 469 470 471 472 473 475 476 479 480 481 483 484
Print [key0:key1]: *** lower bound 78
*** upper bound 360
 78 79 80 81 82 83 85 87 88 89 90 92 93 94 95 100 101 103 104 105 107 109 110 112 114 115 116 117 118 119 120 121 122 123 124 125 126 127 129 130 131 132 133 135 136 137 138 139 140 141 142 143 144 145 146 148 149 150 151 153 154 155 157 159 160 163 165 166 167 170 171 172 173 176 179 180 181 182 183 184 187 188 190 192 193 194 195 197 198 199 200 201 203 204 205 207 208 209 211 212 214 215 216 217 218 220 221 222 224 226 227 229 230 231 232 233 235 236 237 239 241 242 244 245 246 249 250 251 252 253 255 257 259 260 261 262 263 264 266 267 268 270 272 274 275 278 279 280 281 283 284 285 286 287 288 291 293 294 295 296 297 298 299 301 303 304 305 306 307 308 309 312 313 316 319 320 321 322 323 325 327 328 329 330 331 332 333 334 336 337 338 339 340 341 343 344 346 348 349 351 352 353 354 355 356 357 358
Print [key0:key1]: *** lower bound 61
*** upper bound 435
 61 62 64 65 66 67 68 69 70 71 72 75 76 78 79 80 81 82 83 85 87 88 89 90 92 93 94 95 100 101 103 104 105 107 109 110 112 114 115 116 117 118 119 120 121 122 123 124 125 126 127 129 130 131 132 133 135 136 137 138 139 140 141 142 143 144 145 146 148 149 150 151 153 154 155 157 159 160 163 165 166 167 170 171 172 173 176 179 180 181 182 183 184 187 188 190 192 193 194 195 197 198 199 200 201 203 204 205 207 208 209 211 212 214 215 216 217 218 220 221 222 224 226 227 229 230 231 232 233 235 236 237 239 241 242 244 245 246 249 250 251 252 253 255 257 259 260 261 262 263 264 266 267 268 270 272 274 275 278 279 280 281 283 284 285 286 287 288 291 293 294 295 296 297 298 299 301 303 304 305 306 307 308 309 312 313 316 319 320 321 322 323 325 327 328 329 330 331 332 333 334 336 337 338 339 340 341 343 344 346 348 349 351 352 353 354 355 356 357 358 360 361 362 363 364 365 367 368 370 371 372 373 375 376 377 378 381 383 384 385 386 387 388 389 390 391 392 393 395 397 398 400 401 403 404 405 406 407 408 410 411 412 413 415 417 418 419 420 422 423 424 426 427 430 432 433 434
Print [key0:key1]: *** lower bound 0
*** upper bound 39
 0 2 3 4 6 7 8 9 11 12 13 14 17 18 19 20 21 22 23 24 26 27 28 29 30 31 32 33 34 35 36 37 38
Print [key0:key1]: Print [key0:key1]: *** lower bound 119
*** upper bound 216
 119 120 121 122 123 124 125 126 127 129 130 131 132 133 135 136 137 138 139 140 141 142 143 144 145 146 148 149 150 151 153 154 155 157 159 160 163 165 166 167 170 171 172 173 176 179 180 181 182 183 184 187 188 190 192 193 194 195 197 198 199 200 201 203 204 205 207 208 209 211 212 214 215
Print [key0:key1]: *** lower bound 244
*** upper bound 392
 244 245 246 249 250 251 252 253 255 257 259 260 261 262 263 264 266 267 268 270 272 274 275 278 279 280 281 283 284 285 286 287 288 291 293 294 295 296 297 298 299 301 303 304 305 306 307 308 309 312 313 316 319 320 321 322 323 325 327 328 329 330 331 332 333 334 336 337 338 339 340 341 343 344 346 348 349 351 352 353 354 355 356 357 358 360 361 362 363 364 365 367 368 370 371 372 373 375 376 377 378 381 383 384 385 386 387 388 389 390 391
Print [key0:key1]: Print [key0:key1]: *** lower bound 400
*** upper bound 513
 400 401 403 404 405 406 407 408 410 411 412 413 415 417 418 419 420 422 423 424 426 427 430 432 433 434 435 437 438 439 440 441 442 443 444 445 447 448 449 451 452 453 457 458 459 460 462 463 465 466 467 468 469 470 471 472 473 475 476 479 480 481 483 484 485 487 488 490 491 493 494 497 498 501 502 503 505 508 509 511 512
Print [key0:key1]: *** lower bound 28
*** upper bound 78
 28 29 30 31 32 33 34 35 36 37 38 39 40 41 42 43 45 46 47 48 49 50 51 52 54 56 57 59 60 61 62 64 65 66 67 68 69 70 71 72 75 76
Print [key0:key1]: *** lower bound 207
*** upper bound 233
 207 208 209 211 212 214 215 216 217 218 220 221 222 224 226 227 229 230 231 232
Print [key0:key1]: *** lower bound 278
*** upper bound 437
 278 279 280 281 283 284 285 286 287 288 291 293 294 295 296 297 298 299 301 303 304 305 306 307 308 309 312 313 316 319 320 321 322 323 325 327 328 329 330 331 332 333 334 336 337 338 339 340 341 343 344 346 348 349 351 352 353 354 355 356 357 358 360 361 362 363 364 365 367 368 370 371 372 373 375 376 377 378 381 383 384 385 386 387 388 389 390 391 392 393 395 397 398 400 401 403 404 405 406 407 408 410 411 412 413 415 417 418 419 420 422 423 424 426 427 430 432 433 434 435
Print [key0:key1]: *** lower bound 119
*** upper bound 148
 119 120 121 122 123 124 125 126 127 129 130 131 132 133 135 136 137 138 139 140 141 142 143 144 145 146
Print [key0:key1]: *** lower bound 137
*** upper bound 297
 137 138 139 140 141 142 143 144 145 146 148 149 150 151 153 154 155 157 159 160 163 165 166 167 170 171 172 173 176 179 180 181 182 183 184 187 188 190 192 193 194 195 197 198 199 200 201 203 204 205 207 208 209 211 212 214 215 216 217 218 220 221 222 224 226 227 229 230 231 232 233 235 236 237 239 241 242 244 245 246 249 250 251 252 253 255 257 259 260 261 262 263 264 266 267 268 270 272 274 275 278 279 280 281 283 284 285 286 287 288 291 293 294 295 296
Print [key0:key1]: *** lower bound 100
*** upper bound 266
 100 101 103 104 105 107 109 110 112 114 115 116 117 118 119 120 121 122 123 124 125 126 127 129 130 131 132 133 135 136 137 138 139 140 141 142 143 144 145 146 148 149 150 151 153 154 155 157 159 160 163 165 166 167 170 171 172 173 176 179 180 181 182 183 184 187 188 190 192 193 194 195 197 198 199 200 201 203 204 205 207 208 209 211 212 214 215 216 217 218 220 221 222 224 226 227 229 230 231 232 233 235 236 237 239 241 242 244 245 246 249 250 251 252 253 255 257 259 260 261 262 263 264
Print [key0:key1]: *** lower bound 218
*** upper bound 261
 218 220 221 222 224 226 227 229 230 231 232 233 235 236 237 239 241 242 244 245 246 249 250 251 252 253 255 257 259 260
Print [key0:key1]: *** lower bound 18
*** upper bound 145
 18 19 20 21 22 23 24 26 27 28 29 30 31 32 33 34 35 36 37 38 39 40 41 42 43 45 46 47 48 49 50 51 52 54 56 57 59 60 61 62 64 65 66 67 68 69 70 71 72 75 76 78 79 80 81 82 83 85 87 88 89 90 92 93 94 95 100 101 103 104 105 107 109 110 112 114 115 116 117 118 119 120 121 122 123 124 125 126 127 129 130 131 132 133 135 136 137 138 139 140 141 142 143 144
Print [key0:key1]: *** lower bound 214
*** upper bound 283
 214 215 216 217 218 220 221 222 224 226 227 229 230 231 232 233 235 236 237 239 241 242 244 245 246 249 250 251 252 253 255 257 259 260 261 262 263 264 266 267 268 270 272 274 275 278 279 280 281
Print [key0:key1]: Print [key0:key1]: Print [key0:key1]: Print [key0:key1]: *** lower bound 100
*** upper bound 250
 100 101 103 104 105 107 109 110 112 114 115 116 117 118 119 120 121 122 123 124 125 126 127 129 130 131 132 133 135 136 137 138 139 140 141 142 143 144 145 146 148 149 150 151 153 154 155 157 159 160 163 165 166 167 170 171 172 173 176 179 180 181 182 183 184 187 188 190 192 193 194 195 197 198 199 200 201 203 204 205 207 208 209 211 212 214 215 216 217 218 220 221 222 224 226 227 229 230 231 232 233 235 236 237 239 241 242 244 245 246 249
Print [key0:key1]: *** lower bound 56
*** upper bound 83
 56 57 59 60 61 62 64 65 66 67 68 69 70 71 72 75 76 78 79 80 81 82
Print [key0:key1]: Print [key0:key1]: *** lower bound 100
*** upper bound 103
 100 101
Print [key0:key1]: Print [key0:key1]: Print [key0:key1]: *** lower bound 179
*** upper bound 370
 179 180 181 182 183 184 187 188 190 192 193 194 195 197 198 199 200 201 203 204 205 207 208 209 211 212 214 215 216 217 218 220 221 222 224 226 227 229 230 231 232 233 235 236 237 239 241 242 244 245 246 249 250 251 252 253 255 257 259 260 261 262 263 264 266 267 268 270 272 274 275 278 279 280 281 283 284 285 286 287 288 291 293 294 295 296 297 298 299 301 303 304 305 306 307 308 309 312 313 316 319 320 321 322 323 325 327 328 329 330 331 332 333 334 336 337 338 339 340 341 343 344 346 348 349 351 352 353 354 355 356 357 358 360 361 362 363 364 365 367 368
Print [key0:key1]: *** lower bound 12
*** upper bound 80
 12 13 14 17 18 19 20 21 22 23 24 26 27 28 29 30 31 32 33 34 35 36 37 38 39 40 41 42 43 45 46 47 48 49 50 51 52 54 56 57 59 60 61 62 64 65 66 67 68 69 70 71 72 75 76 78 79
Print [key0:key1]: *** lower bound 42
*** upper bound 100
 42 43 45 46 47 48 49 50 51 52 54 56 57 59 60 61 62 64 65 66 67 68 69 70 71 72 75 76 78 79 80 81 82 83 85 87 88 89 90 92 93 94 95
Print [key0:key1]: *** lower bound 6
*** upper bound 38
 6 7 8 9 11 12 13 14 17 18 19 20 21 22 23 24 26 27 28 29 30 31 32 33 34 35 36 37
Print [key0:key1]: *** lower bound 75
*** upper bound 274
 75 76 78 79 80 81 82 83 85 87 88 89 90 92 93 94 95 100 101 103 104 105 107 109 110 112 114 115 116 117 118 119 120 121 122 123 124 125 126 127 129 130 131 132 133 135 136 137 138 139 140 141 142 143 144 145 146 148 149 150 151 153 154 155 157 159 160 163 165 166 167 170 171 172 173 176 179 180 181 182 183 184 187 188 190 192 193 194 195 197 198 199 200 201 203 204 205 207 208 209 211 212 214 215 216 217 218 220 221 222 224 226 227 229 230 231 232 233 235 236 237 239 241 242 244 245 246 249 250 251 252 253 255 257 259 260 261 262 263 264 266 267 268 270 272
Print [key0:key1]: Print [key0:key1]: Print [key0:key1]: Print [key0:key1]: *** lower bound 64
*** upper bound 262
 64 65 66 67 68 69 70 71 72 75 76 78 79 80 81 82 83 85 87 88 89 90 92 93 94 95 100 101 103 104 105 107 109 110 112 114 115 116 117 118 119 120 121 122 123 124 125 126 127 129 130 131 132 133 135 136 137 138 139 140 141 142 143 144 145 146 148 149 150 151 153 154 155 157 159 160 163 165 166 167 170 171 172 173 176 179 180 181 182 183 184 187 188 190 192 193 194 195 197 198 199 200 201 203 204 205 207 208 209 211 212 214 215 216 217 218 220 221 222 224 226 227 229 230 231 232 233 235 236 237 239 241 242 244 245 246 249 250 251 252 253 255 257 259 260 261
Print [key0:key1]: *** lower bound 75
*** upper bound 140
 75 76 78 79 80 81 82 83 85 87 88 89 90 92 93 94 95 100 101 103 104 105 107 109 110 112 114 115 116 117 118 119 120 121 122 123 124 125 126 127 129 130 131 132 133 135 136 137 138 139
Print [key0:key1]: *** lower bound 33
*** upper bound 266
 33 34 35 36 37 38 39 40 41 42 43 45 46 47 48 49 50 51 52 54 56 57 59 60 61 62 64 65 66 67 68 69 70 71 72 75 76 78 79 80 81 82 83 85 87 88 89 90 92 93 94 95 100 101 103 104 105 107 109 110 112 114 115 116 117 118 119 120 121 122 123 124 125 126 127 129 130 131 132 133 135 136 137 138 139 140 141 142 143 144 145 146 148 149 150 151 153 154 155 157 159 160 163 165 166 167 170 171 172 173 176 179 180 181 182 183 184 187 188 190 192 193 194 195 197 198 199 200 201 203 204 205 207 208 209 211 212 214 215 216 217 218 220 221 222 224 226 227 229 230 231 232 233 235 236 237 239 241 242 244 245 246 249 250 251 252 253 255 257 259 260 261 262 263 264
Print [key0:key1]: *** lower bound 103
*** upper bound 391
 103 104 105 107 109 110 112 114 115 116 117 118 119 120 121 122 123 124 125 126 127 129 130 131 132 133 135 136 137 138 139 140 141 142 143 144 145 146 148 149 150 151 153 154 155 157 159 160 163 165 166 167 170 171 172 173 176 179 180 181 182 183 184 187 188 190 192 193 194 195 197 198 199 200 201 203 204 205 207 208 209 211 212 214 215 216 217 218 220 221 222 224 226 227 229 230 231 232 233 235 236 237 239 241 242 244 245 246 249 250 251 252 253 255 257 259 260 261 262 263 264 266 267 268 270 272 274 275 278 279 280 281 283 284 285 286 287 288 291 293 294 295 296 297 298 299 301 303 304 305 306 307 308 309 312 313 316 319 320 321 322 323 325 327 328 329 330 331 332 333 334 336 337 338 339 340 341 343 344 346 348 349 351 352 353 354 355 356 357 358 360 361 362 363 364 365 367 368 370 371 372 373 375 376 377 378 381 383 384 385 386 387 388 389 390
Print [key0:key1]: *** lower bound 21
*** upper bound 330
 21 22 23 24 26 27 28 29 30 31 32 33 34 35 36 37 38 39 40 41 42 43 45 46 47 48 49 50 51 52 54 56 57 59 60 61 62 64 65 66 67 68 69 70 71 72 75 76 78 79 80 81 82 83 85 87 88 89 90 92 93 94 95 100 101 103 104 105 107 109 110 112 114 115 116 117 118 119 120 121 122 123 124 125 126 127 129 130 131 132 133 135 136 137 138 139 140 141 142 143 144 145 146 148 149 150 151 153 154 155 157 159 160 163 165 166 167 170 171 172 173 176 179 180 181 182 183 184 187 188 190 192 193 194 195 197 198 199 200 201 203 204 205 207 208 209 211 212 214 215 216 217 218 220 221 222 224 226 227 229 230 231 232 233 235 236 237 239 241 242 244 245 246 249 250 251 252 253 255 257 259 260 261 262 263 264 266 267 268 270 272 274 275 278 279 280 281 283 284 285 286 287 288 291 293 294 295 296 297 298 299 301 303 304 305 306 307 308 309 312 313 316 319 320 321 322 323 325 327 328 329
Print [key0:key1]: *** lower bound 150
*** upper bound 253
 150 151 153 154 155 157 159 160 163 165 166 167 170 171 172 173 176 179 180 181 182 183 184 187 188 190 192 193 194 195 197 198 199 200 201 203 204 205 207 208 209 211 212 214 215 216 217 218 220 221 222 224 226 227 229 230 231 232 233 235 236 237 239 241 242 244 245 246 249 250 251 252
Print [key0:key1]: *** lower bound 68
*** upper bound 142
 68 69 70 71 72 75 76 78 79 80 81 82 83 85 87 88 89 90 92 93 94 95 100 101 103 104 105 107 109 110 112 114 115 116 117 118 119 120 121 122 123 124 125 126 127 129 130 131 132 133 135 136 137 138 139 140 141
Print [key0:key1]: *** lower bound 442
*** upper bound 458
 442 443 444 445 447 448 449 451 452 453 457
Print [key0:key1]: Print [key0:key1]: Print [key0:key1]: *** lower bound 244
*** upper bound 448
 244 245 246 249 250 251 252 253 255 257 259 260 261 262 263 264 266 267 268 270 272 274 275 278 279 280 281 283 284 285 286 287 288 291 293 294 295 296 297 298 299 301 303 304 305 306 307 308 309 312 313 316 319 320 321 322 323 325 327 328 329 330 331 332 333 334 336 337 338 339 340 341 343 344 346 348 349 351 352 353 354 355 356 357 358 360 361 362 363 364 365 367 368 370 371 372 373 375 376 377 378 381 383 384 385 386 387 388 389 390 391 392 393 395 397 398 400 401 403 404 405 406 407 408 410 411 412 413 415 417 418 419 420 422 423 424 426 427 430 432 433 434 435 437 438 439 440 441 442 443 444 445 447
Print [key0:key1]: Print [key0:key1]: *** lower bound 391
*** upper bound 475
 391 392 393 395 397 398 400 401 403 404 405 406 407 408 410 411 412 413 415 417 418 419 420 422 423 424 426 427 430 432 433 434 435 437 438 439 440 441 442 443 444 445 447 448 449 451 452 453 457 458 459 460 462 463 465 466 467 468 469 470 471 472 473
Print [key0:key1]: Print [key0:key1]: Print [key0:key1]: *** lower bound 8
*** upper bound 337
 8 9 11 12 13 14 17 18 19 20 21 22 23 24 26 27 28 29 30 31 32 33 34 35 36 37 38 39 40 41 42 43 45 46 47 48 49 50 51 52 54 56 57 59 60 61 62 64 65 66 67 68 69 70 71 72 75 76 78 79 80 81 82 83 85 87 88 89 90 92 93 94 95 100 101 103 104 105 107 109 110 112 114 115 116 117 118 119 120 121 122 123 124 125 126 127 129 130 131 132 133 135 136 137 138 139 140 141 142 143 144 145 146 148 149 150 151 153 154 155 157 159 160 163 165 166 167 170 171 172 173 176 179 180 181 182 183 184 187 188 190 192 193 194 195 197 198 199 200 201 203 204 205 207 208 209 211 212 214 215 216 217 218 220 221 222 224 226 227 229 230 231 232 233 235 236 237 239 241 242 244 245 246 249 250 251 252 253 255 257 259 260 261 262 263 264 266 267 268 270 272 274 275 278 279 280 281 283 284 285 286 287 288 291 293 294 295 296 297 298 299 301 303 304 305 306 307 308 309 312 313 316 319 320 321 322 323 325 327 328 329 330 331 332 333 334 336
Print [key0:key1]: Print [key0:key1]: Print [key0:key1]: *** lower bound 12
*** upper bound 176
 12 13 14 17 18 19 20 21 22 23 24 26 27 28 29 30 31 32 33 34 35 36 37 38 39 40 41 42 43 45 46 47 48 49 50 51 52 54 56 57 59 60 61 62 64 65 66 67 68 69 70 71 72 75 76 78 79 80 81 82 83 85 87 88 89 90 92 93 94 95 100 101 103 104 105 107 109 110 112 114 115 116 117 118 119 120 121 122 123 124 125 126 127 129 130 131 132 133 135 136 137 138 139 140 141 142 143 144 145 146 148 149 150 151 153 154 155 157 159 160 163 165 166 167 170 171 172 173
Print [key0:key1]: Print [key0:key1]: *** lower bound 135
*** upper bound 301
 135 136 137 138 139 140 141 142 143 144 145 146 148 149 150 151 153 154 155 157 159 160 163 165 166 167 170 171 172 173 176 179 180 181 182 183 184 187 188 190 192 193 194 195 197 198 199 200 201 203 204 205 207 208 209 211 212 214 215 216 217 218 220 221 222 224 226 227 229 230 231 232 233 235 236 237 239 241 242 244 245 246 249 250 251 252 253 255 257 259 260 261 262 263 264 266 267 268 270 272 274 275 278 279 280 281 283 284 285 286 287 288 291 293 294 295 296 297 298 299
Print [key0:key1]: Print [key0:key1]: *** lower bound 193
*** upper bound 208
 193 194 195 197 198 199 200 201 203 204 205 207
Print [key0:key1]: Print [key0:key1]: Print [key0:key1]: *** lower bound 377
*** upper bound 490
 377 378 381 383 384 385 386 387 388 389 390 391 392 393 395 397 398 400 401 403 404 405 406 407 408 410 411 412 413 415 417 418 419 420 422 423 424 426 427 430 432 433 434 435 437 438 439 440 441 442 443 444 445 447 448 449 451 452 453 457 458 459 460 462 463 465 466 467 468 469 470 471 472 473 475 476 479 480 481 483 484 485 487 488
Print [key0:key1]: *** lower bound 19
*** upper bound 88
 19 20 21 22 23 24 26 27 28 29 30 31 32 33 34 35 36 37 38 39 40 41 42 43 45 46 47 48 49 50 51 52 54 56 57 59 60 61 62 64 65 66 67 68 69 70 71 72 75 76 78 79 80 81 82 83 85 87
Print [key0:key1]: Print [key0:key1]: *** lower bound 36
*** upper bound 457
 36 37 38 39 40 41 42 43 45 46 47 48 49 50 51 52 54 56 57 59 60 61 62 64 65 66 67 68 69 70 71 72 75 76 78 79 80 81 82 83 85 87 88 89 90 92 93 94 95 100 101 103 104 105 107 109 110 112 114 115 116 117 118 119 120 121 122 123 124 125 126 127 129 130 131 132 133 135 136 137 138 139 140 141 142 143 144 145 146 148 149 150 151 153 154 155 157 159 160 163 165 166 167 170 171 172 173 176 179 180 181 182 183 184 187 188 190 192 193 194 195 197 198 199 200 201 203 204 205 207 208 209 211 212 214 215 216 217 218 220 221 222 224 226 227 229 230 231 232 233 235 236 237 239 241 242 244 245 246 249 250 251 252 253 255 257 259 260 261 262 263 264 266 267 268 270 272 274 275 278 279 280 281 283 284 285 286 287 288 291 293 294 295 296 297 298 299 301 303 304 305 306 307 308 309 312 313 316 319 320 321 322 323 325 327 328 329 330 331 332 333 334 336 337 338 339 340 341 343 344 346 348 349 351 352 353 354 355 356 357 358 360 361 362 363 364 365 367 368 370 371 372 373 375 376 377 378 381 383 384 385 386 387 388 389 390 391 392 393 395 397 398 400 401 403 404 405 406 407 408 410 411 412 413 415 417 418 419 420 422 423 424 426 427 430 432 433 434 435 437 438 439 440 441 442 443 444 445 447 448 449 451 452 453
Print [key0:key1]: Print [key0:key1]: Print [key0:key1]: Print [key0:key1]: *** lower bound 120
*** upper bound 179
 120 121 122 123 124 125 126 127 129 130 131 132 133 135 136 137 138 139 140 141 142 143 144 145 146 148 149 150 151 153 154 155 157 159 160 163 165 166 167 170 171 172 173 176
Print [key0:key1]: Print [key0:key1]: Print [key0:key1]: Print [key0:key1]: Print [key0:key1]: Print [key0:key1]: Print [key0:key1]: Print [key0:key1]: *** lower bound 31
*** upper bound 239
 31 32 33 34 35 36 37 38 39 40 41 42 43 45 46 47 48 49 50 51 52 54 56 57 59 60 61 62 64 65 66 67 68 69 70 71 72 75 76 78 79 80 81 82 83 85 87 88 89 90 92 93 94 95 100 101 103 104 105 107 109 110 112 114 115 116 117 118 119 120 121 122 123 124 125 126 127 129 130 131 132 133 135 136 137 138 139 140 141 142 143 144 145 146 148 149 150 151 153 154 155 157 159 160 163 165 166 167 170 171 172 173 176 179 180 181 182 183 184 187 188 190 192 193 194 195 197 198 199 200 201 203 204 205 207 208 209 211 212 214 215 216 217 218 220 221 222 224 226 227 229 230 231 232 233 235 236 237
Print [key0:key1]: *** lower bound 93
*** upper bound 109
 93 94 95 100 101 103 104 105 107
Print [key0:key1]: Print [key0:key1]: Print [key0:key1]: *** lower bound 417
*** upper bound 457
 417 418 419 420 422 423 424 426 427 430 432 433 434 435 437 438 439 440 441 442 443 444 445 447 448 449 451 452 453
Print [key0:key1]: Print [key0:key1]: Print [key0:key1]: Print [key0:key1]: Print [key0:key1]: *** lower bound 13
*** upper bound 133
 13 14 17 18 19 20 21 22 23 24 26 27 28 29 30 31 32 33 34 35 36 37 38 39 40 41 42 43 45 46 47 48 49 50 51 52 54 56 57 59 60 61 62 64 65 66 67 68 69 70 71 72 75 76 78 79 80 81 82 83 85 87 88 89 90 92 93 94 95 100 101 103 104 105 107 109 110 112 114 115 116 117 118 119 120 121 122 123 124 125 126 127 129 130 131 132
Print [key0:key1]: Print [key0:key1]: Print [key0:key1]: Print [key0:key1]: *** lower bound 241
*** upper bound 386
 241 242 244 245 246 249 250 251 252 253 255 257 259 260 261 262 263 264 266 267 268 270 272 274 275 278 279 280 281 283 284 285 286 287 288 291 293 294 295 296 297 298 299 301 303 304 305 306 307 308 309 312 313 316 319 320 321 322 323 325 327 328 329 330 331 332 333 334 336 337 338 339 340 341 343 344 346 348 349 351 352 353 354 355 356 357 358 360 361 362 363 364 365 367 368 370 371 372 373 375 376 377 378 381 383 384 385
Print [key0:key1]: *** lower bound 330
*** upper bound 505
 330 331 332 333 334 336 337 338 339 340 341 343 344 346 348 349 351 352 353 354 355 356 357 358 360 361 362 363 364 365 367 368 370 371 372 373 375 376 377 378 381 383 384 385 386 387 388 389 390 391 392 393 395 397 398 400 401 403 404 405 406 407 408 410 411 412 413 415 417 418 419 420 422 423 424 426 427 430 432 433 434 435 437 438 439 440 441 442 443 444 445 447 448 449 451 452 453 457 458 459 460 462 463 465 466 467 468 469 470 471 472 473 475 476 479 480 481 483 484 485 487 488 490 491 493 494 497 498 501 502 503
Print [key0:key1]: Print [key0:key1]: *** lower bound 229
*** upper bound 457
 229 230 231 232 233 235 236 237 239 241 242 244 245 246 249 250 251 252 253 255 257 259 260 261 262 263 264 266 267 268 270 272 274 275 278 279 280 281 283 284 285 286 287 288 291 293 294 295 296 297 298 299 301 303 304 305 306 307 308 309 312 313 316 319 320 321 322 323 325 327 328 329 330 331 332 333 334 336 337 338 339 340 341 343 344 346 348 349 351 352 353 354 355 356 357 358 360 361 362 363 364 365 367 368 370 371 372 373 375 376 377 378 381 383 384 385 386 387 388 389 390 391 392 393 395 397 398 400 401 403 404 405 406 407 408 410 411 412 413 415 417 418 419 420 422 423 424 426 427 430 432 433 434 435 437 438 439 440 441 442 443 444 445 447 448 449 451 452 453
Print [key0:key1]: Print [key0:key1]: Print [key0:key1]: *** lower bound 7
*** upper bound 321
 7 8 9 11 12 13 14 17 18 19 20 21 22 23 24 26 27 28 29 30 31 32 33 34 35 36 37 38 39 40 41 42 43 45 46 47 48 49 50 51 52 54 56 57 59 60 61 62 64 65 66 67 68 69 70 71 72 75 76 78 79 80 81 82 83 85 87 88 89 90 92 93 94 95 100 101 103 104 105 107 109 110 112 114 115 116 117 118 119 120 121 122 123 124 125 126 127 129 130 131 132 133 135 136 137 138 139 140 141 142 143 144 145 146 148 149 150 151 153 154 155 157 159 160 163 165 166 167 170 171 172 173 176 179 180 181 182 183 184 187 188 190 192 193 194 195 197 198 199 200 201 203 204 205 207 208 209 211 212 214 215 216 217 218 220 221 222 224 226 227 229 230 231 232 233 235 236 237 239 241 242 244 245 246 249 250 251 252 253 255 257 259 260 261 262 263 264 266 267 268 270 272 274 275 278 279 280 281 283 284 285 286 287 288 291 293 294 295 296 297 298 299 301 303 304 305 306 307 308 309 312 313 316 319 320
Print [key0:key1]: Print [key0:key1]: *** lower bound 69
*** upper bound 356
 69 70 71 72 75 76 78 79 80 81 82 83 85 87 88 89 90 92 93 94 95 100 101 103 104 105 107 109 110 112 114 115 116 117 118 119 120 121 122 123 124 125 126 127 129 130 131 132 133 135 136 137 138 139 140 141 142 143 144 145 146 148 149 150 151 153 154 155 157 159 160 163 165 166 167 170 171 172 173 176 179 180 181 182 183 184 187 188 190 192 193 194 195 197 198 199 200 201 203 204 205 207 208 209 211 212 214 215 216 217 218 220 221 222 224 226 227 229 230 231 232 233 235 236 237 239 241 242 244 245 246 249 250 251 252 253 255 257 259 260 261 262 263 264 266 267 268 270 272 274 275 278 279 280 281 283 284 285 286 287 288 291 293 294 295 296 297 298 299 301 303 304 305 306 307 308 309 312 313 316 319 320 321 322 323 325 327 328 329 330 331 332 333 334 336 337 338 339 340 341 343 344 346 348 349 351 352 353 354 355
Print [key0:key1]: Print [key0:key1]: *** lower bound 0
*** upper bound 336
 0 2 3 4 6 7 8 9 11 12 13 14 17 18 19 20 21 22 23 24 26 27 28 29 30 31 32 33 34 35 36 37 38 39 40 41 42 43 45 46 47 48 49 50 51 52 54 56 57 59 60 61 62 64 65 66 67 68 69 70 71 72 75 76 78 79 80 81 82 83 85 87 88 89 90 92 93 94 95 100 101 103 104 105 107 109 110 112 114 115 116 117 118 119 120 121 122 123 124 125 126 127 129 130 131 132 133 135 136 137 138 139 140 141 142 143 144 145 146 148 149 150 151 153 154 155 157 159 160 163 165 166 167 170 171 172 173 176 179 180 181 182 183 184 187 188 190 192 193 194 195 197 198 199 200 201 203 204 205 207 208 209 211 212 214 215 216 217 218 220 221 222 224 226 227 229 230 231 232 233 235 236 237 239 241 242 244 245 246 249 250 251 252 253 255 257 259 260 261 262 263 264 266 267 268 270 272 274 275 278 279 280 281 283 284 285 286 287 288 291 293 294 295 296 297 298 299 301 303 304 305 306 307 308 309 312 313 316 319 320 321 322 323 325 327 328 329 330 331 332 333 334
Print [key0:key1]: Print [key0:key1]: *** lower bound 41
*** upper bound 490
 41 42 43 45 46 47 48 49 50 51 52 54 56 57 59 60 61 62 64 65 66 67 68 69 70 71 72 75 76 78 79 80 81 82 83 85 87 88 89 90 92 93 94 95 100 101 103 104 105 107 109 110 112 114 115 116 117 118 119 120 121 122 123 124 125 126 127 129 130 131 132 133 135 136 137 138 139 140 141 142 143 144 145 146 148 149 150 151 153 154 155 157 159 160 163 165 166 167 170 171 172 173 176 179 180 181 182 183 184 187 188 190 192 193 194 195 197 198 199 200 201 203 204 205 207 208 209 211 212 214 215 216 217 218 220 221 222 224 226 227 229 230 231 232 233 235 236 237 239 241 242 244 245 246 249 250 251 252 253 255 257 259 260 261 262 263 264 266 267 268 270 272 274 275 278 279 280 281 283 284 285 286 287 288 291 293 294 295 296 297 298 299 301 303 304 305 306 307 308 309 312 313 316 319 320 321 322 323 325 327 328 329 330 331 332 333 334 336 337 338 339 340 341 343 344 346 348 349 351 352 353 354 355 356 357 358 360 361 362 363 364 365 367 368 370 371 372 373 375 376 377 378 381 383 384 385 386 387 388 389 390 391 392 393 395 397 398 400 401 403 404 405 406 407 408 410 411 412 413 415 417 418 419 420 422 423 424 426 427 430 432 433 434 435 437 438 439 440 441 442 443 444 445 447 448 449 451 452 453 457 458 459 460 462 463 465 466 467 468 469 470 471 472 473 475 476 479 480 481 483 484 485 487 488
Print [key0:key1]: Print [key0:key1]: *** lower bound 50
*** upper bound 475
 50 51 52 54 56 57 59 60 61 62 64 65 66 67 68 69 70 71 72 75 76 78 79 80 81 82 83 85 87 88 89 90 92 93 94 95 100 101 103 104 105 107 109 110 112 114 115 116 117 118 119 120 121 122 123 124 125 126 127 129 130 131 132 133 135 136 137 138 139 140 141 142 143 144 145 146 148 149 150 151 153 154 155 157 159 160 163 165 166 167 170 171 172 173 176 179 180 181 182 183 184 187 188 190 192 193 194 195 197 198 199 200 201 203 204 205 207 208 209 211 212 214 215 216 217 218 220 221 222 224 226 227 229 230 231 232 233 235 236 237 239 241 242 244 245 246 249 250 251 252 253 255 257 259 260 261 262 263 264 266 267 268 270 272 274 275 278 279 280 281 283 284 285 286 287 288 291 293 294 295 296 297 298 299 301 303 304 305 306 307 308 309 312 313 316 319 320 321 322 323 325 327 328 329 330 331 332 333 334 336 337 338 339 340 341 343 344 346 348 349 351 352 353 354 355 356 357 358 360 361 362 363 364 365 367 368 370 371 372 373 375 376 377 378 381 383 384 385 386 387 388 389 390 391 392 393 395 397 398 400 401 403 404 405 406 407 408 410 411 412 413 415 417 418 419 420 422 423 424 426 427 430 432 433 434 435 437 438 439 440 441 442 443 444 445 447 448 449 451 452 453 457 458 459 460 462 463 465 466 467 468 469 470 471 472 473
Print [key0:key1]: Print [key0:key1]: Print [key0:key1]: *** lower bound 340
*** upper bound 476
 340 341 343 344 346 348 349 351 352 353 354 355 356 357 358 360 361 362 363 364 365 367 368 370 371 372 373 375 376 377 378 381 383 384 385 386 387 388 389 390 391 392 393 395 397 398 400 401 403 404 405 406 407 408 410 411 412 413 415 417 418 419 420 422 423 424 426 427 430 432 433 434 435 437 438 439 440 441 442 443 444 445 447 448 449 451 452 453 457 458 459 460 462 463 465 466 467 468 469 470 471 472 473 475
Print [key0:key1]: Print [key0:key1]: Print [key0:key1]: *** lower bound 11
*** upper bound 107
 11 12 13 14 17 18 19 20 21 22 23 24 26 27 28 29 30 31 32 33 34 35 36 37 38 39 40 41 42 43 45 46 47 48 49 50 51 52 54 56 57 59 60 61 62 64 65 66 67 68 69 70 71 72 75 76 78 79 80 81 82 83 85 87 88 89 90 92 93 94 95 100 101 103 104 105
Print [key0:key1]: Print [key0:key1]: *** lower bound 381
*** upper bound 441
 381 383 384 385 386 387 388 389 390 391 392 393 395 397 398 400 401 403 404 405 406 407 408 410 411 412 413 415 417 418 419 420 422 423 424 426 427 430 432 433 434 435 437 438 439 440
Print [key0:key1]: Print [key0:key1]: Print [key0:key1]: *** lower bound 214
*** upper bound 337
 214 215 216 217 218 220 221 222 224 226 227 229 230 231 232 233 235 236 237 239 241 242 244 245 246 249 250 251 252 253 255 257 259 260 261 262 263 264 266 267 268 270 272 274 275 278 279 280 281 283 284 285 286 287 288 291 293 294 295 296 297 298 299 301 303 304 305 306 307 308 309 312 313 316 319 320 321 322 323 325 327 328 329 330 331 332 333 334 336
Print [key0:key1]: *** lower bound 76
*** upper bound 249
 76 78 79 80 81 82 83 85 87 88 89 90 92 93 94 95 100 101 103 104 105 107 109 110 112 114 115 116 117 118 119 120 121 122 123 124 125 126 127 129 130 131 132 133 135 136 137 138 139 140 141 142 143 144 145 146 148 149 150 151 153 154 155 157 159 160 163 165 166 167 170 171 172 173 176 179 180 181 182 183 184 187 188 190 192 193 194 195 197 198 199 200 201 203 204 205 207 208 209 211 212 214 215 216 217 218 220 221 222 224 226 227 229 230 231 232 233 235 236 237 239 241 242 244 245 246
Print [key0:key1]: Print [key0:key1]: Print [key0:key1]: *** lower bound 66
*** upper bound 398
 66 67 68 69 70 71 72 75 76 78 79 80 81 82 83 85 87 88 89 90 92 93 94 95 100 101 103 104 105 107 109 110 112 114 115 116 117 118 119 120 121 122 123 124 125 126 127 129 130 131 132 133 135 136 137 138 139 140 141 142 143 144 145 146 148 149 150 151 153 154 155 157 159 160 163 165 166 167 170 171 172 173 176 179 180 181 182 183 184 187 188 190 192 193 194 195 197 198 199 200 201 203 204 205 207 208 209 211 212 214 215 216 217 218 220 221 222 224 226 227 229 230 231 232 233 235 236 237 239 241 242 244 245 246 249 250 251 252 253 255 257 259 260 261 262 263 264 266 267 268 270 272 274 275 278 279 280 281 283 284 285 286 287 288 291 293 294 295 296 297 298 299 301 303 304 305 306 307 308 309 312 313 316 319 320 321 322 323 325 327 328 329 330 331 332 333 334 336 337 338 339 340 341 343 344 346 348 349 351 352 353 354 355 356 357 358 360 361 362 363 364 365 367 368 370 371 372 373 375 376 377 378 381 383 384 385 386 387 388 389 390 391 392 393 395 397
Print [key0:key1]: Print [key0:key1]: Print [key0:key1]: *** lower bound 76
*** upper bound 378
 76 78 79 80 81 82 83 85 87 88 89 90 92 93 94 95 100 101 103 104 105 107 109 110 112 114 115 116 117 118 119 120 121 122 123 124 125 126 127 129 130 131 132 133 135 136 137 138 139 140 141 142 143 144 145 146 148 149 150 151 153 154 155 157 159 160 163 165 166 167 170 171 172 173 176 179 180 181 182 183 184 187 188 190 192 193 194 195 197 198 199 200 201 203 204 205 207 208 209 211 212 214 215 216 217 218 220 221 222 224 226 227 229 230 231 232 233 235 236 237 239 241 242 244 245 246 249 250 251 252 253 255 257 259 260 261 262 263 264 266 267 268 270 272 274 275 278 279 280 281 283 284 285 286 287 288 291 293 294 295 296 297 298 299 301 303 304 305 306 307 308 309 312 313 316 319 320 321 322 323 325 327 328 329 330 331 332 333 334 336 337 338 339 340 341 343 344 346 348 349 351 352 353 354 355 356 357 358 360 361 362 363 364 365 367 368 370 371 372 373 375 376 377
Print [key0:key1]: 
