 1 2 3 5 6 7 8 9 10 12 13 14 15 16 17 21 22 23 25 26 27 28 29 30 32 33 35 37 39 42 43 44 45 46 47 48 49 50 52 53 56 57 59 60 61 62 63 64 65 66 67 68 69 70 71 72 73 75 76 77 79 80 81 84 86 87 88 89 91 93 99 100 101 102 103 104 105 110 111 114 116 117 118 119 120 121 122 123 124 127 129 130 131 133 135 136 138 140 141 142 143 144 145 146 149 152 153 154 155 157 158 159 160 161 163 164 165 166 167 168 169 170 171 172 173 174 175 177 178 180 181 182 183 184 186 187 188 189 190 191 193 194 195 196 199 200 201 202 204 205 206 207 208 209 211 212 213 214 215 217 218 219 220 221 222 223 224 225 226 227 228 229 230 231 232 233 234 235 236 238 239 240 242 243 244 245 246 247 248 249 250 251 252 253 255 256 257 258 259 261 262 264 265 267 268 270 272 274 275 276 277 279 280 281 282 283 284 286 287 288 289 290 291 293 294 295 297 298 300 301 302 303 304 305 307 308 309 310 311 312 313 314 315 316 317 319 320 322 324 325 326 327 328 329 330 331 332 334 335 337 338 339 340 341 342 343 344 348 350 351 352 355 356 357 359 361 362 365 366 369 370 371 373 374 375 378 379 380 381 382 383 384 385 386 387 389 390 392 393 394 395 396 397 398 399 404 405 406 407 408 409 410 412 414 416 417 418 420 421 424 427 429 430 432 433 434 437 438 439 442 443 446 448 450 451 453 454 455 456 457 458 461 464 465 467 468 470 471 472 473 474 475 477 478 479 480 481 482 484 485 487 491 492 493 494 495 496 498 499 500 501 502 504 505 506 507 508 509 511 513 514 515 516 517 518 519 520 522 523 524 525 526 527 528 530 532 533 534 535 536 537 539 540 542 543 545 546 547 548 549 550 551 552 554 555 556 557 558 559 562 563 564 565 566 567 568 570 571 573 575 576 577 578 579 580 581 582 584 585 586 587 588 589 590 592 593 595 596 597 601 603 604 606 607 608 611 612 613 614 615 618 619 620 621 622 623 624 625 627 628 632 633 635 639 640 642 643 644 645 647 648 649 650 651 652 653 654 655 656 658 659 660 661 662 663 664 665 666 667 668 669 673 674 675 676 678 679 680 681 682 683 684 685 686 687 689 690 691 692 693 695 696 697 700 701 703 704 705 706 707 708 709 710 711 713 714 715 718 719 720
Print [key0:key1]: *** lower bound 246
*** upper bound 264
 246 247 248 249 250 251 252 253 255 256 257 258 259 261 262
Print [key0:key1]: *** lower bound 21
*** upper bound 362
 21 22 23 25 26 27 28 29 30 32 33 35 37 39 42 43 44 45 46 47 48 49 50 52 53 56 57 59 60 61 62 63 64 65 66 67 68 69 70 71 72 73 75 76 77 79 80 81 84 86 87 88 89 91 93 99 100 101 102 103 104 105 110 111 114 116 117 118 119 120 121 122 123 124 127 129 130 131 133 135 136 138 140 141 142 143 144 145 146 149 152 153 154 155 157 158 159 160 161 163 164 165 166 167 168 169 170 171 172 173 174 175 177 178 180 181 182 183 184 186 187 188 189 190 191 193 194 195 196 199 200 201 202 204 205 206 207 208 209 211 212 213 214 215 217 218 219 220 221 222 223 224 225 226 227 228 229 230 231 232 233 234 235 236 238 239 240 242 243 244 245 246 247 248 249 250 251 252 253 255 256 257 258 259 261 262 264 265 267 268 270 272 274 275 276 277 279 280 281 282 283 284 286 287 288 289 290 291 293 294 295 297 298 300 301 302 303 304 305 307 308 309 310 311 312 313 314 315 316 317 319 320 322 324 325 326 327 328 329 330 331 332 334 335 337 338 339 340 341 342 343 344 348 350 351 352 355 356 357 359 361
Print [key0:key1]: Print [key0:key1]: *** lower bound 274
*** upper bound 291
 274 275 276 277 279 280 281 282 283 284 286 287 288 289 290
Print [key0:key1]: *** lower bound 157
*** upper bound 164
 157 158 159 160 161 163
Print [key0:key1]: *** lower bound 88
*** upper bound 91
 88 89
Print [key0:key1]: *** lower bound 274
*** upper bound 297
 274 275 276 277 279 280 281 282 283 284 286 287 288 289 290 291 293 294 295
Print [key0:key1]: *** lower bound 23
*** upper bound 119
 23 25 26 27 28 29 30 32 33 35 37 39 42 43 44 45 46 47 48 49 50 52 53 56 57 59 60 61 62 63 64 65 66 67 68 69 70 71 72 73 75 76 77 79 80 81 84 86 87 88 89 91 93 99 100 101 102 103 104 105 110 111 114 116 117 118
Print [key0:key1]: *** lower bound 168
*** upper bound 264
 168 169 170 171 172 173 174 175 177 178 180 181 182 183 184 186 187 188 189 190 191 193 194 195 196 199 200 201 202 204 205 206 207 208 209 211 212 213 214 215 217 218 219 220 221 222 223 224 225 226 227 228 229 230 231 232 233 234 235 236 238 239 240 242 243 244 245 246 247 248 249 250 251 252 253 255 256 257 258 259 261 262
Print [key0:key1]: Print [key0:key1]: *** lower bound 45
*** upper bound 243
 45 46 47 48 49 50 52 53 56 57 59 60 61 62 63 64 65 66 67 68 69 70 71 72 73 75 76 77 79 80 81 84 86 87 88 89 91 93 99 100 101 102 103 104 105 110 111 114 116 117 118 119 120 121 122 123 124 127 129 130 131 133 135 136 138 140 141 142 143 144 145 146 149 152 153 154 155 157 158 159 160 161 163 164 165 166 167 168 169 170 171 172 173 174 175 177 178 180 181 182 183 184 186 187 188 189 190 191 193 194 195 196 199 200 201 202 204 205 206 207 208 209 211 212 213 214 215 217 218 219 220 221 222 223 224 225 226 227 228 229 230 231 232 233 234 235 236 238 239 240 242
Print [key0:key1]: Print [key0:key1]: Print [key0:key1]: *** lower bound 99
*** upper bound 350
 99 100 101 102 103 104 105 110 111 114 116 117 118 119 120 121 122 123 124 127 129 130 131 133 135 136 138 140 141 142 143 144 145 146 149 152 153 154 155 157 158 159 160 161 163 164 165 166 167 168 169 170 171 172 173 174 175 177 178 180 181 182 183 184 186 187 188 189 190 191 193 194 195 196 199 200 201 202 204 205 206 207 208 209 211 212 213 214 215 217 218 219 220 221 222 223 224 225 226 227 228 229 230 231 232 233 234 235 236 238 239 240 242 243 244 245 246 247 248 249 250 251 252 253 255 256 257 258 259 261 262 264 265 267 268 270 272 274 275 276 277 279 280 281 282 283 284 286 287 288 289 290 291 293 294 295 297 298 300 301 302 303 304 305 307 308 309 310 311 312 313 314 315 316 317 319 320 322 324 325 326 327 328 329 330 331 332 334 335 337 338 339 340 341 342 343 344 348
Print [key0:key1]: Print [key0:key1]: *** lower bound 110
*** upper bound 261
 110 111 114 116 117 118 119 120 121 122 123 124 127 129 130 131 133 135 136 138 140 141 142 143 144 145 146 149 152 153 154 155 157 158 159 160 161 163 164 165 166 167 168 169 170 171 172 173 174 175 177 178 180 181 182 183 184 186 187 188 189 190 191 193 194 195 196 199 200 201 202 204 205 206 207 208 209 211 212 213 214 215 217 218 219 220 221 222 223 224 225 226 227 228 229 230 231 232 233 234 235 236 238 239 240 242 243 244 245 246 247 248 249 250 251 252 253 255 256 257 258 259
Print [key0:key1]: *** lower bound 29
*** upper bound 59
 29 30 32 33 35 37 39 42 43 44 45 46 47 48 49 50 52 53 56 57
Print [key0:key1]: *** lower bound 110
*** upper bound 523
 110 111 114 116 117 118 119 120 121 122 123 124 127 129 130 131 133 135 136 138 140 141 142 143 144 145 146 149 152 153 154 155 157 158 159 160 161 163 164 165 166 167 168 169 170 171 172 173 174 175 177 178 180 181 182 183 184 186 187 188 189 190 191 193 194 195 196 199 200 201 202 204 205 206 207 208 209 211 212 213 214 215 217 218 219 220 221 222 223 224 225 226 227 228 229 230 231 232 233 234 235 236 238 239 240 242 243 244 245 246 247 248 249 250 251 252 253 255 256 257 258 259 261 262 264 265 267 268 270 272 274 275 276 277 279 280 281 282 283 284 286 287 288 289 290 291 293 294 295 297 298 300 301 302 303 304 305 307 308 309 310 311 312 313 314 315 316 317 319 320 322 324 325 326 327 328 329 330 331 332 334 335 337 338 339 340 341 342 343 344 348 350 351 352 355 356 357 359 361 362 365 366 369 370 371 373 374 375 378 379 380 381 382 383 384 385 386 387 389 390 392 393 394 395 396 397 398 399 404 405 406 407 408 409 410 412 414 416 417 418 420 421 424 427 429 430 432 433 434 437 438 439 442 443 446 448 450 451 453 454 455 456 457 458 461 464 465 467 468 470 471 472 473 474 475 477 478 479 480 481 482 484 485 487 491 492 493 494 495 496 498 499 500 501 502 504 505 506 507 508 509 511 513 514 515 516 517 518 519 520 522
Print [key0:key1]: Print [key0:key1]: *** lower bound 242
*** upper bound 331
 242 243 244 245 246 247 248 249 250 251 252 253 255 256 257 258 259 261 262 264 265 267 268 270 272 274 275 276 277 279 280 281 282 283 284 286 287 288 289 290 291 293 294 295 297 298 300 301 302 303 304 305 307 308 309 310 311 312 313 314 315 316 317 319 320 322 324 325 326 327 328 329 330
Print [key0:key1]: *** lower bound 507
*** upper bound 557
 507 508 509 511 513 514 515 516 517 518 519 520 522 523 524 525 526 527 528 530 532 533 534 535 536 537 539 540 542 543 545 546 547 548 549 550 551 552 554 555 556
Print [key0:key1]: Print [key0:key1]: Print [key0:key1]: Print [key0:key1]: Print [key0:key1]: *** lower bound 25
*** upper bound 437
 25 26 27 28 29 30 32 33 35 37 39 42 43 44 45 46 47 48 49 50 52 53 56 57 59 60 61 62 63 64 65 66 67 68 69 70 71 72 73 75 76 77 79 80 81 84 86 87 88 89 91 93 99 100 101 102 103 104 105 110 111 114 116 117 118 119 120 121 122 123 124 127 129 130 131 133 135 136 138 140 141 142 143 144 145 146 149 152 153 154 155 157 158 159 160 161 163 164 165 166 167 168 169 170 171 172 173 174 175 177 178 180 181 182 183 184 186 187 188 189 190 191 193 194 195 196 199 200 201 202 204 205 206 207 208 209 211 212 213 214 215 217 218 219 220 221 222 223 224 225 226 227 228 229 230 231 232 233 234 235 236 238 239 240 242 243 244 245 246 247 248 249 250 251 252 253 255 256 257 258 259 261 262 264 265 267 268 270 272 274 275 276 277 279 280 281 282 283 284 286 287 288 289 290 291 293 294 295 297 298 300 301 302 303 304 305 307 308 309 310 311 312 313 314 315 316 317 319 320 322 324 325 326 327 328 329 330 331 332 334 335 337 338 339 340 341 342 343 344 348 350 351 352 355 356 357 359 361 362 365 366 369 370 371 373 374 375 378 379 380 381 382 383 384 385 386 387 389 390 392 393 394 395 396 397 398 399 404 405 406 407 408 409 410 412 414 416 417 418 420 421 424 427 429 430 432 433 434
Print [key0:key1]: *** lower bound 76
*** upper bound 437
 76 77 79 80 81 84 86 87 88 89 91 93 99 100 101 102 103 104 105 110 111 114 116 117 118 119 120 121 122 123 124 127 129 130 131 133 135 136 138 140 141 142 143 144 145 146 149 152 153 154 155 157 158 159 160 161 163 164 165 166 167 168 169 170 171 172 173 174 175 177 178 180 181 182 183 184 186 187 188 189 190 191 193 194 195 196 199 200 201 202 204 205 206 207 208 209 211 212 213 214 215 217 218 219 220 221 222 223 224 225 226 227 228 229 230 231 232 233 234 235 236 238 239 240 242 243 244 245 246 247 248 249 250 251 252 253 255 256 257 258 259 261 262 264 265 267 268 270 272 274 275 276 277 279 280 281 282 283 284 286 287 288 289 290 291 293 294 295 297 298 300 301 302 303 304 305 307 308 309 310 311 312 313 314 315 316 317 319 320 322 324 325 326 327 328 329 330 331 332 334 335 337 338 339 340 341 342 343 344 348 350 351 352 355 356 357 359 361 362 365 366 369 370 371 373 374 375 378 379 380 381 382 383 384 385 386 387 389 390 392 393 394 395 396 397 398 399 404 405 406 407 408 409 410 412 414 416 417 418 420 421 424 427 429 430 432 433 434
Print [key0:key1]: Print [key0:key1]: Print [key0:key1]: Print [key0:key1]: *** lower bound 232
*** upper bound 396
 232 233 234 235 236 238 239 240 242 243 244 245 246 247 248 249 250 251 252 253 255 256 257 258 259 261 262 264 265 267 268 270 272 274 275 276 277 279 280 281 282 283 284 286 287 288 289 290 291 293 294 295 297 298 300 301 302 303 304 305 307 308 309 310 311 312 313 314 315 316 317 319 320 322 324 325 326 327 328 329 330 331 332 334 335 337 338 339 340 341 342 343 344 348 350 351 352 355 356 357 359 361 362 365 366 369 370 371 373 374 375 378 379 380 381 382 383 384 385 386 387 389 390 392 393 394 395
Print [key0:key1]: *** lower bound 188
*** upper bound 523
 188 189 190 191 193 194 195 196 199 200 201 202 204 205 206 207 208 209 211 212 213 214 215 217 218 219 220 221 222 223 224 225 226 227 228 229 230 231 232 233 234 235 236 238 239 240 242 243 244 245 246 247 248 249 250 251 252 253 255 256 257 258 259 261 262 264 265 267 268 270 272 274 275 276 277 279 280 281 282 283 284 286 287 288 289 290 291 293 294 295 297 298 300 301 302 303 304 305 307 308 309 310 311 312 313 314 315 316 317 319 320 322 324 325 326 327 328 329 330 331 332 334 335 337 338 339 340 341 342 343 344 348 350 351 352 355 356 357 359 361 362 365 366 369 370 371 373 374 375 378 379 380 381 382 383 384 385 386 387 389 390 392 393 394 395 396 397 398 399 404 405 406 407 408 409 410 412 414 416 417 418 420 421 424 427 429 430 432 433 434 437 438 439 442 443 446 448 450 451 453 454 455 456 457 458 461 464 465 467 468 470 471 472 473 474 475 477 478 479 480 481 482 484 485 487 491 492 493 494 495 496 498 499 500 501 502 504 505 506 507 508 509 511 513 514 515 516 517 518 519 520 522
Print [key0:key1]: Print [key0:key1]: *** lower bound 110
*** upper bound 511
 110 111 114 116 117 118 119 120 121 122 123 124 127 129 130 131 133 135 136 138 140 141 142 143 144 145 146 149 152 153 154 155 157 158 159 160 161 163 164 165 166 167 168 169 170 171 172 173 174 175 177 178 180 181 182 183 184 186 187 188 189 190 191 193 194 195 196 199 200 201 202 204 205 206 207 208 209 211 212 213 214 215 217 218 219 220 221 222 223 224 225 226 227 228 229 230 231 232 233 234 235 236 238 239 240 242 243 244 245 246 247 248 249 250 251 252 253 255 256 257 258 259 261 262 264 265 267 268 270 272 274 275 276 277 279 280 281 282 283 284 286 287 288 289 290 291 293 294 295 297 298 300 301 302 303 304 305 307 308 309 310 311 312 313 314 315 316 317 319 320 322 324 325 326 327 328 329 330 331 332 334 335 337 338 339 340 341 342 343 344 348 350 351 352 355 356 357 359 361 362 365 366 369 370 371 373 374 375 378 379 380 381 382 383 384 385 386 387 389 390 392 393 394 395 396 397 398 399 404 405 406 407 408 409 410 412 414 416 417 418 420 421 424 427 429 430 432 433 434 437 438 439 442 443 446 448 450 451 453 454 455 456 457 458 461 464 465 467 468 470 471 472 473 474 475 477 478 479 480 481 482 484 485 487 491 492 493 494 495 496 498 499 500 501 502 504 505 506 507 508 509
Print [key0:key1]: Print [key0:key1]: Print [key0:key1]: *** lower bound 274
*** upper bound 470
 274 275 276 277 279 280 281 282 283 284 286 287 288 289 290 291 293 294 295 297 298 300 301 302 303 304 305 307 308 309 310 311 312 313 314 315 316 317 319 320 322 324 325 326 327 328 329 330 331 332 334 335 337 338 339 340 341 342 343 344 348 350 351 352 355 356 357 359 361 362 365 366 369 370 371 373 374 375 378 379 380 381 382 383 384 385 386 387 389 390 392 393 394 395 396 397 398 399 404 405 406 407 408 409 410 412 414 416 417 418 420 421 424 427 429 430 432 433 434 437 438 439 442 443 446 448 450 451 453 454 455 456 457 458 461 464 465 467 468
Print [key0:key1]: *** lower bound 3
*** upper bound 99
 3 5 6 7 8 9 10 12 13 14 15 16 17 21 22 23 25 26 27 28 29 30 32 33 35 37 39 42 43 44 45 46 47 48 49 50 52 53 56 57 59 60 61 62 63 64 65 66 67 68 69 70 71 72 73 75 76 77 79 80 81 84 86 87 88 89 91 93
Print [key0:key1]: *** lower bound 84
*** upper bound 293
 84 86 87 88 89 91 93 99 100 101 102 103 104 105 110 111 114 116 117 118 119 120 121 122 123 124 127 129 130 131 133 135 136 138 140 141 142 143 144 145 146 149 152 153 154 155 157 158 159 160 161 163 164 165 166 167 168 169 170 171 172 173 174 175 177 178 180 181 182 183 184 186 187 188 189 190 191 193 194 195 196 199 200 201 202 204 205 206 207 208 209 211 212 213 214 215 217 218 219 220 221 222 223 224 225 226 227 228 229 230 231 232 233 234 235 236 238 239 240 242 243 244 245 246 247 248 249 250 251 252 253 255 256 257 258 259 261 262 264 265 267 268 270 272 274 275 276 277 279 280 281 282 283 284 286 287 288 289 290 291
Print [key0:key1]: Print [key0:key1]: *** lower bound 424
*** upper bound 480
 424 427 429 430 432 433 434 437 438 439 442 443 446 448 450 451 453 454 455 456 457 458 461 464 465 467 468 470 471 472 473 474 475 477 478 479
Print [key0:key1]: *** lower bound 25
*** upper bound 91
 25 26 27 28 29 30 32 33 35 37 39 42 43 44 45 46 47 48 49 50 52 53 56 57 59 60 61 62 63 64 65 66 67 68 69 70 71 72 73 75 76 77 79 80 81 84 86 87 88 89
Print [key0:key1]: Print [key0:key1]: Print [key0:key1]: Print [key0:key1]: Print [key0:key1]: Print [key0:key1]: *** lower bound 414
*** upper bound 477
 414 416 417 418 420 421 424 427 429 430 432 433 434 437 438 439 442 443 446 448 450 451 453 454 455 456 457 458 461 464 465 467 468 470 471 472 473 474 475
Print [key0:key1]: *** lower bound 183
*** upper bound 427
 183 184 186 187 188 189 190 191 193 194 195 196 199 200 201 202 204 205 206 207 208 209 211 212 213 214 215 217 218 219 220 221 222 223 224 225 226 227 228 229 230 231 232 233 234 235 236 238 239 240 242 243 244 245 246 247 248 249 250 251 252 253 255 256 257 258 259 261 262 264 265 267 268 270 272 274 275 276 277 279 280 281 282 283 284 286 287 288 289 290 291 293 294 295 297 298 300 301 302 303 304 305 307 308 309 310 311 312 313 314 315 316 317 319 320 322 324 325 326 327 328 329 330 331 332 334 335 337 338 339 340 341 342 343 344 348 350 351 352 355 356 357 359 361 362 365 366 369 370 371 373 374 375 378 379 380 381 382 383 384 385 386 387 389 390 392 393 394 395 396 397 398 399 404 405 406 407 408 409 410 412 414 416 417 418 420 421 424
Print [key0:key1]: *** lower bound 1
*** upper bound 493
 1 2 3 5 6 7 8 9 10 12 13 14 15 16 17 21 22 23 25 26 27 28 29 30 32 33 35 37 39 42 43 44 45 46 47 48 49 50 52 53 56 57 59 60 61 62 63 64 65 66 67 68 69 70 71 72 73 75 76 77 79 80 81 84 86 87 88 89 91 93 99 100 101 102 103 104 105 110 111 114 116 117 118 119 120 121 122 123 124 127 129 130 131 133 135 136 138 140 141 142 143 144 145 146 149 152 153 154 155 157 158 159 160 161 163 164 165 166 167 168 169 170 171 172 173 174 175 177 178 180 181 182 183 184 186 187 188 189 190 191 193 194 195 196 199 200 201 202 204 205 206 207 208 209 211 212 213 214 215 217 218 219 220 221 222 223 224 225 226 227 228 229 230 231 232 233 234 235 236 238 239 240 242 243 244 245 246 247 248 249 250 251 252 253 255 256 257 258 259 261 262 264 265 267 268 270 272 274 275 276 277 279 280 281 282 283 284 286 287 288 289 290 291 293 294 295 297 298 300 301 302 303 304 305 307 308 309 310 311 312 313 314 315 316 317 319 320 322 324 325 326 327 328 329 330 331 332 334 335 337 338 339 340 341 342 343 344 348 350 351 352 355 356 357 359 361 362 365 366 369 370 371 373 374 375 378 379 380 381 382 383 384 385 386 387 389 390 392 393 394 395 396 397 398 399 404 405 406 407 408 409 410 412 414 416 417 418 420 421 424 427 429 430 432 433 434 437 438 439 442 443 446 448 450 451 453 454 455 456 457 458 461 464 465 467 468 470 471 472 473 474 475 477 478 479 480 481 482 484 485 487 491 492
Print [key0:key1]: Print [key0:key1]: Print [key0:key1]: *** lower bound 59
*** upper bound 464
 59 60 61 62 63 64 65 66 67 68 69 70 71 72 73 75 76 77 79 80 81 84 86 87 88 89 91 93 99 100 101 102 103 104 105 110 111 114 116 117 118 119 120 121 122 123 124 127 129 130 131 133 135 136 138 140 141 142 143 144 145 146 149 152 153 154 155 157 158 159 160 161 163 164 165 166 167 168 169 170 171 172 173 174 175 177 178 180 181 182 183 184 186 187 188 189 190 191 193 194 195 196 199 200 201 202 204 205 206 207 208 209 211 212 213 214 215 217 218 219 220 221 222 223 224 225 226 227 228 229 230 231 232 233 234 235 236 238 239 240 242 243 244 245 246 247 248 249 250 251 252 253 255 256 257 258 259 261 262 264 265 267 268 270 272 274 275 276 277 279 280 281 282 283 284 286 287 288 289 290 291 293 294 295 297 298 300 301 302 303 304 305 307 308 309 310 311 312 313 314 315 316 317 319 320 322 324 325 326 327 328 329 330 331 332 334 335 337 338 339 340 341 342 343 344 348 350 351 352 355 356 357 359 361 362 365 366 369 370 371 373 374 375 378 379 380 381 382 383 384 385 386 387 389 390 392 393 394 395 396 397 398 399 404 405 406 407 408 409 410 412 414 416 417 418 420 421 424 427 429 430 432 433 434 437 438 439 442 443 446 448 450 451 453 454 455 456 457 458 461
Print [key0:key1]: Print [key0:key1]: Print [key0:key1]: Print [key0:key1]: Print [key0:key1]: *** lower bound 1
*** upper bound 355
 1 2 3 5 6 7 8 9 10 12 13 14 15 16 17 21 22 23 25 26 27 28 29 30 32 33 35 37 39 42 43 44 45 46 47 48 49 50 52 53 56 57 59 60 61 62 63 64 65 66 67 68 69 70 71 72 73 75 76 77 79 80 81 84 86 87 88 89 91 93 99 100 101 102 103 104 105 110 111 114 116 117 118 119 120 121 122 123 124 127 129 130 131 133 135 136 138 140 141 142 143 144 145 146 149 152 153 154 155 157 158 159 160 161 163 164 165 166 167 168 169 170 171 172 173 174 175 177 178 180 181 182 183 184 186 187 188 189 190 191 193 194 195 196 199 200 201 202 204 205 206 207 208 209 211 212 213 214 215 217 218 219 220 221 222 223 224 225 226 227 228 229 230 231 232 233 234 235 236 238 239 240 242 243 244 245 246 247 248 249 250 251 252 253 255 256 257 258 259 261 262 264 265 267 268 270 272 274 275 276 277 279 280 281 282 283 284 286 287 288 289 290 291 293 294 295 297 298 300 301 302 303 304 305 307 308 309 310 311 312 313 314 315 316 317 319 320 322 324 325 326 327 328 329 330 331 332 334 335 337 338 339 340 341 342 343 344 348 350 351 352
Print [key0:key1]: Print [key0:key1]: *** lower bound 149
*** upper bound 302
 149 152 153 154 155 157 158 159 160 161 163 164 165 166 167 168 169 170 171 172 173 174 175 177 178 180 181 182 183 184 186 187 188 189 190 191 193 194 195 196 199 200 201 202 204 205 206 207 208 209 211 212 213 214 215 217 218 219 220 221 222 223 224 225 226 227 228 229 230 231 232 233 234 235 236 238 239 240 242 243 244 245 246 247 248 249 250 251 252 253 255 256 257 258 259 261 262 264 265 267 268 270 272 274 275 276 277 279 280 281 282 283 284 286 287 288 289 290 291 293 294 295 297 298 300 301
Print [key0:key1]: *** lower bound 21
*** upper bound 416
 21 22 23 25 26 27 28 29 30 32 33 35 37 39 42 43 44 45 46 47 48 49 50 52 53 56 57 59 60 61 62 63 64 65 66 67 68 69 70 71 72 73 75 76 77 79 80 81 84 86 87 88 89 91 93 99 100 101 102 103 104 105 110 111 114 116 117 118 119 120 121 122 123 124 127 129 130 131 133 135 136 138 140 141 142 143 144 145 146 149 152 153 154 155 157 158 159 160 161 163 164 165 166 167 168 169 170 171 172 173 174 175 177 178 180 181 182 183 184 186 187 188 189 190 191 193 194 195 196 199 200 201 202 204 205 206 207 208 209 211 212 213 214 215 217 218 219 220 221 222 223 224 225 226 227 228 229 230 231 232 233 234 235 236 238 239 240 242 243 244 245 246 247 248 249 250 251 252 253 255 256 257 258 259 261 262 264 265 267 268 270 272 274 275 276 277 279 280 281 282 283 284 286 287 288 289 290 291 293 294 295 297 298 300 301 302 303 304 305 307 308 309 310 311 312 313 314 315 316 317 319 320 322 324 325 326 327 328 329 330 331 332 334 335 337 338 339 340 341 342 343 344 348 350 351 352 355 356 357 359 361 362 365 366 369 370 371 373 374 375 378 379 380 381 382 383 384 385 386 387 389 390 392 393 394 395 396 397 398 399 404 405 406 407 408 409 410 412 414
Print [key0:key1]: *** lower bound 99
*** upper bound 542
 99 100 101 102 103 104 105 110 111 114 116 117 118 119 120 121 122 123 124 127 129 130 131 133 135 136 138 140 141 142 143 144 145 146 149 152 153 154 155 157 158 159 160 161 163 164 165 166 167 168 169 170 171 172 173 174 175 177 178 180 181 182 183 184 186 187 188 189 190 191 193 194 195 196 199 200 201 202 204 205 206 207 208 209 211 212 213 214 215 217 218 219 220 221 222 223 224 225 226 227 228 229 230 231 232 233 234 235 236 238 239 240 242 243 244 245 246 247 248 249 250 251 252 253 255 256 257 258 259 261 262 264 265 267 268 270 272 274 275 276 277 279 280 281 282 283 284 286 287 288 289 290 291 293 294 295 297 298 300 301 302 303 304 305 307 308 309 310 311 312 313 314 315 316 317 319 320 322 324 325 326 327 328 329 330 331 332 334 335 337 338 339 340 341 342 343 344 348 350 351 352 355 356 357 359 361 362 365 366 369 370 371 373 374 375 378 379 380 381 382 383 384 385 386 387 389 390 392 393 394 395 396 397 398 399 404 405 406 407 408 409 410 412 414 416 417 418 420 421 424 427 429 430 432 433 434 437 438 439 442 443 446 448 450 451 453 454 455 456 457 458 461 464 465 467 468 470 471 472 473 474 475 477 478 479 480 481 482 484 485 487 491 492 493 494 495 496 498 499 500 501 502 504 505 506 507 508 509 511 513 514 515 516 517 518 519 520 522 523 524 525 526 527 528 530 532 533 534 535 536 537 539 540
Print [key0:key1]: Print [key0:key1]: *** lower bound 77
*** upper bound 373
 77 79 80 81 84 86 87 88 89 91 93 99 100 101 102 103 104 105 110 111 114 116 117 118 119 120 121 122 123 124 127 129 130 131 133 135 136 138 140 141 142 143 144 145 146 149 152 153 154 155 157 158 159 160 161 163 164 165 166 167 168 169 170 171 172 173 174 175 177 178 180 181 182 183 184 186 187 188 189 190 191 193 194 195 196 199 200 201 202 204 205 206 207 208 209 211 212 213 214 215 217 218 219 220 221 222 223 224 225 226 227 228 229 230 231 232 233 234 235 236 238 239 240 242 243 244 245 246 247 248 249 250 251 252 253 255 256 257 258 259 261 262 264 265 267 268 270 272 274 275 276 277 279 280 281 282 283 284 286 287 288 289 290 291 293 294 295 297 298 300 301 302 303 304 305 307 308 309 310 311 312 313 314 315 316 317 319 320 322 324 325 326 327 328 329 330 331 332 334 335 337 338 339 340 341 342 343 344 348 350 351 352 355 356 357 359 361 362 365 366 369 370 371
Print [key0:key1]: Print [key0:key1]: Print [key0:key1]: *** lower bound 189
*** upper bound 251
 189 190 191 193 194 195 196 199 200 201 202 204 205 206 207 208 209 211 212 213 214 215 217 218 219 220 221 222 223 224 225 226 227 228 229 230 231 232 233 234 235 236 238 239 240 242 243 244 245 246 247 248 249 250
Print [key0:key1]: *** lower bound 22
*** upper bound 265
 22 23 25 26 27 28 29 30 32 33 35 37 39 42 43 44 45 46 47 48 49 50 52 53 56 57 59 60 61 62 63 64 65 66 67 68 69 70 71 72 73 75 76 77 79 80 81 84 86 87 88 89 91 93 99 100 101 102 103 104 105 110 111 114 116 117 118 119 120 121 122 123 124 127 129 130 131 133 135 136 138 140 141 142 143 144 145 146 149 152 153 154 155 157 158 159 160 161 163 164 165 166 167 168 169 170 171 172 173 174 175 177 178 180 181 182 183 184 186 187 188 189 190 191 193 194 195 196 199 200 201 202 204 205 206 207 208 209 211 212 213 214 215 217 218 219 220 221 222 223 224 225 226 227 228 229 230 231 232 233 234 235 236 238 239 240 242 243 244 245 246 247 248 249 250 251 252 253 255 256 257 258 259 261 262 264
Print [key0:key1]: *** lower bound 343
*** upper bound 509
 343 344 348 350 351 352 355 356 357 359 361 362 365 366 369 370 371 373 374 375 378 379 380 381 382 383 384 385 386 387 389 390 392 393 394 395 396 397 398 399 404 405 406 407 408 409 410 412 414 416 417 418 420 421 424 427 429 430 432 433 434 437 438 439 442 443 446 448 450 451 453 454 455 456 457 458 461 464 465 467 468 470 471 472 473 474 475 477 478 479 480 481 482 484 485 487 491 492 493 494 495 496 498 499 500 501 502 504 505 506 507 508
Print [key0:key1]: Print [key0:key1]: *** lower bound 475
*** upper bound 478
 475 477
Print [key0:key1]: Print [key0:key1]: *** lower bound 69
*** upper bound 272
 69 70 71 72 73 75 76 77 79 80 81 84 86 87 88 89 91 93 99 100 101 102 103 104 105 110 111 114 116 117 118 119 120 121 122 123 124 127 129 130 131 133 135 136 138 140 141 142 143 144 145 146 149 152 153 154 155 157 158 159 160 161 163 164 165 166 167 168 169 170 171 172 173 174 175 177 178 180 181 182 183 184 186 187 188 189 190 191 193 194 195 196 199 200 201 202 204 205 206 207 208 209 211 212 213 214 215 217 218 219 220 221 222 223 224 225 226 227 228 229 230 231 232 233 234 235 236 238 239 240 242 243 244 245 246 247 248 249 250 251 252 253 255 256 257 258 259 261 262 264 265 267 268 270
Print [key0:key1]: *** lower bound 10
*** upper bound 225
 10 12 13 14 15 16 17 21 22 23 25 26 27 28 29 30 32 33 35 37 39 42 43 44 45 46 47 48 49 50 52 53 56 57 59 60 61 62 63 64 65 66 67 68 69 70 71 72 73 75 76 77 79 80 81 84 86 87 88 89 91 93 99 100 101 102 103 104 105 110 111 114 116 117 118 119 120 121 122 123 124 127 129 130 131 133 135 136 138 140 141 142 143 144 145 146 149 152 153 154 155 157 158 159 160 161 163 164 165 166 167 168 169 170 171 172 173 174 175 177 178 180 181 182 183 184 186 187 188 189 190 191 193 194 195 196 199 200 201 202 204 205 206 207 208 209 211 212 213 214 215 217 218 219 220 221 222 223 224
Print [key0:key1]: Print [key0:key1]: Print [key0:key1]: Print [key0:key1]: Print [key0:key1]: Print [key0:key1]: *** lower bound 103
*** upper bound 359
 103 104 105 110 111 114 116 117 118 119 120 121 122 123 124 127 129 130 131 133 135 136 138 140 141 142 143 144 145 146 149 152 153 154 155 157 158 159 160 161 163 164 165 166 167 168 169 170 171 172 173 174 175 177 178 180 181 182 183 184 186 187 188 189 190 191 193 194 195 196 199 200 201 202 204 205 206 207 208 209 211 212 213 214 215 217 218 219 220 221 222 223 224 225 226 227 228 229 230 231 232 233 234 235 236 238 239 240 242 243 244 245 246 247 248 249 250 251 252 253 255 256 257 258 259 261 262 264 265 267 268 270 272 274 275 276 277 279 280 281 282 283 284 286 287 288 289 290 291 293 294 295 297 298 300 301 302 303 304 305 307 308 309 310 311 312 313 314 315 316 317 319 320 322 324 325 326 327 328 329 330 331 332 334 335 337 338 339 340 341 342 343 344 348 350 351 352 355 356 357
Print [key0:key1]: *** lower bound 166
*** upper bound 540
 166 167 168 169 170 171 172 173 174 175 177 178 180 181 182 183 184 186 187 188 189 190 191 193 194 195 196 199 200 201 202 204 205 206 207 208 209 211 212 213 214 215 217 218 219 220 221 222 223 224 225 226 227 228 229 230 231 232 233 234 235 236 238 239 240 242 243 244 245 246 247 248 249 250 251 252 253 255 256 257 258 259 261 262 264 265 267 268 270 272 274 275 276 277 279 280 281 282 283 284 286 287 288 289 290 291 293 294 295 297 298 300 301 302 303 304 305 307 308 309 310 311 312 313 314 315 316 317 319 320 322 324 325 326 327 328 329 330 331 332 334 335 337 338 339 340 341 342 343 344 348 350 351 352 355 356 357 359 361 362 365 366 369 370 371 373 374 375 378 379 380 381 382 383 384 385 386 387 389 390 392 393 394 395 396 397 398 399 404 405 406 407 408 409 410 412 414 416 417 418 420 421 424 427 429 430 432 433 434 437 438 439 442 443 446 448 450 451 453 454 455 456 457 458 461 464 465 467 468 470 471 472 473 474 475 477 478 479 480 481 482 484 485 487 491 492 493 494 495 496 498 499 500 501 502 504 505 506 507 508 509 511 513 514 515 516 517 518 519 520 522 523 524 525 526 527 528 530 532 533 534 535 536 537 539
Print [key0:key1]: Print [key0:key1]: Print [key0:key1]: *** lower bound 182
*** upper bound 446
 182 183 184 186 187 188 189 190 191 193 194 195 196 199 200 201 202 204 205 206 207 208 209 211 212 213 214 215 217 218 219 220 221 222 223 224 225 226 227 228 229 230 231 232 233 234 235 236 238 239 240 242 243 244 245 246 247 248 249 250 251 252 253 255 256 257 258 259 261 262 264 265 267 268 270 272 274 275 276 277 279 280 281 282 283 284 286 287 288 289 290 291 293 294 295 297 298 300 301 302 303 304 305 307 308 309 310 311 312 313 314 315 316 317 319 320 322 324 325 326 327 328 329 330 331 332 334 335 337 338 339 340 341 342 343 344 348 350 351 352 355 356 357 359 361 362 365 366 369 370 371 373 374 375 378 379 380 381 382 383 384 385 386 387 389 390 392 393 394 395 396 397 398 399 404 405 406 407 408 409 410 412 414 416 417 418 420 421 424 427 429 430 432 433 434 437 438 439 442 443
Print [key0:key1]: Print [key0:key1]: Print [key0:key1]: *** lower bound 359
*** upper bound 418
 359 361 362 365 366 369 370 371 373 374 375 378 379 380 381 382 383 384 385 386 387 389 390 392 393 394 395 396 397 398 399 404 405 406 407 408 409 410 412 414 416 417
Print [key0:key1]: *** lower bound 331
*** upper bound 555
 331 332 334 335 337 338 339 340 341 342 343 344 348 350 351 352 355 356 357 359 361 362 365 366 369 370 371 373 374 375 378 379 380 381 382 383 384 385 386 387 389 390 392 393 394 395 396 397 398 399 404 405 406 407 408 409 410 412 414 416 417 418 420 421 424 427 429 430 432 433 434 437 438 439 442 443 446 448 450 451 453 454 455 456 457 458 461 464 465 467 468 470 471 472 473 474 475 477 478 479 480 481 482 484 485 487 491 492 493 494 495 496 498 499 500 501 502 504 505 506 507 508 509 511 513 514 515 516 517 518 519 520 522 523 524 525 526 527 528 530 532 533 534 535 536 537 539 540 542 543 545 546 547 548 549 550 551 552 554
Print [key0:key1]: Print [key0:key1]: *** lower bound 110
*** upper bound 394
 110 111 114 116 117 118 119 120 121 122 123 124 127 129 130 131 133 135 136 138 140 141 142 143 144 145 146 149 152 153 154 155 157 158 159 160 161 163 164 165 166 167 168 169 170 171 172 173 174 175 177 178 180 181 182 183 184 186 187 188 189 190 191 193 194 195 196 199 200 201 202 204 205 206 207 208 209 211 212 213 214 215 217 218 219 220 221 222 223 224 225 226 227 228 229 230 231 232 233 234 235 236 238 239 240 242 243 244 245 246 247 248 249 250 251 252 253 255 256 257 258 259 261 262 264 265 267 268 270 272 274 275 276 277 279 280 281 282 283 284 286 287 288 289 290 291 293 294 295 297 298 300 301 302 303 304 305 307 308 309 310 311 312 313 314 315 316 317 319 320 322 324 325 326 327 328 329 330 331 332 334 335 337 338 339 340 341 342 343 344 348 350 351 352 355 356 357 359 361 362 365 366 369 370 371 373 374 375 378 379 380 381 382 383 384 385 386 387 389 390 392 393
Print [key0:key1]: *** lower bound 2
*** upper bound 211
 2 3 5 6 7 8 9 10 12 13 14 15 16 17 21 22 23 25 26 27 28 29 30 32 33 35 37 39 42 43 44 45 46 47 48 49 50 52 53 56 57 59 60 61 62 63 64 65 66 67 68 69 70 71 72 73 75 76 77 79 80 81 84 86 87 88 89 91 93 99 100 101 102 103 104 105 110 111 114 116 117 118 119 120 121 122 123 124 127 129 130 131 133 135 136 138 140 141 142 143 144 145 146 149 152 153 154 155 157 158 159 160 161 163 164 165 166 167 168 169 170 171 172 173 174 175 177 178 180 181 182 183 184 186 187 188 189 190 191 193 194 195 196 199 200 201 202 204 205 206 207 208 209
Print [key0:key1]: *** lower bound 420
*** upper bound 498
 420 421 424 427 429 430 432 433 434 437 438 439 442 443 446 448 450 451 453 454 455 456 457 458 461 464 465 467 468 470 471 472 473 474 475 477 478 479 480 481 482 484 485 487 491 492 493 494 495 496
Print [key0:key1]: *** lower bound 173
*** upper bound 366
 173 174 175 177 178 180 181 182 183 184 186 187 188 189 190 191 193 194 195 196 199 200 201 202 204 205 206 207 208 209 211 212 213 214 215 217 218 219 220 221 222 223 224 225 226 227 228 229 230 231 232 233 234 235 236 238 239 240 242 243 244 245 246 247 248 249 250 251 252 253 255 256 257 258 259 261 262 264 265 267 268 270 272 274 275 276 277 279 280 281 282 283 284 286 287 288 289 290 291 293 294 295 297 298 300 301 302 303 304 305 307 308 309 310 311 312 313 314 315 316 317 319 320 322 324 325 326 327 328 329 330 331 332 334 335 337 338 339 340 341 342 343 344 348 350 351 352 355 356 357 359 361 362 365
Print [key0:key1]: *** lower bound 65
*** upper bound 399
 65 66 67 68 69 70 71 72 73 75 76 77 79 80 81 84 86 87 88 89 91 93 99 100 101 102 103 104 105 110 111 114 116 117 118 119 120 121 122 123 124 127 129 130 131 133 135 136 138 140 141 142 143 144 145 146 149 152 153 154 155 157 158 159 160 161 163 164 165 166 167 168 169 170 171 172 173 174 175 177 178 180 181 182 183 184 186 187 188 189 190 191 193 194 195 196 199 200 201 202 204 205 206 207 208 209 211 212 213 214 215 217 218 219 220 221 222 223 224 225 226 227 228 229 230 231 232 233 234 235 236 238 239 240 242 243 244 245 246 247 248 249 250 251 252 253 255 256 257 258 259 261 262 264 265 267 268 270 272 274 275 276 277 279 280 281 282 283 284 286 287 288 289 290 291 293 294 295 297 298 300 301 302 303 304 305 307 308 309 310 311 312 313 314 315 316 317 319 320 322 324 325 326 327 328 329 330 331 332 334 335 337 338 339 340 341 342 343 344 348 350 351 352 355 356 357 359 361 362 365 366 369 370 371 373 374 375 378 379 380 381 382 383 384 385 386 387 389 390 392 393 394 395 396 397 398
Print [key0:key1]: Print [key0:key1]: *** lower bound 102
*** upper bound 136
 102 103 104 105 110 111 114 116 117 118 119 120 121 122 123 124 127 129 130 131 133 135
Print [key0:key1]: *** lower bound 453
*** upper bound 522
 453 454 455 456 457 458 461 464 465 467 468 470 471 472 473 474 475 477 478 479 480 481 482 484 485 487 491 492 493 494 495 496 498 499 500 501 502 504 505 506 507 508 509 511 513 514 515 516 517 518 519 520
Print [key0:key1]: *** lower bound 66
*** upper bound 224
 66 67 68 69 70 71 72 73 75 76 77 79 80 81 84 86 87 88 89 91 93 99 100 101 102 103 104 105 110 111 114 116 117 118 119 120 121 122 123 124 127 129 130 131 133 135 136 138 140 141 142 143 144 145 146 149 152 153 154 155 157 158 159 160 161 163 164 165 166 167 168 169 170 171 172 173 174 175 177 178 180 181 182 183 184 186 187 188 189 190 191 193 194 195 196 199 200 201 202 204 205 206 207 208 209 211 212 213 214 215 217 218 219 220 221 222 223
Print [key0:key1]: *** lower bound 165
*** upper bound 542
 165 166 167 168 169 170 171 172 173 174 175 177 178 180 181 182 183 184 186 187 188 189 190 191 193 194 195 196 199 200 201 202 204 205 206 207 208 209 211 212 213 214 215 217 218 219 220 221 222 223 224 225 226 227 228 229 230 231 232 233 234 235 236 238 239 240 242 243 244 245 246 247 248 249 250 251 252 253 255 256 257 258 259 261 262 264 265 267 268 270 272 274 275 276 277 279 280 281 282 283 284 286 287 288 289 290 291 293 294 295 297 298 300 301 302 303 304 305 307 308 309 310 311 312 313 314 315 316 317 319 320 322 324 325 326 327 328 329 330 331 332 334 335 337 338 339 340 341 342 343 344 348 350 351 352 355 356 357 359 361 362 365 366 369 370 371 373 374 375 378 379 380 381 382 383 384 385 386 387 389 390 392 393 394 395 396 397 398 399 404 405 406 407 408 409 410 412 414 416 417 418 420 421 424 427 429 430 432 433 434 437 438 439 442 443 446 448 450 451 453 454 455 456 457 458 461 464 465 467 468 470 471 472 473 474 475 477 478 479 480 481 482 484 485 487 491 492 493 494 495 496 498 499 500 501 502 504 505 506 507 508 509 511 513 514 515 516 517 518 519 520 522 523 524 525 526 527 528 530 532 533 534 535 536 537 539 540
Print [key0:key1]: Print [key0:key1]: *** lower bound 225
*** upper bound 369
 225 226 227 228 229 230 231 232 233 234 235 236 238 239 240 242 243 244 245 246 247 248 249 250 251 252 253 255 256 257 258 259 261 262 264 265 267 268 270 272 274 275 276 277 279 280 281 282 283 284 286 287 288 289 290 291 293 294 295 297 298 300 301 302 303 304 305 307 308 309 310 311 312 313 314 315 316 317 319 320 322 324 325 326 327 328 329 330 331 332 334 335 337 338 339 340 341 342 343 344 348 350 351 352 355 356 357 359 361 362 365 366
Print [key0:key1]: *** lower bound 52
*** upper bound 149
 52 53 56 57 59 60 61 62 63 64 65 66 67 68 69 70 71 72 73 75 76 77 79 80 81 84 86 87 88 89 91 93 99 100 101 102 103 104 105 110 111 114 116 117 118 119 120 121 122 123 124 127 129 130 131 133 135 136 138 140 141 142 143 144 145 146
Print [key0:key1]: *** lower bound 152
*** upper bound 456
 152 153 154 155 157 158 159 160 161 163 164 165 166 167 168 169 170 171 172 173 174 175 177 178 180 181 182 183 184 186 187 188 189 190 191 193 194 195 196 199 200 201 202 204 205 206 207 208 209 211 212 213 214 215 217 218 219 220 221 222 223 224 225 226 227 228 229 230 231 232 233 234 235 236 238 239 240 242 243 244 245 246 247 248 249 250 251 252 253 255 256 257 258 259 261 262 264 265 267 268 270 272 274 275 276 277 279 280 281 282 283 284 286 287 288 289 290 291 293 294 295 297 298 300 301 302 303 304 305 307 308 309 310 311 312 313 314 315 316 317 319 320 322 324 325 326 327 328 329 330 331 332 334 335 337 338 339 340 341 342 343 344 348 350 351 352 355 356 357 359 361 362 365 366 369 370 371 373 374 375 378 379 380 381 382 383 384 385 386 387 389 390 392 393 394 395 396 397 398 399 404 405 406 407 408 409 410 412 414 416 417 418 420 421 424 427 429 430 432 433 434 437 438 439 442 443 446 448 450 451 453 454 455
Print [key0:key1]: *** lower bound 75
*** upper bound 93
 75 76 77 79 80 81 84 86 87 88 89 91
Print [key0:key1]: Print [key0:key1]: Print [key0:key1]: *** lower bound 199
*** upper bound 272
 199 200 201 202 204 205 206 207 208 209 211 212 213 214 215 217 218 219 220 221 222 223 224 225 226 227 228 229 230 231 232 233 234 235 236 238 239 240 242 243 244 245 246 247 248 249 250 251 252 253 255 256 257 258 259 261 262 264 265 267 268 270
Print [key0:key1]: *** lower bound 21
*** upper bound 194
 21 22 23 25 26 27 28 29 30 32 33 35 37 39 42 43 44 45 46 47 48 49 50 52 53 56 57 59 60 61 62 63 64 65 66 67 68 69 70 71 72 73 75 76 77 79 80 81 84 86 87 88 89 91 93 99 100 101 102 103 104 105 110 111 114 116 117 118 119 120 121 122 123 124 127 129 130 131 133 135 136 138 140 141 142 143 144 145 146 149 152 153 154 155 157 158 159 160 161 163 164 165 166 167 168 169 170 171 172 173 174 175 177 178 180 181 182 183 184 186 187 188 189 190 191 193
Print [key0:key1]: *** lower bound 194
*** upper bound 207
 194 195 196 199 200 201 202 204 205 206
Print [key0:key1]: Print [key0:key1]: *** lower bound 1
*** upper bound 405
 1 2 3 5 6 7 8 9 10 12 13 14 15 16 17 21 22 23 25 26 27 28 29 30 32 33 35 37 39 42 43 44 45 46 47 48 49 50 52 53 56 57 59 60 61 62 63 64 65 66 67 68 69 70 71 72 73 75 76 77 79 80 81 84 86 87 88 89 91 93 99 100 101 102 103 104 105 110 111 114 116 117 118 119 120 121 122 123 124 127 129 130 131 133 135 136 138 140 141 142 143 144 145 146 149 152 153 154 155 157 158 159 160 161 163 164 165 166 167 168 169 170 171 172 173 174 175 177 178 180 181 182 183 184 186 187 188 189 190 191 193 194 195 196 199 200 201 202 204 205 206 207 208 209 211 212 213 214 215 217 218 219 220 221 222 223 224 225 226 227 228 229 230 231 232 233 234 235 236 238 239 240 242 243 244 245 246 247 248 249 250 251 252 253 255 256 257 258 259 261 262 264 265 267 268 270 272 274 275 276 277 279 280 281 282 283 284 286 287 288 289 290 291 293 294 295 297 298 300 301 302 303 304 305 307 308 309 310 311 312 313 314 315 316 317 319 320 322 324 325 326 327 328 329 330 331 332 334 335 337 338 339 340 341 342 343 344 348 350 351 352 355 356 357 359 361 362 365 366 369 370 371 373 374 375 378 379 380 381 382 383 384 385 386 387 389 390 392 393 394 395 396 397 398 399 404
Print [key0:key1]: *** lower bound 297
*** upper bound 309
 297 298 300 301 302 303 304 305 307 308
Print [key0:key1]: Print [key0:key1]: Print [key0:key1]: *** lower bound 32
*** upper bound 540
 32 33 35 37 39 42 43 44 45 46 47 48 49 50 52 53 56 57 59 60 61 62 63 64 65 66 67 68 69 70 71 72 73 75 76 77 79 80 81 84 86 87 88 89 91 93 99 100 101 102 103 104 105 110 111 114 116 117 118 119 120 121 122 123 124 127 129 130 131 133 135 136 138 140 141 142 143 144 145 146 149 152 153 154 155 157 158 159 160 161 163 164 165 166 167 168 169 170 171 172 173 174 175 177 178 180 181 182 183 184 186 187 188 189 190 191 193 194 195 196 199 200 201 202 204 205 206 207 208 209 211 212 213 214 215 217 218 219 220 221 222 223 224 225 226 227 228 229 230 231 232 233 234 235 236 238 239 240 242 243 244 245 246 247 248 249 250 251 252 253 255 256 257 258 259 261 262 264 265 267 268 270 272 274 275 276 277 279 280 281 282 283 284 286 287 288 289 290 291 293 294 295 297 298 300 301 302 303 304 305 307 308 309 310 311 312 313 314 315 316 317 319 320 322 324 325 326 327 328 329 330 331 332 334 335 337 338 339 340 341 342 343 344 348 350 351 352 355 356 357 359 361 362 365 366 369 370 371 373 374 375 378 379 380 381 382 383 384 385 386 387 389 390 392 393 394 395 396 397 398 399 404 405 406 407 408 409 410 412 414 416 417 418 420 421 424 427 429 430 432 433 434 437 438 439 442 443 446 448 450 451 453 454 455 456 457 458 461 464 465 467 468 470 471 472 473 474 475 477 478 479 480 481 482 484 485 487 491 492 493 494 495 496 498 499 500 501 502 504 505 506 507 508 509 511 513 514 515 516 517 518 519 520 522 523 524 525 526 527 528 530 532 533 534 535 536 537 539
Print [key0:key1]: Print [key0:key1]: *** lower bound 239
*** upper bound 328
 239 240 242 243 244 245 246 247 248 249 250 251 252 253 255 256 257 258 259 261 262 264 265 267 268 270 272 274 275 276 277 279 280 281 282 283 284 286 287 288 289 290 291 293 294 295 297 298 300 301 302 303 304 305 307 308 309 310 311 312 313 314 315 316 317 319 320 322 324 325 326 327
Print [key0:key1]: *** lower bound 64
*** upper bound 304
 64 65 66 67 68 69 70 71 72 73 75 76 77 79 80 81 84 86 87 88 89 91 93 99 100 101 102 103 104 105 110 111 114 116 117 118 119 120 121 122 123 124 127 129 130 131 133 135 136 138 140 141 142 143 144 145 146 149 152 153 154 155 157 158 159 160 161 163 164 165 166 167 168 169 170 171 172 173 174 175 177 178 180 181 182 183 184 186 187 188 189 190 191 193 194 195 196 199 200 201 202 204 205 206 207 208 209 211 212 213 214 215 217 218 219 220 221 222 223 224 225 226 227 228 229 230 231 232 233 234 235 236 238 239 240 242 243 244 245 246 247 248 249 250 251 252 253 255 256 257 258 259 261 262 264 265 267 268 270 272 274 275 276 277 279 280 281 282 283 284 286 287 288 289 290 291 293 294 295 297 298 300 301 302 303
Print [key0:key1]: *** lower bound 129
*** upper bound 231
 129 130 131 133 135 136 138 140 141 142 143 144 145 146 149 152 153 154 155 157 158 159 160 161 163 164 165 166 167 168 169 170 171 172 173 174 175 177 178 180 181 182 183 184 186 187 188 189 190 191 193 194 195 196 199 200 201 202 204 205 206 207 208 209 211 212 213 214 215 217 218 219 220 221 222 223 224 225 226 227 228 229 230
Print [key0:key1]: Print [key0:key1]: *** lower bound 1
*** upper bound 361
 1 2 3 5 6 7 8 9 10 12 13 14 15 16 17 21 22 23 25 26 27 28 29 30 32 33 35 37 39 42 43 44 45 46 47 48 49 50 52 53 56 57 59 60 61 62 63 64 65 66 67 68 69 70 71 72 73 75 76 77 79 80 81 84 86 87 88 89 91 93 99 100 101 102 103 104 105 110 111 114 116 117 118 119 120 121 122 123 124 127 129 130 131 133 135 136 138 140 141 142 143 144 145 146 149 152 153 154 155 157 158 159 160 161 163 164 165 166 167 168 169 170 171 172 173 174 175 177 178 180 181 182 183 184 186 187 188 189 190 191 193 194 195 196 199 200 201 202 204 205 206 207 208 209 211 212 213 214 215 217 218 219 220 221 222 223 224 225 226 227 228 229 230 231 232 233 234 235 236 238 239 240 242 243 244 245 246 247 248 249 250 251 252 253 255 256 257 258 259 261 262 264 265 267 268 270 272 274 275 276 277 279 280 281 282 283 284 286 287 288 289 290 291 293 294 295 297 298 300 301 302 303 304 305 307 308 309 310 311 312 313 314 315 316 317 319 320 322 324 325 326 327 328 329 330 331 332 334 335 337 338 339 340 341 342 343 344 348 350 351 352 355 356 357 359
Print [key0:key1]: Print [key0:key1]: *** lower bound 56
*** upper bound 211
 56 57 59 60 61 62 63 64 65 66 67 68 69 70 71 72 73 75 76 77 79 80 81 84 86 87 88 89 91 93 99 100 101 102 103 104 105 110 111 114 116 117 118 119 120 121 122 123 124 127 129 130 131 133 135 136 138 140 141 142 143 144 145 146 149 152 153 154 155 157 158 159 160 161 163 164 165 166 167 168 169 170 171 172 173 174 175 177 178 180 181 182 183 184 186 187 188 189 190 191 193 194 195 196 199 200 201 202 204 205 206 207 208 209
Print [key0:key1]: *** lower bound 399
*** upper bound 495
 399 404 405 406 407 408 409 410 412 414 416 417 418 420 421 424 427 429 430 432 433 434 437 438 439 442 443 446 448 450 451 453 454 455 456 457 458 461 464 465 467 468 470 471 472 473 474 475 477 478 479 480 481 482 484 485 487 491 492 493 494
Print [key0:key1]: Print [key0:key1]: *** lower bound 264
*** upper bound 429
 264 265 267 268 270 272 274 275 276 277 279 280 281 282 283 284 286 287 288 289 290 291 293 294 295 297 298 300 301 302 303 304 305 307 308 309 310 311 312 313 314 315 316 317 319 320 322 324 325 326 327 328 329 330 331 332 334 335 337 338 339 340 341 342 343 344 348 350 351 352 355 356 357 359 361 362 365 366 369 370 371 373 374 375 378 379 380 381 382 383 384 385 386 387 389 390 392 393 394 395 396 397 398 399 404 405 406 407 408 409 410 412 414 416 417 418 420 421 424 427
Print [key0:key1]: *** lower bound 2
*** upper bound 365
 2 3 5 6 7 8 9 10 12 13 14 15 16 17 21 22 23 25 26 27 28 29 30 32 33 35 37 39 42 43 44 45 46 47 48 49 50 52 53 56 57 59 60 61 62 63 64 65 66 67 68 69 70 71 72 73 75 76 77 79 80 81 84 86 87 88 89 91 93 99 100 101 102 103 104 105 110 111 114 116 117 118 119 120 121 122 123 124 127 129 130 131 133 135 136 138 140 141 142 143 144 145 146 149 152 153 154 155 157 158 159 160 161 163 164 165 166 167 168 169 170 171 172 173 174 175 177 178 180 181 182 183 184 186 187 188 189 190 191 193 194 195 196 199 200 201 202 204 205 206 207 208 209 211 212 213 214 215 217 218 219 220 221 222 223 224 225 226 227 228 229 230 231 232 233 234 235 236 238 239 240 242 243 244 245 246 247 248 249 250 251 252 253 255 256 257 258 259 261 262 264 265 267 268 270 272 274 275 276 277 279 280 281 282 283 284 286 287 288 289 290 291 293 294 295 297 298 300 301 302 303 304 305 307 308 309 310 311 312 313 314 315 316 317 319 320 322 324 325 326 327 328 329 330 331 332 334 335 337 338 339 340 341 342 343 344 348 350 351 352 355 356 357 359 361 362
Print [key0:key1]: Print [key0:key1]: *** lower bound 110
*** upper bound 418
 110 111 114 116 117 118 119 120 121 122 123 124 127 129 130 131 133 135 136 138 140 141 142 143 144 145 146 149 152 153 154 155 157 158 159 160 161 163 164 165 166 167 168 169 170 171 172 173 174 175 177 178 180 181 182 183 184 186 187 188 189 190 191 193 194 195 196 199 200 201 202 204 205 206 207 208 209 211 212 213 214 215 217 218 219 220 221 222 223 224 225 226 227 228 229 230 231 232 233 234 235 236 238 239 240 242 243 244 245 246 247 248 249 250 251 252 253 255 256 257 258 259 261 262 264 265 267 268 270 272 274 275 276 277 279 280 281 282 283 284 286 287 288 289 290 291 293 294 295 297 298 300 301 302 303 304 305 307 308 309 310 311 312 313 314 315 316 317 319 320 322 324 325 326 327 328 329 330 331 332 334 335 337 338 339 340 341 342 343 344 348 350 351 352 355 356 357 359 361 362 365 366 369 370 371 373 374 375 378 379 380 381 382 383 384 385 386 387 389 390 392 393 394 395 396 397 398 399 404 405 406 407 408 409 410 412 414 416 417
Print [key0:key1]: Print [key0:key1]: *** lower bound 5
*** upper bound 168
 5 6 7 8 9 10 12 13 14 15 16 17 21 22 23 25 26 27 28 29 30 32 33 35 37 39 42 43 44 45 46 47 48 49 50 52 53 56 57 59 60 61 62 63 64 65 66 67 68 69 70 71 72 73 75 76 77 79 80 81 84 86 87 88 89 91 93 99 100 101 102 103 104 105 110 111 114 116 117 118 119 120 121 122 123 124 127 129 130 131 133 135 136 138 140 141 142 143 144 145 146 149 152 153 154 155 157 158 159 160 161 163 164 165 166 167
Print [key0:key1]: Print [key0:key1]: Print [key0:key1]: *** lower bound 385
*** upper bound 424
 385 386 387 389 390 392 393 394 395 396 397 398 399 404 405 406 407 408 409 410 412 414 416 417 418 420 421
Print [key0:key1]: Print [key0:key1]: Print [key0:key1]: *** lower bound 53
*** upper bound 158
 53 56 57 59 60 61 62 63 64 65 66 67 68 69 70 71 72 73 75 76 77 79 80 81 84 86 87 88 89 91 93 99 100 101 102 103 104 105 110 111 114 116 117 118 119 120 121 122 123 124 127 129 130 131 133 135 136 138 140 141 142 143 144 145 146 149 152 153 154 155 157
Print [key0:key1]: *** lower bound 63
*** upper bound 464
 63 64 65 66 67 68 69 70 71 72 73 75 76 77 79 80 81 84 86 87 88 89 91 93 99 100 101 102 103 104 105 110 111 114 116 117 118 119 120 121 122 123 124 127 129 130 131 133 135 136 138 140 141 142 143 144 145 146 149 152 153 154 155 157 158 159 160 161 163 164 165 166 167 168 169 170 171 172 173 174 175 177 178 180 181 182 183 184 186 187 188 189 190 191 193 194 195 196 199 200 201 202 204 205 206 207 208 209 211 212 213 214 215 217 218 219 220 221 222 223 224 225 226 227 228 229 230 231 232 233 234 235 236 238 239 240 242 243 244 245 246 247 248 249 250 251 252 253 255 256 257 258 259 261 262 264 265 267 268 270 272 274 275 276 277 279 280 281 282 283 284 286 287 288 289 290 291 293 294 295 297 298 300 301 302 303 304 305 307 308 309 310 311 312 313 314 315 316 317 319 320 322 324 325 326 327 328 329 330 331 332 334 335 337 338 339 340 341 342 343 344 348 350 351 352 355 356 357 359 361 362 365 366 369 370 371 373 374 375 378 379 380 381 382 383 384 385 386 387 389 390 392 393 394 395 396 397 398 399 404 405 406 407 408 409 410 412 414 416 417 418 420 421 424 427 429 430 432 433 434 437 438 439 442 443 446 448 450 451 453 454 455 456 457 458 461
Print [key0:key1]: Print [key0:key1]: *** lower bound 16
*** upper bound 409
 16 17 21 22 23 25 26 27 28 29 30 32 33 35 37 39 42 43 44 45 46 47 48 49 50 52 53 56 57 59 60 61 62 63 64 65 66 67 68 69 70 71 72 73 75 76 77 79 80 81 84 86 87 88 89 91 93 99 100 101 102 103 104 105 110 111 114 116 117 118 119 120 121 122 123 124 127 129 130 131 133 135 136 138 140 141 142 143 144 145 146 149 152 153 154 155 157 158 159 160 161 163 164 165 166 167 168 169 170 171 172 173 174 175 177 178 180 181 182 183 184 186 187 188 189 190 191 193 194 195 196 199 200 201 202 204 205 206 207 208 209 211 212 213 214 215 217 218 219 220 221 222 223 224 225 226 227 228 229 230 231 232 233 234 235 236 238 239 240 242 243 244 245 246 247 248 249 250 251 252 253 255 256 257 258 259 261 262 264 265 267 268 270 272 274 275 276 277 279 280 281 282 283 284 286 287 288 289 290 291 293 294 295 297 298 300 301 302 303 304 305 307 308 309 310 311 312 313 314 315 316 317 319 320 322 324 325 326 327 328 329 330 331 332 334 335 337 338 339 340 341 342 343 344 348 350 351 352 355 356 357 359 361 362 365 366 369 370 371 373 374 375 378 379 380 381 382 383 384 385 386 387 389 390 392 393 394 395 396 397 398 399 404 405 406 407 408
Print [key0:key1]: *** lower bound 1
*** upper bound 274
 1 2 3 5 6 7 8 9 10 12 13 14 15 16 17 21 22 23 25 26 27 28 29 30 32 33 35 37 39 42 43 44 45 46 47 48 49 50 52 53 56 57 59 60 61 62 63 64 65 66 67 68 69 70 71 72 73 75 76 77 79 80 81 84 86 87 88 89 91 93 99 100 101 102 103 104 105 110 111 114 116 117 118 119 120 121 122 123 124 127 129 130 131 133 135 136 138 140 141 142 143 144 145 146 149 152 153 154 155 157 158 159 160 161 163 164 165 166 167 168 169 170 171 172 173 174 175 177 178 180 181 182 183 184 186 187 188 189 190 191 193 194 195 196 199 200 201 202 204 205 206 207 208 209 211 212 213 214 215 217 218 219 220 221 222 223 224 225 226 227 228 229 230 231 232 233 234 235 236 238 239 240 242 243 244 245 246 247 248 249 250 251 252 253 255 256 257 258 259 261 262 264 265 267 268 270 272
Print [key0:key1]: Print [key0:key1]: *** lower bound 62
*** upper bound 220
 62 63 64 65 66 67 68 69 70 71 72 73 75 76 77 79 80 81 84 86 87 88 89 91 93 99 100 101 102 103 104 105 110 111 114 116 117 118 119 120 121 122 123 124 127 129 130 131 133 135 136 138 140 141 142 143 144 145 146 149 152 153 154 155 157 158 159 160 161 163 164 165 166 167 168 169 170 171 172 173 174 175 177 178 180 181 182 183 184 186 187 188 189 190 191 193 194 195 196 199 200 201 202 204 205 206 207 208 209 211 212 213 214 215 217 218 219
Print [key0:key1]: *** lower bound 242
*** upper bound 383
 242 243 244 245 246 247 248 249 250 251 252 253 255 256 257 258 259 261 262 264 265 267 268 270 272 274 275 276 277 279 280 281 282 283 284 286 287 288 289 290 291 293 294 295 297 298 300 301 302 303 304 305 307 308 309 310 311 312 313 314 315 316 317 319 320 322 324 325 326 327 328 329 330 331 332 334 335 337 338 339 340 341 342 343 344 348 350 351 352 355 356 357 359 361 362 365 366 369 370 371 373 374 375 378 379 380 381 382
Print [key0:key1]: Print [key0:key1]: Print [key0:key1]: Print [key0:key1]: *** lower bound 378
*** upper bound 515
 378 379 380 381 382 383 384 385 386 387 389 390 392 393 394 395 396 397 398 399 404 405 406 407 408 409 410 412 414 416 417 418 420 421 424 427 429 430 432 433 434 437 438 439 442 443 446 448 450 451 453 454 455 456 457 458 461 464 465 467 468 470 471 472 473 474 475 477 478 479 480 481 482 484 485 487 491 492 493 494 495 496 498 499 500 501 502 504 505 506 507 508 509 511 513 514
Print [key0:key1]: *** lower bound 93
*** upper bound 121
 93 99 100 101 102 103 104 105 110 111 114 116 117 118 119 120
Print [key0:key1]: Print [key0:key1]: *** lower bound 206
*** upper bound 484
 206 207 208 209 211 212 213 214 215 217 218 219 220 221 222 223 224 225 226 227 228 229 230 231 232 233 234 235 236 238 239 240 242 243 244 245 246 247 248 249 250 251 252 253 255 256 257 258 259 261 262 264 265 267 268 270 272 274 275 276 277 279 280 281 282 283 284 286 287 288 289 290 291 293 294 295 297 298 300 301 302 303 304 305 307 308 309 310 311 312 313 314 315 316 317 319 320 322 324 325 326 327 328 329 330 331 332 334 335 337 338 339 340 341 342 343 344 348 350 351 352 355 356 357 359 361 362 365 366 369 370 371 373 374 375 378 379 380 381 382 383 384 385 386 387 389 390 392 393 394 395 396 397 398 399 404 405 406 407 408 409 410 412 414 416 417 418 420 421 424 427 429 430 432 433 434 437 438 439 442 443 446 448 450 451 453 454 455 456 457 458 461 464 465 467 468 470 471 472 473 474 475 477 478 479 480 481 482
Print [key0:key1]: Print [key0:key1]: *** lower bound 44
*** upper bound 99
 44 45 46 47 48 49 50 52 53 56 57 59 60 61 62 63 64 65 66 67 68 69 70 71 72 73 75 76 77 79 80 81 84 86 87 88 89 91 93
Print [key0:key1]: Print [key0:key1]: *** lower bound 215
*** upper bound 556
 215 217 218 219 220 221 222 223 224 225 226 227 228 229 230 231 232 233 234 235 236 238 239 240 242 243 244 245 246 247 248 249 250 251 252 253 255 256 257 258 259 261 262 264 265 267 268 270 272 274 275 276 277 279 280 281 282 283 284 286 287 288 289 290 291 293 294 295 297 298 300 301 302 303 304 305 307 308 309 310 311 312 313 314 315 316 317 319 320 322 324 325 326 327 328 329 330 331 332 334 335 337 338 339 340 341 342 343 344 348 350 351 352 355 356 357 359 361 362 365 366 369 370 371 373 374 375 378 379 380 381 382 383 384 385 386 387 389 390 392 393 394 395 396 397 398 399 404 405 406 407 408 409 410 412 414 416 417 418 420 421 424 427 429 430 432 433 434 437 438 439 442 443 446 448 450 451 453 454 455 456 457 458 461 464 465 467 468 470 471 472 473 474 475 477 478 479 480 481 482 484 485 487 491 492 493 494 495 496 498 499 500 501 502 504 505 506 507 508 509 511 513 514 515 516 517 518 519 520 522 523 524 525 526 527 528 530 532 533 534 535 536 537 539 540 542 543 545 546 547 548 549 550 551 552 554 555
Print [key0:key1]: Print [key0:key1]: *** lower bound 350
*** upper bound 532
 350 351 352 355 356 357 359 361 362 365 366 369 370 371 373 374 375 378 379 380 381 382 383 384 385 386 387 389 390 392 393 394 395 396 397 398 399 404 405 406 407 408 409 410 412 414 416 417 418 420 421 424 427 429 430 432 433 434 437 438 439 442 443 446 448 450 451 453 454 455 456 457 458 461 464 465 467 468 470 471 472 473 474 475 477 478 479 480 481 482 484 485 487 491 492 493 494 495 496 498 499 500 501 502 504 505 506 507 508 509 511 513 514 515 516 517 518 519 520 522 523 524 525 526 527 528 530
Print [key0:key1]: Print [key0:key1]: Print [key0:key1]: *** lower bound 10
*** upper bound 103
 10 12 13 14 15 16 17 21 22 23 25 26 27 28 29 30 32 33 35 37 39 42 43 44 45 46 47 48 49 50 52 53 56 57 59 60 61 62 63 64 65 66 67 68 69 70 71 72 73 75 76 77 79 80 81 84 86 87 88 89 91 93 99 100 101 102
Print [key0:key1]: Print [key0:key1]: Print [key0:key1]: *** lower bound 28
*** upper bound 140
 28 29 30 32 33 35 37 39 42 43 44 45 46 47 48 49 50 52 53 56 57 59 60 61 62 63 64 65 66 67 68 69 70 71 72 73 75 76 77 79 80 81 84 86 87 88 89 91 93 99 100 101 102 103 104 105 110 111 114 116 117 118 119 120 121 122 123 124 127 129 130 131 133 135 136 138
Print [key0:key1]: Print [key0:key1]: Print [key0:key1]: Print [key0:key1]: *** lower bound 144
*** upper bound 243
 144 145 146 149 152 153 154 155 157 158 159 160 161 163 164 165 166 167 168 169 170 171 172 173 174 175 177 178 180 181 182 183 184 186 187 188 189 190 191 193 194 195 196 199 200 201 202 204 205 206 207 208 209 211 212 213 214 215 217 218 219 220 221 222 223 224 225 226 227 228 229 230 231 232 233 234 235 236 238 239 240 242
Print [key0:key1]: *** lower bound 121
*** upper bound 264
 121 122 123 124 127 129 130 131 133 135 136 138 140 141 142 143 144 145 146 149 152 153 154 155 157 158 159 160 161 163 164 165 166 167 168 169 170 171 172 173 174 175 177 178 180 181 182 183 184 186 187 188 189 190 191 193 194 195 196 199 200 201 202 204 205 206 207 208 209 211 212 213 214 215 217 218 219 220 221 222 223 224 225 226 227 228 229 230 231 232 233 234 235 236 238 239 240 242 243 244 245 246 247 248 249 250 251 252 253 255 256 257 258 259 261 262
Print [key0:key1]: *** lower bound 99
*** upper bound 118
 99 100 101 102 103 104 105 110 111 114 116 117
Print [key0:key1]: *** lower bound 193
*** upper bound 251
 193 194 195 196 199 200 201 202 204 205 206 207 208 209 211 212 213 214 215 217 218 219 220 221 222 223 224 225 226 227 228 229 230 231 232 233 234 235 236 238 239 240 242 243 244 245 246 247 248 249 250
Print [key0:key1]: *** lower bound 335
*** upper bound 412
 335 337 338 339 340 341 342 343 344 348 350 351 352 355 356 357 359 361 362 365 366 369 370 371 373 374 375 378 379 380 381 382 383 384 385 386 387 389 390 392 393 394 395 396 397 398 399 404 405 406 407 408 409 410
Print [key0:key1]: *** lower bound 194
*** upper bound 433
 194 195 196 199 200 201 202 204 205 206 207 208 209 211 212 213 214 215 217 218 219 220 221 222 223 224 225 226 227 228 229 230 231 232 233 234 235 236 238 239 240 242 243 244 245 246 247 248 249 250 251 252 253 255 256 257 258 259 261 262 264 265 267 268 270 272 274 275 276 277 279 280 281 282 283 284 286 287 288 289 290 291 293 294 295 297 298 300 301 302 303 304 305 307 308 309 310 311 312 313 314 315 316 317 319 320 322 324 325 326 327 328 329 330 331 332 334 335 337 338 339 340 341 342 343 344 348 350 351 352 355 356 357 359 361 362 365 366 369 370 371 373 374 375 378 379 380 381 382 383 384 385 386 387 389 390 392 393 394 395 396 397 398 399 404 405 406 407 408 409 410 412 414 416 417 418 420 421 424 427 429 430 432
Print [key0:key1]: Print [key0:key1]: *** lower bound 352
*** upper bound 369
 352 355 356 357 359 361 362 365 366
Print [key0:key1]: *** lower bound 138
*** upper bound 268
 138 140 141 142 143 144 145 146 149 152 153 154 155 157 158 159 160 161 163 164 165 166 167 168 169 170 171 172 173 174 175 177 178 180 181 182 183 184 186 187 188 189 190 191 193 194 195 196 199 200 201 202 204 205 206 207 208 209 211 212 213 214 215 217 218 219 220 221 222 223 224 225 226 227 228 229 230 231 232 233 234 235 236 238 239 240 242 243 244 245 246 247 248 249 250 251 252 253 255 256 257 258 259 261 262 264 265 267
Print [key0:key1]: *** lower bound 49
*** upper bound 262
 49 50 52 53 56 57 59 60 61 62 63 64 65 66 67 68 69 70 71 72 73 75 76 77 79 80 81 84 86 87 88 89 91 93 99 100 101 102 103 104 105 110 111 114 116 117 118 119 120 121 122 123 124 127 129 130 131 133 135 136 138 140 141 142 143 144 145 146 149 152 153 154 155 157 158 159 160 161 163 164 165 166 167 168 169 170 171 172 173 174 175 177 178 180 181 182 183 184 186 187 188 189 190 191 193 194 195 196 199 200 201 202 204 205 206 207 208 209 211 212 213 214 215 217 218 219 220 221 222 223 224 225 226 227 228 229 230 231 232 233 234 235 236 238 239 240 242 243 244 245 246 247 248 249 250 251 252 253 255 256 257 258 259 261
Print [key0:key1]: *** lower bound 12
*** upper bound 181
 12 13 14 15 16 17 21 22 23 25 26 27 28 29 30 32 33 35 37 39 42 43 44 45 46 47 48 49 50 52 53 56 57 59 60 61 62 63 64 65 66 67 68 69 70 71 72 73 75 76 77 79 80 81 84 86 87 88 89 91 93 99 100 101 102 103 104 105 110 111 114 116 117 118 119 120 121 122 123 124 127 129 130 131 133 135 136 138 140 141 142 143 144 145 146 149 152 153 154 155 157 158 159 160 161 163 164 165 166 167 168 169 170 171 172 173 174 175 177 178 180
Print [key0:key1]: *** lower bound 218
*** upper bound 232
 218 219 220 221 222 223 224 225 226 227 228 229 230 231
Print [key0:key1]: Print [key0:key1]: *** lower bound 226
*** upper bound 335
 226 227 228 229 230 231 232 233 234 235 236 238 239 240 242 243 244 245 246 247 248 249 250 251 252 253 255 256 257 258 259 261 262 264 265 267 268 270 272 274 275 276 277 279 280 281 282 283 284 286 287 288 289 290 291 293 294 295 297 298 300 301 302 303 304 305 307 308 309 310 311 312 313 314 315 316 317 319 320 322 324 325 326 327 328 329 330 331 332 334
Print [key0:key1]: Print [key0:key1]: Print [key0:key1]: Print [key0:key1]: *** lower bound 72
*** upper bound 337
 72 73 75 76 77 79 80 81 84 86 87 88 89 91 93 99 100 101 102 103 104 105 110 111 114 116 117 118 119 120 121 122 123 124 127 129 130 131 133 135 136 138 140 141 142 143 144 145 146 149 152 153 154 155 157 158 159 160 161 163 164 165 166 167 168 169 170 171 172 173 174 175 177 178 180 181 182 183 184 186 187 188 189 190 191 193 194 195 196 199 200 201 202 204 205 206 207 208 209 211 212 213 214 215 217 218 219 220 221 222 223 224 225 226 227 228 229 230 231 232 233 234 235 236 238 239 240 242 243 244 245 246 247 248 249 250 251 252 253 255 256 257 258 259 261 262 264 265 267 268 270 272 274 275 276 277 279 280 281 282 283 284 286 287 288 289 290 291 293 294 295 297 298 300 301 302 303 304 305 307 308 309 310 311 312 313 314 315 316 317 319 320 322 324 325 326 327 328 329 330 331 332 334 335
Print [key0:key1]: *** lower bound 16
*** upper bound 408
 16 17 21 22 23 25 26 27 28 29 30 32 33 35 37 39 42 43 44 45 46 47 48 49 50 52 53 56 57 59 60 61 62 63 64 65 66 67 68 69 70 71 72 73 75 76 77 79 80 81 84 86 87 88 89 91 93 99 100 101 102 103 104 105 110 111 114 116 117 118 119 120 121 122 123 124 127 129 130 131 133 135 136 138 140 141 142 143 144 145 146 149 152 153 154 155 157 158 159 160 161 163 164 165 166 167 168 169 170 171 172 173 174 175 177 178 180 181 182 183 184 186 187 188 189 190 191 193 194 195 196 199 200 201 202 204 205 206 207 208 209 211 212 213 214 215 217 218 219 220 221 222 223 224 225 226 227 228 229 230 231 232 233 234 235 236 238 239 240 242 243 244 245 246 247 248 249 250 251 252 253 255 256 257 258 259 261 262 264 265 267 268 270 272 274 275 276 277 279 280 281 282 283 284 286 287 288 289 290 291 293 294 295 297 298 300 301 302 303 304 305 307 308 309 310 311 312 313 314 315 316 317 319 320 322 324 325 326 327 328 329 330 331 332 334 335 337 338 339 340 341 342 343 344 348 350 351 352 355 356 357 359 361 362 365 366 369 370 371 373 374 375 378 379 380 381 382 383 384 385 386 387 389 390 392 393 394 395 396 397 398 399 404 405 406 407
Print [key0:key1]: *** lower bound 182
*** upper bound 491
 182 183 184 186 187 188 189 190 191 193 194 195 196 199 200 201 202 204 205 206 207 208 209 211 212 213 214 215 217 218 219 220 221 222 223 224 225 226 227 228 229 230 231 232 233 234 235 236 238 239 240 242 243 244 245 246 247 248 249 250 251 252 253 255 256 257 258 259 261 262 264 265 267 268 270 272 274 275 276 277 279 280 281 282 283 284 286 287 288 289 290 291 293 294 295 297 298 300 301 302 303 304 305 307 308 309 310 311 312 313 314 315 316 317 319 320 322 324 325 326 327 328 329 330 331 332 334 335 337 338 339 340 341 342 343 344 348 350 351 352 355 356 357 359 361 362 365 366 369 370 371 373 374 375 378 379 380 381 382 383 384 385 386 387 389 390 392 393 394 395 396 397 398 399 404 405 406 407 408 409 410 412 414 416 417 418 420 421 424 427 429 430 432 433 434 437 438 439 442 443 446 448 450 451 453 454 455 456 457 458 461 464 465 467 468 470 471 472 473 474 475 477 478 479 480 481 482 484 485 487
Print [key0:key1]: *** lower bound 232
*** upper bound 420
 232 233 234 235 236 238 239 240 242 243 244 245 246 247 248 249 250 251 252 253 255 256 257 258 259 261 262 264 265 267 268 270 272 274 275 276 277 279 280 281 282 283 284 286 287 288 289 290 291 293 294 295 297 298 300 301 302 303 304 305 307 308 309 310 311 312 313 314 315 316 317 319 320 322 324 325 326 327 328 329 330 331 332 334 335 337 338 339 340 341 342 343 344 348 350 351 352 355 356 357 359 361 362 365 366 369 370 371 373 374 375 378 379 380 381 382 383 384 385 386 387 389 390 392 393 394 395 396 397 398 399 404 405 406 407 408 409 410 412 414 416 417 418
Print [key0:key1]: Print [key0:key1]: *** lower bound 56
*** upper bound 105
 56 57 59 60 61 62 63 64 65 66 67 68 69 70 71 72 73 75 76 77 79 80 81 84 86 87 88 89 91 93 99 100 101 102 103 104
Print [key0:key1]: Print [key0:key1]: Print [key0:key1]: Print [key0:key1]: Print [key0:key1]: Print [key0:key1]: Print [key0:key1]: Print [key0:key1]: Print [key0:key1]: *** lower bound 309
*** upper bound 348
 309 310 311 312 313 314 315 316 317 319 320 322 324 325 326 327 328 329 330 331 332 334 335 337 338 339 340 341 342 343 344
Print [key0:key1]: *** lower bound 80
*** upper bound 310
 80 81 84 86 87 88 89 91 93 99 100 101 102 103 104 105 110 111 114 116 117 118 119 120 121 122 123 124 127 129 130 131 133 135 136 138 140 141 142 143 144 145 146 149 152 153 154 155 157 158 159 160 161 163 164 165 166 167 168 169 170 171 172 173 174 175 177 178 180 181 182 183 184 186 187 188 189 190 191 193 194 195 196 199 200 201 202 204 205 206 207 208 209 211 212 213 214 215 217 218 219 220 221 222 223 224 225 226 227 228 229 230 231 232 233 234 235 236 238 239 240 242 243 244 245 246 247 248 249 250 251 252 253 255 256 257 258 259 261 262 264 265 267 268 270 272 274 275 276 277 279 280 281 282 283 284 286 287 288 289 290 291 293 294 295 297 298 300 301 302 303 304 305 307 308 309
Print [key0:key1]: Print [key0:key1]: Print [key0:key1]: *** lower bound 279
*** upper bound 424
 279 280 281 282 283 284 286 287 288 289 290 291 293 294 295 297 298 300 301 302 303 304 305 307 308 309 310 311 312 313 314 315 316 317 319 320 322 324 325 326 327 328 329 330 331 332 334 335 337 338 339 340 341 342 343 344 348 350 351 352 355 356 357 359 361 362 365 366 369 370 371 373 374 375 378 379 380 381 382 383 384 385 386 387 389 390 392 393 394 395 396 397 398 399 404 405 406 407 408 409 410 412 414 416 417 418 420 421
Print [key0:key1]: *** lower bound 43
*** upper bound 520
 43 44 45 46 47 48 49 50 52 53 56 57 59 60 61 62 63 64 65 66 67 68 69 70 71 72 73 75 76 77 79 80 81 84 86 87 88 89 91 93 99 100 101 102 103 104 105 110 111 114 116 117 118 119 120 121 122 123 124 127 129 130 131 133 135 136 138 140 141 142 143 144 145 146 149 152 153 154 155 157 158 159 160 161 163 164 165 166 167 168 169 170 171 172 173 174 175 177 178 180 181 182 183 184 186 187 188 189 190 191 193 194 195 196 199 200 201 202 204 205 206 207 208 209 211 212 213 214 215 217 218 219 220 221 222 223 224 225 226 227 228 229 230 231 232 233 234 235 236 238 239 240 242 243 244 245 246 247 248 249 250 251 252 253 255 256 257 258 259 261 262 264 265 267 268 270 272 274 275 276 277 279 280 281 282 283 284 286 287 288 289 290 291 293 294 295 297 298 300 301 302 303 304 305 307 308 309 310 311 312 313 314 315 316 317 319 320 322 324 325 326 327 328 329 330 331 332 334 335 337 338 339 340 341 342 343 344 348 350 351 352 355 356 357 359 361 362 365 366 369 370 371 373 374 375 378 379 380 381 382 383 384 385 386 387 389 390 392 393 394 395 396 397 398 399 404 405 406 407 408 409 410 412 414 416 417 418 420 421 424 427 429 430 432 433 434 437 438 439 442 443 446 448 450 451 453 454 455 456 457 458 461 464 465 467 468 470 471 472 473 474 475 477 478 479 480 481 482 484 485 487 491 492 493 494 495 496 498 499 500 501 502 504 505 506 507 508 509 511 513 514 515 516 517 518 519
Print [key0:key1]: *** lower bound 350
*** upper bound 549
 350 351 352 355 356 357 359 361 362 365 366 369 370 371 373 374 375 378 379 380 381 382 383 384 385 386 387 389 390 392 393 394 395 396 397 398 399 404 405 406 407 408 409 410 412 414 416 417 418 420 421 424 427 429 430 432 433 434 437 438 439 442 443 446 448 450 451 453 454 455 456 457 458 461 464 465 467 468 470 471 472 473 474 475 477 478 479 480 481 482 484 485 487 491 492 493 494 495 496 498 499 500 501 502 504 505 506 507 508 509 511 513 514 515 516 517 518 519 520 522 523 524 525 526 527 528 530 532 533 534 535 536 537 539 540 542 543 545 546 547 548
Print [key0:key1]: Print [key0:key1]: *** lower bound 404
*** upper bound 545
 404 405 406 407 408 409 410 412 414 416 417 418 420 421 424 427 429 430 432 433 434 437 438 439 442 443 446 448 450 451 453 454 455 456 457 458 461 464 465 467 468 470 471 472 473 474 475 477 478 479 480 481 482 484 485 487 491 492 493 494 495 496 498 499 500 501 502 504 505 506 507 508 509 511 513 514 515 516 517 518 519 520 522 523 524 525 526 527 528 530 532 533 534 535 536 537 539 540 542 543
Print [key0:key1]: Print [key0:key1]: *** lower bound 234
*** upper bound 281
 234 235 236 238 239 240 242 243 244 245 246 247 248 249 250 251 252 253 255 256 257 258 259 261 262 264 265 267 268 270 272 274 275 276 277 279 280
Print [key0:key1]: Print [key0:key1]: *** lower bound 473
*** upper bound 522
 473 474 475 477 478 479 480 481 482 484 485 487 491 492 493 494 495 496 498 499 500 501 502 504 505 506 507 508 509 511 513 514 515 516 517 518 519 520
Print [key0:key1]: Print [key0:key1]: *** lower bound 133
*** upper bound 201
 133 135 136 138 140 141 142 143 144 145 146 149 152 153 154 155 157 158 159 160 161 163 164 165 166 167 168 169 170 171 172 173 174 175 177 178 180 181 182 183 184 186 187 188 189 190 191 193 194 195 196 199 200
Print [key0:key1]: Print [key0:key1]: *** lower bound 84
*** upper bound 365
 84 86 87 88 89 91 93 99 100 101 102 103 104 105 110 111 114 116 117 118 119 120 121 122 123 124 127 129 130 131 133 135 136 138 140 141 142 143 144 145 146 149 152 153 154 155 157 158 159 160 161 163 164 165 166 167 168 169 170 171 172 173 174 175 177 178 180 181 182 183 184 186 187 188 189 190 191 193 194 195 196 199 200 201 202 204 205 206 207 208 209 211 212 213 214 215 217 218 219 220 221 222 223 224 225 226 227 228 229 230 231 232 233 234 235 236 238 239 240 242 243 244 245 246 247 248 249 250 251 252 253 255 256 257 258 259 261 262 264 265 267 268 270 272 274 275 276 277 279 280 281 282 283 284 286 287 288 289 290 291 293 294 295 297 298 300 301 302 303 304 305 307 308 309 310 311 312 313 314 315 316 317 319 320 322 324 325 326 327 328 329 330 331 332 334 335 337 338 339 340 341 342 343 344 348 350 351 352 355 356 357 359 361 362
Print [key0:key1]: *** lower bound 14
*** upper bound 59
 14 15 16 17 21 22 23 25 26 27 28 29 30 32 33 35 37 39 42 43 44 45 46 47 48 49 50 52 53 56 57
Print [key0:key1]: *** lower bound 265
*** upper bound 430
 265 267 268 270 272 274 275 276 277 279 280 281 282 283 284 286 287 288 289 290 291 293 294 295 297 298 300 301 302 303 304 305 307 308 309 310 311 312 313 314 315 316 317 319 320 322 324 325 326 327 328 329 330 331 332 334 335 337 338 339 340 341 342 343 344 348 350 351 352 355 356 357 359 361 362 365 366 369 370 371 373 374 375 378 379 380 381 382 383 384 385 386 387 389 390 392 393 394 395 396 397 398 399 404 405 406 407 408 409 410 412 414 416 417 418 420 421 424 427 429
Print [key0:key1]: *** lower bound 138
*** upper bound 334
 138 140 141 142 143 144 145 146 149 152 153 154 155 157 158 159 160 161 163 164 165 166 167 168 169 170 171 172 173 174 175 177 178 180 181 182 183 184 186 187 188 189 190 191 193 194 195 196 199 200 201 202 204 205 206 207 208 209 211 212 213 214 215 217 218 219 220 221 222 223 224 225 226 227 228 229 230 231 232 233 234 235 236 238 239 240 242 243 244 245 246 247 248 249 250 251 252 253 255 256 257 258 259 261 262 264 265 267 268 270 272 274 275 276 277 279 280 281 282 283 284 286 287 288 289 290 291 293 294 295 297 298 300 301 302 303 304 305 307 308 309 310 311 312 313 314 315 316 317 319 320 322 324 325 326 327 328 329 330 331 332
Print [key0:key1]: *** lower bound 25
*** upper bound 122
 25 26 27 28 29 30 32 33 35 37 39 42 43 44 45 46 47 48 49 50 52 53 56 57 59 60 61 62 63 64 65 66 67 68 69 70 71 72 73 75 76 77 79 80 81 84 86 87 88 89 91 93 99 100 101 102 103 104 105 110 111 114 116 117 118 119 120 121
Print [key0:key1]: Print [key0:key1]: *** lower bound 173
*** upper bound 464
 173 174 175 177 178 180 181 182 183 184 186 187 188 189 190 191 193 194 195 196 199 200 201 202 204 205 206 207 208 209 211 212 213 214 215 217 218 219 220 221 222 223 224 225 226 227 228 229 230 231 232 233 234 235 236 238 239 240 242 243 244 245 246 247 248 249 250 251 252 253 255 256 257 258 259 261 262 264 265 267 268 270 272 274 275 276 277 279 280 281 282 283 284 286 287 288 289 290 291 293 294 295 297 298 300 301 302 303 304 305 307 308 309 310 311 312 313 314 315 316 317 319 320 322 324 325 326 327 328 329 330 331 332 334 335 337 338 339 340 341 342 343 344 348 350 351 352 355 356 357 359 361 362 365 366 369 370 371 373 374 375 378 379 380 381 382 383 384 385 386 387 389 390 392 393 394 395 396 397 398 399 404 405 406 407 408 409 410 412 414 416 417 418 420 421 424 427 429 430 432 433 434 437 438 439 442 443 446 448 450 451 453 454 455 456 457 458 461
Print [key0:key1]: *** lower bound 10
*** upper bound 17
 10 12 13 14 15 16
Print [key0:key1]: *** lower bound 87
*** upper bound 91
 87 88 89
Print [key0:key1]: Print [key0:key1]: Print [key0:key1]: Print [key0:key1]: Print [key0:key1]: Print [key0:key1]: Print [key0:key1]: *** lower bound 149
*** upper bound 161
 149 152 153 154 155 157 158 159 160
Print [key0:key1]: *** lower bound 67
*** upper bound 205
 67 68 69 70 71 72 73 75 76 77 79 80 81 84 86 87 88 89 91 93 99 100 101 102 103 104 105 110 111 114 116 117 118 119 120 121 122 123 124 127 129 130 131 133 135 136 138 140 141 142 143 144 145 146 149 152 153 154 155 157 158 159 160 161 163 164 165 166 167 168 169 170 171 172 173 174 175 177 178 180 181 182 183 184 186 187 188 189 190 191 193 194 195 196 199 200 201 202 204
Print [key0:key1]: Print [key0:key1]: *** lower bound 350
*** upper bound 513
 350 351 352 355 356 357 359 361 362 365 366 369 370 371 373 374 375 378 379 380 381 382 383 384 385 386 387 389 390 392 393 394 395 396 397 398 399 404 405 406 407 408 409 410 412 414 416 417 418 420 421 424 427 429 430 432 433 434 437 438 439 442 443 446 448 450 451 453 454 455 456 457 458 461 464 465 467 468 470 471 472 473 474 475 477 478 479 480 481 482 484 485 487 491 492 493 494 495 496 498 499 500 501 502 504 505 506 507 508 509 511
Print [key0:key1]: *** lower bound 225
*** upper bound 270
 225 226 227 228 229 230 231 232 233 234 235 236 238 239 240 242 243 244 245 246 247 248 249 250 251 252 253 255 256 257 258 259 261 262 264 265 267 268
Print [key0:key1]: Print [key0:key1]: *** lower bound 293
*** upper bound 480
 293 294 295 297 298 300 301 302 303 304 305 307 308 309 310 311 312 313 314 315 316 317 319 320 322 324 325 326 327 328 329 330 331 332 334 335 337 338 339 340 341 342 343 344 348 350 351 352 355 356 357 359 361 362 365 366 369 370 371 373 374 375 378 379 380 381 382 383 384 385 386 387 389 390 392 393 394 395 396 397 398 399 404 405 406 407 408 409 410 412 414 416 417 418 420 421 424 427 429 430 432 433 434 437 438 439 442 443 446 448 450 451 453 454 455 456 457 458 461 464 465 467 468 470 471 472 473 474 475 477 478 479
Print [key0:key1]: *** lower bound 312
*** upper bound 443
 312 313 314 315 316 317 319 320 322 324 325 326 327 328 329 330 331 332 334 335 337 338 339 340 341 342 343 344 348 350 351 352 355 356 357 359 361 362 365 366 369 370 371 373 374 375 378 379 380 381 382 383 384 385 386 387 389 390 392 393 394 395 396 397 398 399 404 405 406 407 408 409 410 412 414 416 417 418 420 421 424 427 429 430 432 433 434 437 438 439 442
Print [key0:key1]: *** lower bound 189
*** upper bound 493
 189 190 191 193 194 195 196 199 200 201 202 204 205 206 207 208 209 211 212 213 214 215 217 218 219 220 221 222 223 224 225 226 227 228 229 230 231 232 233 234 235 236 238 239 240 242 243 244 245 246 247 248 249 250 251 252 253 255 256 257 258 259 261 262 264 265 267 268 270 272 274 275 276 277 279 280 281 282 283 284 286 287 288 289 290 291 293 294 295 297 298 300 301 302 303 304 305 307 308 309 310 311 312 313 314 315 316 317 319 320 322 324 325 326 327 328 329 330 331 332 334 335 337 338 339 340 341 342 343 344 348 350 351 352 355 356 357 359 361 362 365 366 369 370 371 373 374 375 378 379 380 381 382 383 384 385 386 387 389 390 392 393 394 395 396 397 398 399 404 405 406 407 408 409 410 412 414 416 417 418 420 421 424 427 429 430 432 433 434 437 438 439 442 443 446 448 450 451 453 454 455 456 457 458 461 464 465 467 468 470 471 472 473 474 475 477 478 479 480 481 482 484 485 487 491 492
Print [key0:key1]: Print [key0:key1]: Print [key0:key1]: *** lower bound 1
*** upper bound 412
 1 2 3 5 6 7 8 9 10 12 13 14 15 16 17 21 22 23 25 26 27 28 29 30 32 33 35 37 39 42 43 44 45 46 47 48 49 50 52 53 56 57 59 60 61 62 63 64 65 66 67 68 69 70 71 72 73 75 76 77 79 80 81 84 86 87 88 89 91 93 99 100 101 102 103 104 105 110 111 114 116 117 118 119 120 121 122 123 124 127 129 130 131 133 135 136 138 140 141 142 143 144 145 146 149 152 153 154 155 157 158 159 160 161 163 164 165 166 167 168 169 170 171 172 173 174 175 177 178 180 181 182 183 184 186 187 188 189 190 191 193 194 195 196 199 200 201 202 204 205 206 207 208 209 211 212 213 214 215 217 218 219 220 221 222 223 224 225 226 227 228 229 230 231 232 233 234 235 236 238 239 240 242 243 244 245 246 247 248 249 250 251 252 253 255 256 257 258 259 261 262 264 265 267 268 270 272 274 275 276 277 279 280 281 282 283 284 286 287 288 289 290 291 293 294 295 297 298 300 301 302 303 304 305 307 308 309 310 311 312 313 314 315 316 317 319 320 322 324 325 326 327 328 329 330 331 332 334 335 337 338 339 340 341 342 343 344 348 350 351 352 355 356 357 359 361 362 365 366 369 370 371 373 374 375 378 379 380 381 382 383 384 385 386 387 389 390 392 393 394 395 396 397 398 399 404 405 406 407 408 409 410
Print [key0:key1]: *** lower bound 42
*** upper bound 495
 42 43 44 45 46 47 48 49 50 52 53 56 57 59 60 61 62 63 64 65 66 67 68 69 70 71 72 73 75 76 77 79 80 81 84 86 87 88 89 91 93 99 100 101 102 103 104 105 110 111 114 116 117 118 119 120 121 122 123 124 127 129 130 131 133 135 136 138 140 141 142 143 144 145 146 149 152 153 154 155 157 158 159 160 161 163 164 165 166 167 168 169 170 171 172 173 174 175 177 178 180 181 182 183 184 186 187 188 189 190 191 193 194 195 196 199 200 201 202 204 205 206 207 208 209 211 212 213 214 215 217 218 219 220 221 222 223 224 225 226 227 228 229 230 231 232 233 234 235 236 238 239 240 242 243 244 245 246 247 248 249 250 251 252 253 255 256 257 258 259 261 262 264 265 267 268 270 272 274 275 276 277 279 280 281 282 283 284 286 287 288 289 290 291 293 294 295 297 298 300 301 302 303 304 305 307 308 309 310 311 312 313 314 315 316 317 319 320 322 324 325 326 327 328 329 330 331 332 334 335 337 338 339 340 341 342 343 344 348 350 351 352 355 356 357 359 361 362 365 366 369 370 371 373 374 375 378 379 380 381 382 383 384 385 386 387 389 390 392 393 394 395 396 397 398 399 404 405 406 407 408 409 410 412 414 416 417 418 420 421 424 427 429 430 432 433 434 437 438 439 442 443 446 448 450 451 453 454 455 456 457 458 461 464 465 467 468 470 471 472 473 474 475 477 478 479 480 481 482 484 485 487 491 492 493 494
Print [key0:key1]: *** lower bound 122
*** upper bound 500
 122 123 124 127 129 130 131 133 135 136 138 140 141 142 143 144 145 146 149 152 153 154 155 157 158 159 160 161 163 164 165 166 167 168 169 170 171 172 173 174 175 177 178 180 181 182 183 184 186 187 188 189 190 191 193 194 195 196 199 200 201 202 204 205 206 207 208 209 211 212 213 214 215 217 218 219 220 221 222 223 224 225 226 227 228 229 230 231 232 233 234 235 236 238 239 240 242 243 244 245 246 247 248 249 250 251 252 253 255 256 257 258 259 261 262 264 265 267 268 270 272 274 275 276 277 279 280 281 282 283 284 286 287 288 289 290 291 293 294 295 297 298 300 301 302 303 304 305 307 308 309 310 311 312 313 314 315 316 317 319 320 322 324 325 326 327 328 329 330 331 332 334 335 337 338 339 340 341 342 343 344 348 350 351 352 355 356 357 359 361 362 365 366 369 370 371 373 374 375 378 379 380 381 382 383 384 385 386 387 389 390 392 393 394 395 396 397 398 399 404 405 406 407 408 409 410 412 414 416 417 418 420 421 424 427 429 430 432 433 434 437 438 439 442 443 446 448 450 451 453 454 455 456 457 458 461 464 465 467 468 470 471 472 473 474 475 477 478 479 480 481 482 484 485 487 491 492 493 494 495 496 498 499
Print [key0:key1]: *** lower bound 86
*** upper bound 182
 86 87 88 89 91 93 99 100 101 102 103 104 105 110 111 114 116 117 118 119 120 121 122 123 124 127 129 130 131 133 135 136 138 140 141 142 143 144 145 146 149 152 153 154 155 157 158 159 160 161 163 164 165 166 167 168 169 170 171 172 173 174 175 177 178 180 181
Print [key0:key1]: Print [key0:key1]: *** lower bound 17
*** upper bound 275
 17 21 22 23 25 26 27 28 29 30 32 33 35 37 39 42 43 44 45 46 47 48 49 50 52 53 56 57 59 60 61 62 63 64 65 66 67 68 69 70 71 72 73 75 76 77 79 80 81 84 86 87 88 89 91 93 99 100 101 102 103 104 105 110 111 114 116 117 118 119 120 121 122 123 124 127 129 130 131 133 135 136 138 140 141 142 143 144 145 146 149 152 153 154 155 157 158 159 160 161 163 164 165 166 167 168 169 170 171 172 173 174 175 177 178 180 181 182 183 184 186 187 188 189 190 191 193 194 195 196 199 200 201 202 204 205 206 207 208 209 211 212 213 214 215 217 218 219 220 221 222 223 224 225 226 227 228 229 230 231 232 233 234 235 236 238 239 240 242 243 244 245 246 247 248 249 250 251 252 253 255 256 257 258 259 261 262 264 265 267 268 270 272 274
Print [key0:key1]: Print [key0:key1]: *** lower bound 265
*** upper bound 491
 265 267 268 270 272 274 275 276 277 279 280 281 282 283 284 286 287 288 289 290 291 293 294 295 297 298 300 301 302 303 304 305 307 308 309 310 311 312 313 314 315 316 317 319 320 322 324 325 326 327 328 329 330 331 332 334 335 337 338 339 340 341 342 343 344 348 350 351 352 355 356 357 359 361 362 365 366 369 370 371 373 374 375 378 379 380 381 382 383 384 385 386 387 389 390 392 393 394 395 396 397 398 399 404 405 406 407 408 409 410 412 414 416 417 418 420 421 424 427 429 430 432 433 434 437 438 439 442 443 446 448 450 451 453 454 455 456 457 458 461 464 465 467 468 470 471 472 473 474 475 477 478 479 480 481 482 484 485 487
Print [key0:key1]: *** lower bound 61
*** upper bound 73
 61 62 63 64 65 66 67 68 69 70 71 72
Print [key0:key1]: Print [key0:key1]: *** lower bound 9
*** upper bound 30
 9 10 12 13 14 15 16 17 21 22 23 25 26 27 28 29
Print [key0:key1]: Print [key0:key1]: *** lower bound 267
*** upper bound 468
 267 268 270 272 274 275 276 277 279 280 281 282 283 284 286 287 288 289 290 291 293 294 295 297 298 300 301 302 303 304 305 307 308 309 310 311 312 313 314 315 316 317 319 320 322 324 325 326 327 328 329 330 331 332 334 335 337 338 339 340 341 342 343 344 348 350 351 352 355 356 357 359 361 362 365 366 369 370 371 373 374 375 378 379 380 381 382 383 384 385 386 387 389 390 392 393 394 395 396 397 398 399 404 405 406 407 408 409 410 412 414 416 417 418 420 421 424 427 429 430 432 433 434 437 438 439 442 443 446 448 450 451 453 454 455 456 457 458 461 464 465 467
Print [key0:key1]: *** lower bound 116
*** upper bound 362
 116 117 118 119 120 121 122 123 124 127 129 130 131 133 135 136 138 140 141 142 143 144 145 146 149 152 153 154 155 157 158 159 160 161 163 164 165 166 167 168 169 170 171 172 173 174 175 177 178 180 181 182 183 184 186 187 188 189 190 191 193 194 195 196 199 200 201 202 204 205 206 207 208 209 211 212 213 214 215 217 218 219 220 221 222 223 224 225 226 227 228 229 230 231 232 233 234 235 236 238 239 240 242 243 244 245 246 247 248 249 250 251 252 253 255 256 257 258 259 261 262 264 265 267 268 270 272 274 275 276 277 279 280 281 282 283 284 286 287 288 289 290 291 293 294 295 297 298 300 301 302 303 304 305 307 308 309 310 311 312 313 314 315 316 317 319 320 322 324 325 326 327 328 329 330 331 332 334 335 337 338 339 340 341 342 343 344 348 350 351 352 355 356 357 359 361
Print [key0:key1]: Print [key0:key1]: *** lower bound 234
*** upper bound 334
 234 235 236 238 239 240 242 243 244 245 246 247 248 249 250 251 252 253 255 256 257 258 259 261 262 264 265 267 268 270 272 274 275 276 277 279 280 281 282 283 284 286 287 288 289 290 291 293 294 295 297 298 300 301 302 303 304 305 307 308 309 310 311 312 313 314 315 316 317 319 320 322 324 325 326 327 328 329 330 331 332
Print [key0:key1]: *** lower bound 255
*** upper bound 434
 255 256 257 258 259 261 262 264 265 267 268 270 272 274 275 276 277 279 280 281 282 283 284 286 287 288 289 290 291 293 294 295 297 298 300 301 302 303 304 305 307 308 309 310 311 312 313 314 315 316 317 319 320 322 324 325 326 327 328 329 330 331 332 334 335 337 338 339 340 341 342 343 344 348 350 351 352 355 356 357 359 361 362 365 366 369 370 371 373 374 375 378 379 380 381 382 383 384 385 386 387 389 390 392 393 394 395 396 397 398 399 404 405 406 407 408 409 410 412 414 416 417 418 420 421 424 427 429 430 432 433
Print [key0:key1]: *** lower bound 61
*** upper bound 93
 61 62 63 64 65 66 67 68 69 70 71 72 73 75 76 77 79 80 81 84 86 87 88 89 91
Print [key0:key1]: *** lower bound 14
*** upper bound 395
 14 15 16 17 21 22 23 25 26 27 28 29 30 32 33 35 37 39 42 43 44 45 46 47 48 49 50 52 53 56 57 59 60 61 62 63 64 65 66 67 68 69 70 71 72 73 75 76 77 79 80 81 84 86 87 88 89 91 93 99 100 101 102 103 104 105 110 111 114 116 117 118 119 120 121 122 123 124 127 129 130 131 133 135 136 138 140 141 142 143 144 145 146 149 152 153 154 155 157 158 159 160 161 163 164 165 166 167 168 169 170 171 172 173 174 175 177 178 180 181 182 183 184 186 187 188 189 190 191 193 194 195 196 199 200 201 202 204 205 206 207 208 209 211 212 213 214 215 217 218 219 220 221 222 223 224 225 226 227 228 229 230 231 232 233 234 235 236 238 239 240 242 243 244 245 246 247 248 249 250 251 252 253 255 256 257 258 259 261 262 264 265 267 268 270 272 274 275 276 277 279 280 281 282 283 284 286 287 288 289 290 291 293 294 295 297 298 300 301 302 303 304 305 307 308 309 310 311 312 313 314 315 316 317 319 320 322 324 325 326 327 328 329 330 331 332 334 335 337 338 339 340 341 342 343 344 348 350 351 352 355 356 357 359 361 362 365 366 369 370 371 373 374 375 378 379 380 381 382 383 384 385 386 387 389 390 392 393 394
Print [key0:key1]: Print [key0:key1]: *** lower bound 223
*** upper bound 272
 223 224 225 226 227 228 229 230 231 232 233 234 235 236 238 239 240 242 243 244 245 246 247 248 249 250 251 252 253 255 256 257 258 259 261 262 264 265 267 268 270
Print [key0:key1]: Print [key0:key1]: Print [key0:key1]: Print [key0:key1]: *** lower bound 455
*** upper bound 546
 455 456 457 458 461 464 465 467 468 470 471 472 473 474 475 477 478 479 480 481 482 484 485 487 491 492 493 494 495 496 498 499 500 501 502 504 505 506 507 508 509 511 513 514 515 516 517 518 519 520 522 523 524 525 526 527 528 530 532 533 534 535 536 537 539 540 542 543 545
Print [key0:key1]: *** lower bound 294
*** upper bound 439
 294 295 297 298 300 301 302 303 304 305 307 308 309 310 311 312 313 314 315 316 317 319 320 322 324 325 326 327 328 329 330 331 332 334 335 337 338 339 340 341 342 343 344 348 350 351 352 355 356 357 359 361 362 365 366 369 370 371 373 374 375 378 379 380 381 382 383 384 385 386 387 389 390 392 393 394 395 396 397 398 399 404 405 406 407 408 409 410 412 414 416 417 418 420 421 424 427 429 430 432 433 434 437 438
Print [key0:key1]: *** lower bound 110
*** upper bound 191
 110 111 114 116 117 118 119 120 121 122 123 124 127 129 130 131 133 135 136 138 140 141 142 143 144 145 146 149 152 153 154 155 157 158 159 160 161 163 164 165 166 167 168 169 170 171 172 173 174 175 177 178 180 181 182 183 184 186 187 188 189 190
Print [key0:key1]: *** lower bound 21
*** upper bound 277
 21 22 23 25 26 27 28 29 30 32 33 35 37 39 42 43 44 45 46 47 48 49 50 52 53 56 57 59 60 61 62 63 64 65 66 67 68 69 70 71 72 73 75 76 77 79 80 81 84 86 87 88 89 91 93 99 100 101 102 103 104 105 110 111 114 116 117 118 119 120 121 122 123 124 127 129 130 131 133 135 136 138 140 141 142 143 144 145 146 149 152 153 154 155 157 158 159 160 161 163 164 165 166 167 168 169 170 171 172 173 174 175 177 178 180 181 182 183 184 186 187 188 189 190 191 193 194 195 196 199 200 201 202 204 205 206 207 208 209 211 212 213 214 215 217 218 219 220 221 222 223 224 225 226 227 228 229 230 231 232 233 234 235 236 238 239 240 242 243 244 245 246 247 248 249 250 251 252 253 255 256 257 258 259 261 262 264 265 267 268 270 272 274 275 276
Print [key0:key1]: Print [key0:key1]: *** lower bound 152
*** upper bound 340
 152 153 154 155 157 158 159 160 161 163 164 165 166 167 168 169 170 171 172 173 174 175 177 178 180 181 182 183 184 186 187 188 189 190 191 193 194 195 196 199 200 201 202 204 205 206 207 208 209 211 212 213 214 215 217 218 219 220 221 222 223 224 225 226 227 228 229 230 231 232 233 234 235 236 238 239 240 242 243 244 245 246 247 248 249 250 251 252 253 255 256 257 258 259 261 262 264 265 267 268 270 272 274 275 276 277 279 280 281 282 283 284 286 287 288 289 290 291 293 294 295 297 298 300 301 302 303 304 305 307 308 309 310 311 312 313 314 315 316 317 319 320 322 324 325 326 327 328 329 330 331 332 334 335 337 338 339
Print [key0:key1]: Print [key0:key1]: 
