 3 4 5 6 7 9 10 12 13 14 15 18 19 20 21 22 23 24 25 27 29 31 32 33 34 36 38 41 42 43 44 45 46 47 48 49 50 51 52 53 55 56 57 58 59 60 61 62 63 64 65 66 67 68 71 72 73 75 76 77 78 79 80 81 82 83 84 85 86 87 88 90 91 92 93 94 97 100 101 102 103 106 108 109 110 111 112 113 114 115 116 117 118 121 123 125 126 127 128 129 131 134 135 136 137 138 139 140 141 143 144 145 148 149 150 151 152 153 155 156 157 158 159 160 161 162 163 164 165 166 167 169 170 171 173 174 177 178 179 180 181 184 186 187 188 190 191 193 195 197 200 201 202 204 205 206 207 209 210 211 213 214 215 216 218 219 220 221 223 226 227 228 229 230 232 233 234 235 236 237 238 239 241 242 243 246 248 249 250 252 255 256 257 259 261 262 263 264 265 267 268 269 272 274 276 278 280 281 282 283 285 286 288 289 290 291 292 293 294 295 296 297 298 301 302 303 305 306 307 308 309 310 311 312 313 314 315 316 317 318 319 320 322 324 326 327 328 330 331 332 333 334 335 336 337 338 341 343 344 345 347 349 350 351 352 354 355 356 357 359 361 362 363 365 366 367 368 369 370 371 372 373 374 377 378 379 380 382 383 384 386 388 391 392 393 394 395 396 397 398 399 400 401 403 404 405 406 407 408 409 410 412 413 414 415 416 417 418 419 423 424 426 427 428 429 432 435 437 438 439 440 441 442 443 444 445 446 447 449 451 453 454 455 456 458 460 461 463 464 466 471 473 475 477 478 479 480 481 482 483 484 485 486 487 488 489 490 491 492 493 494 496 497 499 500 502 505 507 509 511 513 514 515 516 517 520 521 522 525 526 527 528 530 531 532 533 534 535 536 537 538 539 540 541 542 544 545 546 547 548 549 551 552 553 554 556 557 559 560 561 563 564 565 567 568 569 570
Print [key0:key1]: *** lower bound 63
*** upper bound 187
 63 64 65 66 67 68 71 72 73 75 76 77 78 79 80 81 82 83 84 85 86 87 88 90 91 92 93 94 97 100 101 102 103 106 108 109 110 111 112 113 114 115 116 117 118 121 123 125 126 127 128 129 131 134 135 136 137 138 139 140 141 143 144 145 148 149 150 151 152 153 155 156 157 158 159 160 161 162 163 164 165 166 167 169 170 171 173 174 177 178 179 180 181 184 186
Print [key0:key1]: Print [key0:key1]: Print [key0:key1]: Print [key0:key1]: Print [key0:key1]: Print [key0:key1]: Print [key0:key1]: Print [key0:key1]: Print [key0:key1]: Print [key0:key1]: Print [key0:key1]: *** lower bound 12
*** upper bound 167
 12 13 14 15 18 19 20 21 22 23 24 25 27 29 31 32 33 34 36 38 41 42 43 44 45 46 47 48 49 50 51 52 53 55 56 57 58 59 60 61 62 63 64 65 66 67 68 71 72 73 75 76 77 78 79 80 81 82 83 84 85 86 87 88 90 91 92 93 94 97 100 101 102 103 106 108 109 110 111 112 113 114 115 116 117 118 121 123 125 126 127 128 129 131 134 135 136 137 138 139 140 141 143 144 145 148 149 150 151 152 153 155 156 157 158 159 160 161 162 163 164 165 166
Print [key0:key1]: Print [key0:key1]: Print [key0:key1]: Print [key0:key1]: Print [key0:key1]: *** lower bound 365
*** upper bound 423
 365 366 367 368 369 370 371 372 373 374 377 378 379 380 382 383 384 386 388 391 392 393 394 395 396 397 398 399 400 401 403 404 405 406 407 408 409 410 412 413 414 415 416 417 418 419
Print [key0:key1]: *** lower bound 169
*** upper bound 308
 169 170 171 173 174 177 178 179 180 181 184 186 187 188 190 191 193 195 197 200 201 202 204 205 206 207 209 210 211 213 214 215 216 218 219 220 221 223 226 227 228 229 230 232 233 234 235 236 237 238 239 241 242 243 246 248 249 250 252 255 256 257 259 261 262 263 264 265 267 268 269 272 274 276 278 280 281 282 283 285 286 288 289 290 291 292 293 294 295 296 297 298 301 302 303 305 306 307
Print [key0:key1]: *** lower bound 290
*** upper bound 396
 290 291 292 293 294 295 296 297 298 301 302 303 305 306 307 308 309 310 311 312 313 314 315 316 317 318 319 320 322 324 326 327 328 330 331 332 333 334 335 336 337 338 341 343 344 345 347 349 350 351 352 354 355 356 357 359 361 362 363 365 366 367 368 369 370 371 372 373 374 377 378 379 380 382 383 384 386 388 391 392 393 394 395
Print [key0:key1]: Print [key0:key1]: Print [key0:key1]: *** lower bound 134
*** upper bound 305
 134 135 136 137 138 139 140 141 143 144 145 148 149 150 151 152 153 155 156 157 158 159 160 161 162 163 164 165 166 167 169 170 171 173 174 177 178 179 180 181 184 186 187 188 190 191 193 195 197 200 201 202 204 205 206 207 209 210 211 213 214 215 216 218 219 220 221 223 226 227 228 229 230 232 233 234 235 236 237 238 239 241 242 243 246 248 249 250 252 255 256 257 259 261 262 263 264 265 267 268 269 272 274 276 278 280 281 282 283 285 286 288 289 290 291 292 293 294 295 296 297 298 301 302 303
Print [key0:key1]: *** lower bound 190
*** upper bound 322
 190 191 193 195 197 200 201 202 204 205 206 207 209 210 211 213 214 215 216 218 219 220 221 223 226 227 228 229 230 232 233 234 235 236 237 238 239 241 242 243 246 248 249 250 252 255 256 257 259 261 262 263 264 265 267 268 269 272 274 276 278 280 281 282 283 285 286 288 289 290 291 292 293 294 295 296 297 298 301 302 303 305 306 307 308 309 310 311 312 313 314 315 316 317 318 319 320
Print [key0:key1]: *** lower bound 62
*** upper bound 202
 62 63 64 65 66 67 68 71 72 73 75 76 77 78 79 80 81 82 83 84 85 86 87 88 90 91 92 93 94 97 100 101 102 103 106 108 109 110 111 112 113 114 115 116 117 118 121 123 125 126 127 128 129 131 134 135 136 137 138 139 140 141 143 144 145 148 149 150 151 152 153 155 156 157 158 159 160 161 162 163 164 165 166 167 169 170 171 173 174 177 178 179 180 181 184 186 187 188 190 191 193 195 197 200 201
Print [key0:key1]: Print [key0:key1]: *** lower bound 92
*** upper bound 197
 92 93 94 97 100 101 102 103 106 108 109 110 111 112 113 114 115 116 117 118 121 123 125 126 127 128 129 131 134 135 136 137 138 139 140 141 143 144 145 148 149 150 151 152 153 155 156 157 158 159 160 161 162 163 164 165 166 167 169 170 171 173 174 177 178 179 180 181 184 186 187 188 190 191 193 195
Print [key0:key1]: Print [key0:key1]: Print [key0:key1]: *** lower bound 226
*** upper bound 367
 226 227 228 229 230 232 233 234 235 236 237 238 239 241 242 243 246 248 249 250 252 255 256 257 259 261 262 263 264 265 267 268 269 272 274 276 278 280 281 282 283 285 286 288 289 290 291 292 293 294 295 296 297 298 301 302 303 305 306 307 308 309 310 311 312 313 314 315 316 317 318 319 320 322 324 326 327 328 330 331 332 333 334 335 336 337 338 341 343 344 345 347 349 350 351 352 354 355 356 357 359 361 362 363 365 366
Print [key0:key1]: Print [key0:key1]: *** lower bound 81
*** upper bound 301
 81 82 83 84 85 86 87 88 90 91 92 93 94 97 100 101 102 103 106 108 109 110 111 112 113 114 115 116 117 118 121 123 125 126 127 128 129 131 134 135 136 137 138 139 140 141 143 144 145 148 149 150 151 152 153 155 156 157 158 159 160 161 162 163 164 165 166 167 169 170 171 173 174 177 178 179 180 181 184 186 187 188 190 191 193 195 197 200 201 202 204 205 206 207 209 210 211 213 214 215 216 218 219 220 221 223 226 227 228 229 230 232 233 234 235 236 237 238 239 241 242 243 246 248 249 250 252 255 256 257 259 261 262 263 264 265 267 268 269 272 274 276 278 280 281 282 283 285 286 288 289 290 291 292 293 294 295 296 297 298
Print [key0:key1]: Print [key0:key1]: Print [key0:key1]: *** lower bound 226
*** upper bound 288
 226 227 228 229 230 232 233 234 235 236 237 238 239 241 242 243 246 248 249 250 252 255 256 257 259 261 262 263 264 265 267 268 269 272 274 276 278 280 281 282 283 285 286
Print [key0:key1]: *** lower bound 131
*** upper bound 341
 131 134 135 136 137 138 139 140 141 143 144 145 148 149 150 151 152 153 155 156 157 158 159 160 161 162 163 164 165 166 167 169 170 171 173 174 177 178 179 180 181 184 186 187 188 190 191 193 195 197 200 201 202 204 205 206 207 209 210 211 213 214 215 216 218 219 220 221 223 226 227 228 229 230 232 233 234 235 236 237 238 239 241 242 243 246 248 249 250 252 255 256 257 259 261 262 263 264 265 267 268 269 272 274 276 278 280 281 282 283 285 286 288 289 290 291 292 293 294 295 296 297 298 301 302 303 305 306 307 308 309 310 311 312 313 314 315 316 317 318 319 320 322 324 326 327 328 330 331 332 333 334 335 336 337 338
Print [key0:key1]: *** lower bound 259
*** upper bound 354
 259 261 262 263 264 265 267 268 269 272 274 276 278 280 281 282 283 285 286 288 289 290 291 292 293 294 295 296 297 298 301 302 303 305 306 307 308 309 310 311 312 313 314 315 316 317 318 319 320 322 324 326 327 328 330 331 332 333 334 335 336 337 338 341 343 344 345 347 349 350 351 352
Print [key0:key1]: Print [key0:key1]: *** lower bound 210
*** upper bound 373
 210 211 213 214 215 216 218 219 220 221 223 226 227 228 229 230 232 233 234 235 236 237 238 239 241 242 243 246 248 249 250 252 255 256 257 259 261 262 263 264 265 267 268 269 272 274 276 278 280 281 282 283 285 286 288 289 290 291 292 293 294 295 296 297 298 301 302 303 305 306 307 308 309 310 311 312 313 314 315 316 317 318 319 320 322 324 326 327 328 330 331 332 333 334 335 336 337 338 341 343 344 345 347 349 350 351 352 354 355 356 357 359 361 362 363 365 366 367 368 369 370 371 372
Print [key0:key1]: Print [key0:key1]: Print [key0:key1]: Print [key0:key1]: *** lower bound 330
*** upper bound 399
 330 331 332 333 334 335 336 337 338 341 343 344 345 347 349 350 351 352 354 355 356 357 359 361 362 363 365 366 367 368 369 370 371 372 373 374 377 378 379 380 382 383 384 386 388 391 392 393 394 395 396 397 398
Print [key0:key1]: *** lower bound 213
*** upper bound 391
 213 214 215 216 218 219 220 221 223 226 227 228 229 230 232 233 234 235 236 237 238 239 241 242 243 246 248 249 250 252 255 256 257 259 261 262 263 264 265 267 268 269 272 274 276 278 280 281 282 283 285 286 288 289 290 291 292 293 294 295 296 297 298 301 302 303 305 306 307 308 309 310 311 312 313 314 315 316 317 318 319 320 322 324 326 327 328 330 331 332 333 334 335 336 337 338 341 343 344 345 347 349 350 351 352 354 355 356 357 359 361 362 363 365 366 367 368 369 370 371 372 373 374 377 378 379 380 382 383 384 386 388
Print [key0:key1]: *** lower bound 160
*** upper bound 274
 160 161 162 163 164 165 166 167 169 170 171 173 174 177 178 179 180 181 184 186 187 188 190 191 193 195 197 200 201 202 204 205 206 207 209 210 211 213 214 215 216 218 219 220 221 223 226 227 228 229 230 232 233 234 235 236 237 238 239 241 242 243 246 248 249 250 252 255 256 257 259 261 262 263 264 265 267 268 269 272
Print [key0:key1]: *** lower bound 118
*** upper bound 227
 118 121 123 125 126 127 128 129 131 134 135 136 137 138 139 140 141 143 144 145 148 149 150 151 152 153 155 156 157 158 159 160 161 162 163 164 165 166 167 169 170 171 173 174 177 178 179 180 181 184 186 187 188 190 191 193 195 197 200 201 202 204 205 206 207 209 210 211 213 214 215 216 218 219 220 221 223 226
Print [key0:key1]: Print [key0:key1]: *** lower bound 25
*** upper bound 178
 25 27 29 31 32 33 34 36 38 41 42 43 44 45 46 47 48 49 50 51 52 53 55 56 57 58 59 60 61 62 63 64 65 66 67 68 71 72 73 75 76 77 78 79 80 81 82 83 84 85 86 87 88 90 91 92 93 94 97 100 101 102 103 106 108 109 110 111 112 113 114 115 116 117 118 121 123 125 126 127 128 129 131 134 135 136 137 138 139 140 141 143 144 145 148 149 150 151 152 153 155 156 157 158 159 160 161 162 163 164 165 166 167 169 170 171 173 174 177
Print [key0:key1]: *** lower bound 73
*** upper bound 184
 73 75 76 77 78 79 80 81 82 83 84 85 86 87 88 90 91 92 93 94 97 100 101 102 103 106 108 109 110 111 112 113 114 115 116 117 118 121 123 125 126 127 128 129 131 134 135 136 137 138 139 140 141 143 144 145 148 149 150 151 152 153 155 156 157 158 159 160 161 162 163 164 165 166 167 169 170 171 173 174 177 178 179 180 181
Print [key0:key1]: Print [key0:key1]: Print [key0:key1]: *** lower bound 3
*** upper bound 283
 3 4 5 6 7 9 10 12 13 14 15 18 19 20 21 22 23 24 25 27 29 31 32 33 34 36 38 41 42 43 44 45 46 47 48 49 50 51 52 53 55 56 57 58 59 60 61 62 63 64 65 66 67 68 71 72 73 75 76 77 78 79 80 81 82 83 84 85 86 87 88 90 91 92 93 94 97 100 101 102 103 106 108 109 110 111 112 113 114 115 116 117 118 121 123 125 126 127 128 129 131 134 135 136 137 138 139 140 141 143 144 145 148 149 150 151 152 153 155 156 157 158 159 160 161 162 163 164 165 166 167 169 170 171 173 174 177 178 179 180 181 184 186 187 188 190 191 193 195 197 200 201 202 204 205 206 207 209 210 211 213 214 215 216 218 219 220 221 223 226 227 228 229 230 232 233 234 235 236 237 238 239 241 242 243 246 248 249 250 252 255 256 257 259 261 262 263 264 265 267 268 269 272 274 276 278 280 281 282
Print [key0:key1]: Print [key0:key1]: Print [key0:key1]: *** lower bound 361
*** upper bound 426
 361 362 363 365 366 367 368 369 370 371 372 373 374 377 378 379 380 382 383 384 386 388 391 392 393 394 395 396 397 398 399 400 401 403 404 405 406 407 408 409 410 412 413 414 415 416 417 418 419 423 424
Print [key0:key1]: *** lower bound 164
*** upper bound 428
 164 165 166 167 169 170 171 173 174 177 178 179 180 181 184 186 187 188 190 191 193 195 197 200 201 202 204 205 206 207 209 210 211 213 214 215 216 218 219 220 221 223 226 227 228 229 230 232 233 234 235 236 237 238 239 241 242 243 246 248 249 250 252 255 256 257 259 261 262 263 264 265 267 268 269 272 274 276 278 280 281 282 283 285 286 288 289 290 291 292 293 294 295 296 297 298 301 302 303 305 306 307 308 309 310 311 312 313 314 315 316 317 318 319 320 322 324 326 327 328 330 331 332 333 334 335 336 337 338 341 343 344 345 347 349 350 351 352 354 355 356 357 359 361 362 363 365 366 367 368 369 370 371 372 373 374 377 378 379 380 382 383 384 386 388 391 392 393 394 395 396 397 398 399 400 401 403 404 405 406 407 408 409 410 412 413 414 415 416 417 418 419 423 424 426 427
Print [key0:key1]: *** lower bound 7
*** upper bound 322
 7 9 10 12 13 14 15 18 19 20 21 22 23 24 25 27 29 31 32 33 34 36 38 41 42 43 44 45 46 47 48 49 50 51 52 53 55 56 57 58 59 60 61 62 63 64 65 66 67 68 71 72 73 75 76 77 78 79 80 81 82 83 84 85 86 87 88 90 91 92 93 94 97 100 101 102 103 106 108 109 110 111 112 113 114 115 116 117 118 121 123 125 126 127 128 129 131 134 135 136 137 138 139 140 141 143 144 145 148 149 150 151 152 153 155 156 157 158 159 160 161 162 163 164 165 166 167 169 170 171 173 174 177 178 179 180 181 184 186 187 188 190 191 193 195 197 200 201 202 204 205 206 207 209 210 211 213 214 215 216 218 219 220 221 223 226 227 228 229 230 232 233 234 235 236 237 238 239 241 242 243 246 248 249 250 252 255 256 257 259 261 262 263 264 265 267 268 269 272 274 276 278 280 281 282 283 285 286 288 289 290 291 292 293 294 295 296 297 298 301 302 303 305 306 307 308 309 310 311 312 313 314 315 316 317 318 319 320
Print [key0:key1]: *** lower bound 51
*** upper bound 116
 51 52 53 55 56 57 58 59 60 61 62 63 64 65 66 67 68 71 72 73 75 76 77 78 79 80 81 82 83 84 85 86 87 88 90 91 92 93 94 97 100 101 102 103 106 108 109 110 111 112 113 114 115
Print [key0:key1]: Print [key0:key1]: *** lower bound 97
*** upper bound 239
 97 100 101 102 103 106 108 109 110 111 112 113 114 115 116 117 118 121 123 125 126 127 128 129 131 134 135 136 137 138 139 140 141 143 144 145 148 149 150 151 152 153 155 156 157 158 159 160 161 162 163 164 165 166 167 169 170 171 173 174 177 178 179 180 181 184 186 187 188 190 191 193 195 197 200 201 202 204 205 206 207 209 210 211 213 214 215 216 218 219 220 221 223 226 227 228 229 230 232 233 234 235 236 237 238
Print [key0:key1]: *** lower bound 280
*** upper bound 361
 280 281 282 283 285 286 288 289 290 291 292 293 294 295 296 297 298 301 302 303 305 306 307 308 309 310 311 312 313 314 315 316 317 318 319 320 322 324 326 327 328 330 331 332 333 334 335 336 337 338 341 343 344 345 347 349 350 351 352 354 355 356 357 359
Print [key0:key1]: Print [key0:key1]: Print [key0:key1]: *** lower bound 267
*** upper bound 382
 267 268 269 272 274 276 278 280 281 282 283 285 286 288 289 290 291 292 293 294 295 296 297 298 301 302 303 305 306 307 308 309 310 311 312 313 314 315 316 317 318 319 320 322 324 326 327 328 330 331 332 333 334 335 336 337 338 341 343 344 345 347 349 350 351 352 354 355 356 357 359 361 362 363 365 366 367 368 369 370 371 372 373 374 377 378 379 380
Print [key0:key1]: Print [key0:key1]: *** lower bound 121
*** upper bound 226
 121 123 125 126 127 128 129 131 134 135 136 137 138 139 140 141 143 144 145 148 149 150 151 152 153 155 156 157 158 159 160 161 162 163 164 165 166 167 169 170 171 173 174 177 178 179 180 181 184 186 187 188 190 191 193 195 197 200 201 202 204 205 206 207 209 210 211 213 214 215 216 218 219 220 221 223
Print [key0:key1]: Print [key0:key1]: Print [key0:key1]: *** lower bound 252
*** upper bound 330
 252 255 256 257 259 261 262 263 264 265 267 268 269 272 274 276 278 280 281 282 283 285 286 288 289 290 291 292 293 294 295 296 297 298 301 302 303 305 306 307 308 309 310 311 312 313 314 315 316 317 318 319 320 322 324 326 327 328
Print [key0:key1]: *** lower bound 79
*** upper bound 391
 79 80 81 82 83 84 85 86 87 88 90 91 92 93 94 97 100 101 102 103 106 108 109 110 111 112 113 114 115 116 117 118 121 123 125 126 127 128 129 131 134 135 136 137 138 139 140 141 143 144 145 148 149 150 151 152 153 155 156 157 158 159 160 161 162 163 164 165 166 167 169 170 171 173 174 177 178 179 180 181 184 186 187 188 190 191 193 195 197 200 201 202 204 205 206 207 209 210 211 213 214 215 216 218 219 220 221 223 226 227 228 229 230 232 233 234 235 236 237 238 239 241 242 243 246 248 249 250 252 255 256 257 259 261 262 263 264 265 267 268 269 272 274 276 278 280 281 282 283 285 286 288 289 290 291 292 293 294 295 296 297 298 301 302 303 305 306 307 308 309 310 311 312 313 314 315 316 317 318 319 320 322 324 326 327 328 330 331 332 333 334 335 336 337 338 341 343 344 345 347 349 350 351 352 354 355 356 357 359 361 362 363 365 366 367 368 369 370 371 372 373 374 377 378 379 380 382 383 384 386 388
Print [key0:key1]: Print [key0:key1]: *** lower bound 181
*** upper bound 370
 181 184 186 187 188 190 191 193 195 197 200 201 202 204 205 206 207 209 210 211 213 214 215 216 218 219 220 221 223 226 227 228 229 230 232 233 234 235 236 237 238 239 241 242 243 246 248 249 250 252 255 256 257 259 261 262 263 264 265 267 268 269 272 274 276 278 280 281 282 283 285 286 288 289 290 291 292 293 294 295 296 297 298 301 302 303 305 306 307 308 309 310 311 312 313 314 315 316 317 318 319 320 322 324 326 327 328 330 331 332 333 334 335 336 337 338 341 343 344 345 347 349 350 351 352 354 355 356 357 359 361 362 363 365 366 367 368 369
Print [key0:key1]: *** lower bound 184
*** upper bound 341
 184 186 187 188 190 191 193 195 197 200 201 202 204 205 206 207 209 210 211 213 214 215 216 218 219 220 221 223 226 227 228 229 230 232 233 234 235 236 237 238 239 241 242 243 246 248 249 250 252 255 256 257 259 261 262 263 264 265 267 268 269 272 274 276 278 280 281 282 283 285 286 288 289 290 291 292 293 294 295 296 297 298 301 302 303 305 306 307 308 309 310 311 312 313 314 315 316 317 318 319 320 322 324 326 327 328 330 331 332 333 334 335 336 337 338
Print [key0:key1]: Print [key0:key1]: *** lower bound 246
*** upper bound 397
 246 248 249 250 252 255 256 257 259 261 262 263 264 265 267 268 269 272 274 276 278 280 281 282 283 285 286 288 289 290 291 292 293 294 295 296 297 298 301 302 303 305 306 307 308 309 310 311 312 313 314 315 316 317 318 319 320 322 324 326 327 328 330 331 332 333 334 335 336 337 338 341 343 344 345 347 349 350 351 352 354 355 356 357 359 361 362 363 365 366 367 368 369 370 371 372 373 374 377 378 379 380 382 383 384 386 388 391 392 393 394 395 396
Print [key0:key1]: *** lower bound 227
*** upper bound 352
 227 228 229 230 232 233 234 235 236 237 238 239 241 242 243 246 248 249 250 252 255 256 257 259 261 262 263 264 265 267 268 269 272 274 276 278 280 281 282 283 285 286 288 289 290 291 292 293 294 295 296 297 298 301 302 303 305 306 307 308 309 310 311 312 313 314 315 316 317 318 319 320 322 324 326 327 328 330 331 332 333 334 335 336 337 338 341 343 344 345 347 349 350 351
Print [key0:key1]: *** lower bound 276
*** upper bound 392
 276 278 280 281 282 283 285 286 288 289 290 291 292 293 294 295 296 297 298 301 302 303 305 306 307 308 309 310 311 312 313 314 315 316 317 318 319 320 322 324 326 327 328 330 331 332 333 334 335 336 337 338 341 343 344 345 347 349 350 351 352 354 355 356 357 359 361 362 363 365 366 367 368 369 370 371 372 373 374 377 378 379 380 382 383 384 386 388 391
Print [key0:key1]: Print [key0:key1]: Print [key0:key1]: Print [key0:key1]: Print [key0:key1]: *** lower bound 134
*** upper bound 418
 134 135 136 137 138 139 140 141 143 144 145 148 149 150 151 152 153 155 156 157 158 159 160 161 162 163 164 165 166 167 169 170 171 173 174 177 178 179 180 181 184 186 187 188 190 191 193 195 197 200 201 202 204 205 206 207 209 210 211 213 214 215 216 218 219 220 221 223 226 227 228 229 230 232 233 234 235 236 237 238 239 241 242 243 246 248 249 250 252 255 256 257 259 261 262 263 264 265 267 268 269 272 274 276 278 280 281 282 283 285 286 288 289 290 291 292 293 294 295 296 297 298 301 302 303 305 306 307 308 309 310 311 312 313 314 315 316 317 318 319 320 322 324 326 327 328 330 331 332 333 334 335 336 337 338 341 343 344 345 347 349 350 351 352 354 355 356 357 359 361 362 363 365 366 367 368 369 370 371 372 373 374 377 378 379 380 382 383 384 386 388 391 392 393 394 395 396 397 398 399 400 401 403 404 405 406 407 408 409 410 412 413 414 415 416 417
Print [key0:key1]: Print [key0:key1]: Print [key0:key1]: Print [key0:key1]: *** lower bound 181
*** upper bound 201
 181 184 186 187 188 190 191 193 195 197 200
Print [key0:key1]: Print [key0:key1]: *** lower bound 285
*** upper bound 382
 285 286 288 289 290 291 292 293 294 295 296 297 298 301 302 303 305 306 307 308 309 310 311 312 313 314 315 316 317 318 319 320 322 324 326 327 328 330 331 332 333 334 335 336 337 338 341 343 344 345 347 349 350 351 352 354 355 356 357 359 361 362 363 365 366 367 368 369 370 371 372 373 374 377 378 379 380
Print [key0:key1]: *** lower bound 23
*** upper bound 379
 23 24 25 27 29 31 32 33 34 36 38 41 42 43 44 45 46 47 48 49 50 51 52 53 55 56 57 58 59 60 61 62 63 64 65 66 67 68 71 72 73 75 76 77 78 79 80 81 82 83 84 85 86 87 88 90 91 92 93 94 97 100 101 102 103 106 108 109 110 111 112 113 114 115 116 117 118 121 123 125 126 127 128 129 131 134 135 136 137 138 139 140 141 143 144 145 148 149 150 151 152 153 155 156 157 158 159 160 161 162 163 164 165 166 167 169 170 171 173 174 177 178 179 180 181 184 186 187 188 190 191 193 195 197 200 201 202 204 205 206 207 209 210 211 213 214 215 216 218 219 220 221 223 226 227 228 229 230 232 233 234 235 236 237 238 239 241 242 243 246 248 249 250 252 255 256 257 259 261 262 263 264 265 267 268 269 272 274 276 278 280 281 282 283 285 286 288 289 290 291 292 293 294 295 296 297 298 301 302 303 305 306 307 308 309 310 311 312 313 314 315 316 317 318 319 320 322 324 326 327 328 330 331 332 333 334 335 336 337 338 341 343 344 345 347 349 350 351 352 354 355 356 357 359 361 362 363 365 366 367 368 369 370 371 372 373 374 377 378
Print [key0:key1]: *** lower bound 15
*** upper bound 141
 15 18 19 20 21 22 23 24 25 27 29 31 32 33 34 36 38 41 42 43 44 45 46 47 48 49 50 51 52 53 55 56 57 58 59 60 61 62 63 64 65 66 67 68 71 72 73 75 76 77 78 79 80 81 82 83 84 85 86 87 88 90 91 92 93 94 97 100 101 102 103 106 108 109 110 111 112 113 114 115 116 117 118 121 123 125 126 127 128 129 131 134 135 136 137 138 139 140
Print [key0:key1]: Print [key0:key1]: Print [key0:key1]: Print [key0:key1]: Print [key0:key1]: *** lower bound 87
*** upper bound 259
 87 88 90 91 92 93 94 97 100 101 102 103 106 108 109 110 111 112 113 114 115 116 117 118 121 123 125 126 127 128 129 131 134 135 136 137 138 139 140 141 143 144 145 148 149 150 151 152 153 155 156 157 158 159 160 161 162 163 164 165 166 167 169 170 171 173 174 177 178 179 180 181 184 186 187 188 190 191 193 195 197 200 201 202 204 205 206 207 209 210 211 213 214 215 216 218 219 220 221 223 226 227 228 229 230 232 233 234 235 236 237 238 239 241 242 243 246 248 249 250 252 255 256 257
Print [key0:key1]: *** lower bound 156
*** upper bound 237
 156 157 158 159 160 161 162 163 164 165 166 167 169 170 171 173 174 177 178 179 180 181 184 186 187 188 190 191 193 195 197 200 201 202 204 205 206 207 209 210 211 213 214 215 216 218 219 220 221 223 226 227 228 229 230 232 233 234 235 236
Print [key0:key1]: *** lower bound 125
*** upper bound 349
 125 126 127 128 129 131 134 135 136 137 138 139 140 141 143 144 145 148 149 150 151 152 153 155 156 157 158 159 160 161 162 163 164 165 166 167 169 170 171 173 174 177 178 179 180 181 184 186 187 188 190 191 193 195 197 200 201 202 204 205 206 207 209 210 211 213 214 215 216 218 219 220 221 223 226 227 228 229 230 232 233 234 235 236 237 238 239 241 242 243 246 248 249 250 252 255 256 257 259 261 262 263 264 265 267 268 269 272 274 276 278 280 281 282 283 285 286 288 289 290 291 292 293 294 295 296 297 298 301 302 303 305 306 307 308 309 310 311 312 313 314 315 316 317 318 319 320 322 324 326 327 328 330 331 332 333 334 335 336 337 338 341 343 344 345 347
Print [key0:key1]: *** lower bound 23
*** upper bound 259
 23 24 25 27 29 31 32 33 34 36 38 41 42 43 44 45 46 47 48 49 50 51 52 53 55 56 57 58 59 60 61 62 63 64 65 66 67 68 71 72 73 75 76 77 78 79 80 81 82 83 84 85 86 87 88 90 91 92 93 94 97 100 101 102 103 106 108 109 110 111 112 113 114 115 116 117 118 121 123 125 126 127 128 129 131 134 135 136 137 138 139 140 141 143 144 145 148 149 150 151 152 153 155 156 157 158 159 160 161 162 163 164 165 166 167 169 170 171 173 174 177 178 179 180 181 184 186 187 188 190 191 193 195 197 200 201 202 204 205 206 207 209 210 211 213 214 215 216 218 219 220 221 223 226 227 228 229 230 232 233 234 235 236 237 238 239 241 242 243 246 248 249 250 252 255 256 257
Print [key0:key1]: Print [key0:key1]: *** lower bound 118
*** upper bound 440
 118 121 123 125 126 127 128 129 131 134 135 136 137 138 139 140 141 143 144 145 148 149 150 151 152 153 155 156 157 158 159 160 161 162 163 164 165 166 167 169 170 171 173 174 177 178 179 180 181 184 186 187 188 190 191 193 195 197 200 201 202 204 205 206 207 209 210 211 213 214 215 216 218 219 220 221 223 226 227 228 229 230 232 233 234 235 236 237 238 239 241 242 243 246 248 249 250 252 255 256 257 259 261 262 263 264 265 267 268 269 272 274 276 278 280 281 282 283 285 286 288 289 290 291 292 293 294 295 296 297 298 301 302 303 305 306 307 308 309 310 311 312 313 314 315 316 317 318 319 320 322 324 326 327 328 330 331 332 333 334 335 336 337 338 341 343 344 345 347 349 350 351 352 354 355 356 357 359 361 362 363 365 366 367 368 369 370 371 372 373 374 377 378 379 380 382 383 384 386 388 391 392 393 394 395 396 397 398 399 400 401 403 404 405 406 407 408 409 410 412 413 414 415 416 417 418 419 423 424 426 427 428 429 432 435 437 438 439
Print [key0:key1]: Print [key0:key1]: *** lower bound 73
*** upper bound 414
 73 75 76 77 78 79 80 81 82 83 84 85 86 87 88 90 91 92 93 94 97 100 101 102 103 106 108 109 110 111 112 113 114 115 116 117 118 121 123 125 126 127 128 129 131 134 135 136 137 138 139 140 141 143 144 145 148 149 150 151 152 153 155 156 157 158 159 160 161 162 163 164 165 166 167 169 170 171 173 174 177 178 179 180 181 184 186 187 188 190 191 193 195 197 200 201 202 204 205 206 207 209 210 211 213 214 215 216 218 219 220 221 223 226 227 228 229 230 232 233 234 235 236 237 238 239 241 242 243 246 248 249 250 252 255 256 257 259 261 262 263 264 265 267 268 269 272 274 276 278 280 281 282 283 285 286 288 289 290 291 292 293 294 295 296 297 298 301 302 303 305 306 307 308 309 310 311 312 313 314 315 316 317 318 319 320 322 324 326 327 328 330 331 332 333 334 335 336 337 338 341 343 344 345 347 349 350 351 352 354 355 356 357 359 361 362 363 365 366 367 368 369 370 371 372 373 374 377 378 379 380 382 383 384 386 388 391 392 393 394 395 396 397 398 399 400 401 403 404 405 406 407 408 409 410 412 413
Print [key0:key1]: *** lower bound 322
*** upper bound 394
 322 324 326 327 328 330 331 332 333 334 335 336 337 338 341 343 344 345 347 349 350 351 352 354 355 356 357 359 361 362 363 365 366 367 368 369 370 371 372 373 374 377 378 379 380 382 383 384 386 388 391 392 393
Print [key0:key1]: *** lower bound 237
*** upper bound 429
 237 238 239 241 242 243 246 248 249 250 252 255 256 257 259 261 262 263 264 265 267 268 269 272 274 276 278 280 281 282 283 285 286 288 289 290 291 292 293 294 295 296 297 298 301 302 303 305 306 307 308 309 310 311 312 313 314 315 316 317 318 319 320 322 324 326 327 328 330 331 332 333 334 335 336 337 338 341 343 344 345 347 349 350 351 352 354 355 356 357 359 361 362 363 365 366 367 368 369 370 371 372 373 374 377 378 379 380 382 383 384 386 388 391 392 393 394 395 396 397 398 399 400 401 403 404 405 406 407 408 409 410 412 413 414 415 416 417 418 419 423 424 426 427 428
Print [key0:key1]: Print [key0:key1]: *** lower bound 84
*** upper bound 113
 84 85 86 87 88 90 91 92 93 94 97 100 101 102 103 106 108 109 110 111 112
Print [key0:key1]: Print [key0:key1]: Print [key0:key1]: *** lower bound 263
*** upper bound 341
 263 264 265 267 268 269 272 274 276 278 280 281 282 283 285 286 288 289 290 291 292 293 294 295 296 297 298 301 302 303 305 306 307 308 309 310 311 312 313 314 315 316 317 318 319 320 322 324 326 327 328 330 331 332 333 334 335 336 337 338
Print [key0:key1]: *** lower bound 92
*** upper bound 213
 92 93 94 97 100 101 102 103 106 108 109 110 111 112 113 114 115 116 117 118 121 123 125 126 127 128 129 131 134 135 136 137 138 139 140 141 143 144 145 148 149 150 151 152 153 155 156 157 158 159 160 161 162 163 164 165 166 167 169 170 171 173 174 177 178 179 180 181 184 186 187 188 190 191 193 195 197 200 201 202 204 205 206 207 209 210 211
Print [key0:key1]: Print [key0:key1]: *** lower bound 3
*** upper bound 391
 3 4 5 6 7 9 10 12 13 14 15 18 19 20 21 22 23 24 25 27 29 31 32 33 34 36 38 41 42 43 44 45 46 47 48 49 50 51 52 53 55 56 57 58 59 60 61 62 63 64 65 66 67 68 71 72 73 75 76 77 78 79 80 81 82 83 84 85 86 87 88 90 91 92 93 94 97 100 101 102 103 106 108 109 110 111 112 113 114 115 116 117 118 121 123 125 126 127 128 129 131 134 135 136 137 138 139 140 141 143 144 145 148 149 150 151 152 153 155 156 157 158 159 160 161 162 163 164 165 166 167 169 170 171 173 174 177 178 179 180 181 184 186 187 188 190 191 193 195 197 200 201 202 204 205 206 207 209 210 211 213 214 215 216 218 219 220 221 223 226 227 228 229 230 232 233 234 235 236 237 238 239 241 242 243 246 248 249 250 252 255 256 257 259 261 262 263 264 265 267 268 269 272 274 276 278 280 281 282 283 285 286 288 289 290 291 292 293 294 295 296 297 298 301 302 303 305 306 307 308 309 310 311 312 313 314 315 316 317 318 319 320 322 324 326 327 328 330 331 332 333 334 335 336 337 338 341 343 344 345 347 349 350 351 352 354 355 356 357 359 361 362 363 365 366 367 368 369 370 371 372 373 374 377 378 379 380 382 383 384 386 388
Print [key0:key1]: *** lower bound 34
*** upper bound 276
 34 36 38 41 42 43 44 45 46 47 48 49 50 51 52 53 55 56 57 58 59 60 61 62 63 64 65 66 67 68 71 72 73 75 76 77 78 79 80 81 82 83 84 85 86 87 88 90 91 92 93 94 97 100 101 102 103 106 108 109 110 111 112 113 114 115 116 117 118 121 123 125 126 127 128 129 131 134 135 136 137 138 139 140 141 143 144 145 148 149 150 151 152 153 155 156 157 158 159 160 161 162 163 164 165 166 167 169 170 171 173 174 177 178 179 180 181 184 186 187 188 190 191 193 195 197 200 201 202 204 205 206 207 209 210 211 213 214 215 216 218 219 220 221 223 226 227 228 229 230 232 233 234 235 236 237 238 239 241 242 243 246 248 249 250 252 255 256 257 259 261 262 263 264 265 267 268 269 272 274
Print [key0:key1]: *** lower bound 45
*** upper bound 90
 45 46 47 48 49 50 51 52 53 55 56 57 58 59 60 61 62 63 64 65 66 67 68 71 72 73 75 76 77 78 79 80 81 82 83 84 85 86 87 88
Print [key0:key1]: *** lower bound 298
*** upper bound 400
 298 301 302 303 305 306 307 308 309 310 311 312 313 314 315 316 317 318 319 320 322 324 326 327 328 330 331 332 333 334 335 336 337 338 341 343 344 345 347 349 350 351 352 354 355 356 357 359 361 362 363 365 366 367 368 369 370 371 372 373 374 377 378 379 380 382 383 384 386 388 391 392 393 394 395 396 397 398 399
Print [key0:key1]: *** lower bound 285
*** upper bound 285

Print [key0:key1]: Print [key0:key1]: Print [key0:key1]: *** lower bound 405
*** upper bound 437
 405 406 407 408 409 410 412 413 414 415 416 417 418 419 423 424 426 427 428 429 432 435
Print [key0:key1]: *** lower bound 350
*** upper bound 416
 350 351 352 354 355 356 357 359 361 362 363 365 366 367 368 369 370 371 372 373 374 377 378 379 380 382 383 384 386 388 391 392 393 394 395 396 397 398 399 400 401 403 404 405 406 407 408 409 410 412 413 414 415
Print [key0:key1]: Print [key0:key1]: *** lower bound 84
*** upper bound 354
 84 85 86 87 88 90 91 92 93 94 97 100 101 102 103 106 108 109 110 111 112 113 114 115 116 117 118 121 123 125 126 127 128 129 131 134 135 136 137 138 139 140 141 143 144 145 148 149 150 151 152 153 155 156 157 158 159 160 161 162 163 164 165 166 167 169 170 171 173 174 177 178 179 180 181 184 186 187 188 190 191 193 195 197 200 201 202 204 205 206 207 209 210 211 213 214 215 216 218 219 220 221 223 226 227 228 229 230 232 233 234 235 236 237 238 239 241 242 243 246 248 249 250 252 255 256 257 259 261 262 263 264 265 267 268 269 272 274 276 278 280 281 282 283 285 286 288 289 290 291 292 293 294 295 296 297 298 301 302 303 305 306 307 308 309 310 311 312 313 314 315 316 317 318 319 320 322 324 326 327 328 330 331 332 333 334 335 336 337 338 341 343 344 345 347 349 350 351 352
Print [key0:key1]: Print [key0:key1]: Print [key0:key1]: *** lower bound 20
*** upper bound 82
 20 21 22 23 24 25 27 29 31 32 33 34 36 38 41 42 43 44 45 46 47 48 49 50 51 52 53 55 56 57 58 59 60 61 62 63 64 65 66 67 68 71 72 73 75 76 77 78 79 80 81
Print [key0:key1]: Print [key0:key1]: Print [key0:key1]: Print [key0:key1]: *** lower bound 25
*** upper bound 384
 25 27 29 31 32 33 34 36 38 41 42 43 44 45 46 47 48 49 50 51 52 53 55 56 57 58 59 60 61 62 63 64 65 66 67 68 71 72 73 75 76 77 78 79 80 81 82 83 84 85 86 87 88 90 91 92 93 94 97 100 101 102 103 106 108 109 110 111 112 113 114 115 116 117 118 121 123 125 126 127 128 129 131 134 135 136 137 138 139 140 141 143 144 145 148 149 150 151 152 153 155 156 157 158 159 160 161 162 163 164 165 166 167 169 170 171 173 174 177 178 179 180 181 184 186 187 188 190 191 193 195 197 200 201 202 204 205 206 207 209 210 211 213 214 215 216 218 219 220 221 223 226 227 228 229 230 232 233 234 235 236 237 238 239 241 242 243 246 248 249 250 252 255 256 257 259 261 262 263 264 265 267 268 269 272 274 276 278 280 281 282 283 285 286 288 289 290 291 292 293 294 295 296 297 298 301 302 303 305 306 307 308 309 310 311 312 313 314 315 316 317 318 319 320 322 324 326 327 328 330 331 332 333 334 335 336 337 338 341 343 344 345 347 349 350 351 352 354 355 356 357 359 361 362 363 365 366 367 368 369 370 371 372 373 374 377 378 379 380 382 383
Print [key0:key1]: *** lower bound 200
*** upper bound 297
 200 201 202 204 205 206 207 209 210 211 213 214 215 216 218 219 220 221 223 226 227 228 229 230 232 233 234 235 236 237 238 239 241 242 243 246 248 249 250 252 255 256 257 259 261 262 263 264 265 267 268 269 272 274 276 278 280 281 282 283 285 286 288 289 290 291 292 293 294 295 296
Print [key0:key1]: Print [key0:key1]: *** lower bound 230
*** upper bound 255
 230 232 233 234 235 236 237 238 239 241 242 243 246 248 249 250 252
Print [key0:key1]: *** lower bound 34
*** upper bound 123
 34 36 38 41 42 43 44 45 46 47 48 49 50 51 52 53 55 56 57 58 59 60 61 62 63 64 65 66 67 68 71 72 73 75 76 77 78 79 80 81 82 83 84 85 86 87 88 90 91 92 93 94 97 100 101 102 103 106 108 109 110 111 112 113 114 115 116 117 118 121
Print [key0:key1]: Print [key0:key1]: *** lower bound 365
*** upper bound 403
 365 366 367 368 369 370 371 372 373 374 377 378 379 380 382 383 384 386 388 391 392 393 394 395 396 397 398 399 400 401
Print [key0:key1]: *** lower bound 3
*** upper bound 209
 3 4 5 6 7 9 10 12 13 14 15 18 19 20 21 22 23 24 25 27 29 31 32 33 34 36 38 41 42 43 44 45 46 47 48 49 50 51 52 53 55 56 57 58 59 60 61 62 63 64 65 66 67 68 71 72 73 75 76 77 78 79 80 81 82 83 84 85 86 87 88 90 91 92 93 94 97 100 101 102 103 106 108 109 110 111 112 113 114 115 116 117 118 121 123 125 126 127 128 129 131 134 135 136 137 138 139 140 141 143 144 145 148 149 150 151 152 153 155 156 157 158 159 160 161 162 163 164 165 166 167 169 170 171 173 174 177 178 179 180 181 184 186 187 188 190 191 193 195 197 200 201 202 204 205 206 207
Print [key0:key1]: Print [key0:key1]: *** lower bound 220
*** upper bound 378
 220 221 223 226 227 228 229 230 232 233 234 235 236 237 238 239 241 242 243 246 248 249 250 252 255 256 257 259 261 262 263 264 265 267 268 269 272 274 276 278 280 281 282 283 285 286 288 289 290 291 292 293 294 295 296 297 298 301 302 303 305 306 307 308 309 310 311 312 313 314 315 316 317 318 319 320 322 324 326 327 328 330 331 332 333 334 335 336 337 338 341 343 344 345 347 349 350 351 352 354 355 356 357 359 361 362 363 365 366 367 368 369 370 371 372 373 374 377
Print [key0:key1]: *** lower bound 158
*** upper bound 195
 158 159 160 161 162 163 164 165 166 167 169 170 171 173 174 177 178 179 180 181 184 186 187 188 190 191 193
Print [key0:key1]: Print [key0:key1]: *** lower bound 43
*** upper bound 76
 43 44 45 46 47 48 49 50 51 52 53 55 56 57 58 59 60 61 62 63 64 65 66 67 68 71 72 73 75
Print [key0:key1]: Print [key0:key1]: *** lower bound 110
*** upper bound 201
 110 111 112 113 114 115 116 117 118 121 123 125 126 127 128 129 131 134 135 136 137 138 139 140 141 143 144 145 148 149 150 151 152 153 155 156 157 158 159 160 161 162 163 164 165 166 167 169 170 171 173 174 177 178 179 180 181 184 186 187 188 190 191 193 195 197 200
Print [key0:key1]: *** lower bound 20
*** upper bound 312
 20 21 22 23 24 25 27 29 31 32 33 34 36 38 41 42 43 44 45 46 47 48 49 50 51 52 53 55 56 57 58 59 60 61 62 63 64 65 66 67 68 71 72 73 75 76 77 78 79 80 81 82 83 84 85 86 87 88 90 91 92 93 94 97 100 101 102 103 106 108 109 110 111 112 113 114 115 116 117 118 121 123 125 126 127 128 129 131 134 135 136 137 138 139 140 141 143 144 145 148 149 150 151 152 153 155 156 157 158 159 160 161 162 163 164 165 166 167 169 170 171 173 174 177 178 179 180 181 184 186 187 188 190 191 193 195 197 200 201 202 204 205 206 207 209 210 211 213 214 215 216 218 219 220 221 223 226 227 228 229 230 232 233 234 235 236 237 238 239 241 242 243 246 248 249 250 252 255 256 257 259 261 262 263 264 265 267 268 269 272 274 276 278 280 281 282 283 285 286 288 289 290 291 292 293 294 295 296 297 298 301 302 303 305 306 307 308 309 310 311
Print [key0:key1]: *** lower bound 21
*** upper bound 43
 21 22 23 24 25 27 29 31 32 33 34 36 38 41 42
Print [key0:key1]: Print [key0:key1]: Print [key0:key1]: Print [key0:key1]: Print [key0:key1]: Print [key0:key1]: *** lower bound 335
*** upper bound 350
 335 336 337 338 341 343 344 345 347 349
Print [key0:key1]: *** lower bound 36
*** upper bound 272
 36 38 41 42 43 44 45 46 47 48 49 50 51 52 53 55 56 57 58 59 60 61 62 63 64 65 66 67 68 71 72 73 75 76 77 78 79 80 81 82 83 84 85 86 87 88 90 91 92 93 94 97 100 101 102 103 106 108 109 110 111 112 113 114 115 116 117 118 121 123 125 126 127 128 129 131 134 135 136 137 138 139 140 141 143 144 145 148 149 150 151 152 153 155 156 157 158 159 160 161 162 163 164 165 166 167 169 170 171 173 174 177 178 179 180 181 184 186 187 188 190 191 193 195 197 200 201 202 204 205 206 207 209 210 211 213 214 215 216 218 219 220 221 223 226 227 228 229 230 232 233 234 235 236 237 238 239 241 242 243 246 248 249 250 252 255 256 257 259 261 262 263 264 265 267 268 269
Print [key0:key1]: Print [key0:key1]: *** lower bound 283
*** upper bound 308
 283 285 286 288 289 290 291 292 293 294 295 296 297 298 301 302 303 305 306 307
Print [key0:key1]: *** lower bound 371
*** upper bound 437
 371 372 373 374 377 378 379 380 382 383 384 386 388 391 392 393 394 395 396 397 398 399 400 401 403 404 405 406 407 408 409 410 412 413 414 415 416 417 418 419 423 424 426 427 428 429 432 435
Print [key0:key1]: *** lower bound 118
*** upper bound 214
 118 121 123 125 126 127 128 129 131 134 135 136 137 138 139 140 141 143 144 145 148 149 150 151 152 153 155 156 157 158 159 160 161 162 163 164 165 166 167 169 170 171 173 174 177 178 179 180 181 184 186 187 188 190 191 193 195 197 200 201 202 204 205 206 207 209 210 211 213
Print [key0:key1]: Print [key0:key1]: Print [key0:key1]: *** lower bound 293
*** upper bound 429
 293 294 295 296 297 298 301 302 303 305 306 307 308 309 310 311 312 313 314 315 316 317 318 319 320 322 324 326 327 328 330 331 332 333 334 335 336 337 338 341 343 344 345 347 349 350 351 352 354 355 356 357 359 361 362 363 365 366 367 368 369 370 371 372 373 374 377 378 379 380 382 383 384 386 388 391 392 393 394 395 396 397 398 399 400 401 403 404 405 406 407 408 409 410 412 413 414 415 416 417 418 419 423 424 426 427 428
Print [key0:key1]: Print [key0:key1]: *** lower bound 5
*** upper bound 351
 5 6 7 9 10 12 13 14 15 18 19 20 21 22 23 24 25 27 29 31 32 33 34 36 38 41 42 43 44 45 46 47 48 49 50 51 52 53 55 56 57 58 59 60 61 62 63 64 65 66 67 68 71 72 73 75 76 77 78 79 80 81 82 83 84 85 86 87 88 90 91 92 93 94 97 100 101 102 103 106 108 109 110 111 112 113 114 115 116 117 118 121 123 125 126 127 128 129 131 134 135 136 137 138 139 140 141 143 144 145 148 149 150 151 152 153 155 156 157 158 159 160 161 162 163 164 165 166 167 169 170 171 173 174 177 178 179 180 181 184 186 187 188 190 191 193 195 197 200 201 202 204 205 206 207 209 210 211 213 214 215 216 218 219 220 221 223 226 227 228 229 230 232 233 234 235 236 237 238 239 241 242 243 246 248 249 250 252 255 256 257 259 261 262 263 264 265 267 268 269 272 274 276 278 280 281 282 283 285 286 288 289 290 291 292 293 294 295 296 297 298 301 302 303 305 306 307 308 309 310 311 312 313 314 315 316 317 318 319 320 322 324 326 327 328 330 331 332 333 334 335 336 337 338 341 343 344 345 347 349 350
Print [key0:key1]: *** lower bound 281
*** upper bound 285
 281 282 283
Print [key0:key1]: *** lower bound 117
*** upper bound 184
 117 118 121 123 125 126 127 128 129 131 134 135 136 137 138 139 140 141 143 144 145 148 149 150 151 152 153 155 156 157 158 159 160 161 162 163 164 165 166 167 169 170 171 173 174 177 178 179 180 181
Print [key0:key1]: *** lower bound 230
*** upper bound 255
 230 232 233 234 235 236 237 238 239 241 242 243 246 248 249 250 252
Print [key0:key1]: Print [key0:key1]: Print [key0:key1]: *** lower bound 391
*** upper bound 423
 391 392 393 394 395 396 397 398 399 400 401 403 404 405 406 407 408 409 410 412 413 414 415 416 417 418 419
Print [key0:key1]: Print [key0:key1]: *** lower bound 292
*** upper bound 295
 292 293 294
Print [key0:key1]: *** lower bound 261
*** upper bound 333
 261 262 263 264 265 267 268 269 272 274 276 278 280 281 282 283 285 286 288 289 290 291 292 293 294 295 296 297 298 301 302 303 305 306 307 308 309 310 311 312 313 314 315 316 317 318 319 320 322 324 326 327 328 330 331 332
Print [key0:key1]: Print [key0:key1]: *** lower bound 134
*** upper bound 290
 134 135 136 137 138 139 140 141 143 144 145 148 149 150 151 152 153 155 156 157 158 159 160 161 162 163 164 165 166 167 169 170 171 173 174 177 178 179 180 181 184 186 187 188 190 191 193 195 197 200 201 202 204 205 206 207 209 210 211 213 214 215 216 218 219 220 221 223 226 227 228 229 230 232 233 234 235 236 237 238 239 241 242 243 246 248 249 250 252 255 256 257 259 261 262 263 264 265 267 268 269 272 274 276 278 280 281 282 283 285 286 288 289
Print [key0:key1]: *** lower bound 193
*** upper bound 382
 193 195 197 200 201 202 204 205 206 207 209 210 211 213 214 215 216 218 219 220 221 223 226 227 228 229 230 232 233 234 235 236 237 238 239 241 242 243 246 248 249 250 252 255 256 257 259 261 262 263 264 265 267 268 269 272 274 276 278 280 281 282 283 285 286 288 289 290 291 292 293 294 295 296 297 298 301 302 303 305 306 307 308 309 310 311 312 313 314 315 316 317 318 319 320 322 324 326 327 328 330 331 332 333 334 335 336 337 338 341 343 344 345 347 349 350 351 352 354 355 356 357 359 361 362 363 365 366 367 368 369 370 371 372 373 374 377 378 379 380
Print [key0:key1]: *** lower bound 3
*** upper bound 395
 3 4 5 6 7 9 10 12 13 14 15 18 19 20 21 22 23 24 25 27 29 31 32 33 34 36 38 41 42 43 44 45 46 47 48 49 50 51 52 53 55 56 57 58 59 60 61 62 63 64 65 66 67 68 71 72 73 75 76 77 78 79 80 81 82 83 84 85 86 87 88 90 91 92 93 94 97 100 101 102 103 106 108 109 110 111 112 113 114 115 116 117 118 121 123 125 126 127 128 129 131 134 135 136 137 138 139 140 141 143 144 145 148 149 150 151 152 153 155 156 157 158 159 160 161 162 163 164 165 166 167 169 170 171 173 174 177 178 179 180 181 184 186 187 188 190 191 193 195 197 200 201 202 204 205 206 207 209 210 211 213 214 215 216 218 219 220 221 223 226 227 228 229 230 232 233 234 235 236 237 238 239 241 242 243 246 248 249 250 252 255 256 257 259 261 262 263 264 265 267 268 269 272 274 276 278 280 281 282 283 285 286 288 289 290 291 292 293 294 295 296 297 298 301 302 303 305 306 307 308 309 310 311 312 313 314 315 316 317 318 319 320 322 324 326 327 328 330 331 332 333 334 335 336 337 338 341 343 344 345 347 349 350 351 352 354 355 356 357 359 361 362 363 365 366 367 368 369 370 371 372 373 374 377 378 379 380 382 383 384 386 388 391 392 393 394
Print [key0:key1]: Print [key0:key1]: Print [key0:key1]: *** lower bound 121
*** upper bound 265
 121 123 125 126 127 128 129 131 134 135 136 137 138 139 140 141 143 144 145 148 149 150 151 152 153 155 156 157 158 159 160 161 162 163 164 165 166 167 169 170 171 173 174 177 178 179 180 181 184 186 187 188 190 191 193 195 197 200 201 202 204 205 206 207 209 210 211 213 214 215 216 218 219 220 221 223 226 227 228 229 230 232 233 234 235 236 237 238 239 241 242 243 246 248 249 250 252 255 256 257 259 261 262 263 264
Print [key0:key1]: Print [key0:key1]: Print [key0:key1]: *** lower bound 235
*** upper bound 397
 235 236 237 238 239 241 242 243 246 248 249 250 252 255 256 257 259 261 262 263 264 265 267 268 269 272 274 276 278 280 281 282 283 285 286 288 289 290 291 292 293 294 295 296 297 298 301 302 303 305 306 307 308 309 310 311 312 313 314 315 316 317 318 319 320 322 324 326 327 328 330 331 332 333 334 335 336 337 338 341 343 344 345 347 349 350 351 352 354 355 356 357 359 361 362 363 365 366 367 368 369 370 371 372 373 374 377 378 379 380 382 383 384 386 388 391 392 393 394 395 396
Print [key0:key1]: *** lower bound 127
*** upper bound 391
 127 128 129 131 134 135 136 137 138 139 140 141 143 144 145 148 149 150 151 152 153 155 156 157 158 159 160 161 162 163 164 165 166 167 169 170 171 173 174 177 178 179 180 181 184 186 187 188 190 191 193 195 197 200 201 202 204 205 206 207 209 210 211 213 214 215 216 218 219 220 221 223 226 227 228 229 230 232 233 234 235 236 237 238 239 241 242 243 246 248 249 250 252 255 256 257 259 261 262 263 264 265 267 268 269 272 274 276 278 280 281 282 283 285 286 288 289 290 291 292 293 294 295 296 297 298 301 302 303 305 306 307 308 309 310 311 312 313 314 315 316 317 318 319 320 322 324 326 327 328 330 331 332 333 334 335 336 337 338 341 343 344 345 347 349 350 351 352 354 355 356 357 359 361 362 363 365 366 367 368 369 370 371 372 373 374 377 378 379 380 382 383 384 386 388
Print [key0:key1]: Print [key0:key1]: *** lower bound 205
*** upper bound 227
 205 206 207 209 210 211 213 214 215 216 218 219 220 221 223 226
Print [key0:key1]: Print [key0:key1]: Print [key0:key1]: *** lower bound 9
*** upper bound 72
 9 10 12 13 14 15 18 19 20 21 22 23 24 25 27 29 31 32 33 34 36 38 41 42 43 44 45 46 47 48 49 50 51 52 53 55 56 57 58 59 60 61 62 63 64 65 66 67 68 71
Print [key0:key1]: *** lower bound 393
*** upper bound 435
 393 394 395 396 397 398 399 400 401 403 404 405 406 407 408 409 410 412 413 414 415 416 417 418 419 423 424 426 427 428 429 432
Print [key0:key1]: Print [key0:key1]: Print [key0:key1]: Print [key0:key1]: Print [key0:key1]: Print [key0:key1]: *** lower bound 238
*** upper bound 252
 238 239 241 242 243 246 248 249 250
Print [key0:key1]: Print [key0:key1]: Print [key0:key1]: *** lower bound 230
*** upper bound 298
 230 232 233 234 235 236 237 238 239 241 242 243 246 248 249 250 252 255 256 257 259 261 262 263 264 265 267 268 269 272 274 276 278 280 281 282 283 285 286 288 289 290 291 292 293 294 295 296 297
Print [key0:key1]: Print [key0:key1]: *** lower bound 76
*** upper bound 211
 76 77 78 79 80 81 82 83 84 85 86 87 88 90 91 92 93 94 97 100 101 102 103 106 108 109 110 111 112 113 114 115 116 117 118 121 123 125 126 127 128 129 131 134 135 136 137 138 139 140 141 143 144 145 148 149 150 151 152 153 155 156 157 158 159 160 161 162 163 164 165 166 167 169 170 171 173 174 177 178 179 180 181 184 186 187 188 190 191 193 195 197 200 201 202 204 205 206 207 209 210
Print [key0:key1]: Print [key0:key1]: *** lower bound 9
*** upper bound 257
 9 10 12 13 14 15 18 19 20 21 22 23 24 25 27 29 31 32 33 34 36 38 41 42 43 44 45 46 47 48 49 50 51 52 53 55 56 57 58 59 60 61 62 63 64 65 66 67 68 71 72 73 75 76 77 78 79 80 81 82 83 84 85 86 87 88 90 91 92 93 94 97 100 101 102 103 106 108 109 110 111 112 113 114 115 116 117 118 121 123 125 126 127 128 129 131 134 135 136 137 138 139 140 141 143 144 145 148 149 150 151 152 153 155 156 157 158 159 160 161 162 163 164 165 166 167 169 170 171 173 174 177 178 179 180 181 184 186 187 188 190 191 193 195 197 200 201 202 204 205 206 207 209 210 211 213 214 215 216 218 219 220 221 223 226 227 228 229 230 232 233 234 235 236 237 238 239 241 242 243 246 248 249 250 252 255 256
Print [key0:key1]: *** lower bound 77
*** upper bound 399
 77 78 79 80 81 82 83 84 85 86 87 88 90 91 92 93 94 97 100 101 102 103 106 108 109 110 111 112 113 114 115 116 117 118 121 123 125 126 127 128 129 131 134 135 136 137 138 139 140 141 143 144 145 148 149 150 151 152 153 155 156 157 158 159 160 161 162 163 164 165 166 167 169 170 171 173 174 177 178 179 180 181 184 186 187 188 190 191 193 195 197 200 201 202 204 205 206 207 209 210 211 213 214 215 216 218 219 220 221 223 226 227 228 229 230 232 233 234 235 236 237 238 239 241 242 243 246 248 249 250 252 255 256 257 259 261 262 263 264 265 267 268 269 272 274 276 278 280 281 282 283 285 286 288 289 290 291 292 293 294 295 296 297 298 301 302 303 305 306 307 308 309 310 311 312 313 314 315 316 317 318 319 320 322 324 326 327 328 330 331 332 333 334 335 336 337 338 341 343 344 345 347 349 350 351 352 354 355 356 357 359 361 362 363 365 366 367 368 369 370 371 372 373 374 377 378 379 380 382 383 384 386 388 391 392 393 394 395 396 397 398
Print [key0:key1]: *** lower bound 234
*** upper bound 409
 234 235 236 237 238 239 241 242 243 246 248 249 250 252 255 256 257 259 261 262 263 264 265 267 268 269 272 274 276 278 280 281 282 283 285 286 288 289 290 291 292 293 294 295 296 297 298 301 302 303 305 306 307 308 309 310 311 312 313 314 315 316 317 318 319 320 322 324 326 327 328 330 331 332 333 334 335 336 337 338 341 343 344 345 347 349 350 351 352 354 355 356 357 359 361 362 363 365 366 367 368 369 370 371 372 373 374 377 378 379 380 382 383 384 386 388 391 392 393 394 395 396 397 398 399 400 401 403 404 405 406 407 408
Print [key0:key1]: *** lower bound 210
*** upper bound 242
 210 211 213 214 215 216 218 219 220 221 223 226 227 228 229 230 232 233 234 235 236 237 238 239 241
Print [key0:key1]: Print [key0:key1]: Print [key0:key1]: Print [key0:key1]: *** lower bound 97
*** upper bound 232
 97 100 101 102 103 106 108 109 110 111 112 113 114 115 116 117 118 121 123 125 126 127 128 129 131 134 135 136 137 138 139 140 141 143 144 145 148 149 150 151 152 153 155 156 157 158 159 160 161 162 163 164 165 166 167 169 170 171 173 174 177 178 179 180 181 184 186 187 188 190 191 193 195 197 200 201 202 204 205 206 207 209 210 211 213 214 215 216 218 219 220 221 223 226 227 228 229 230
Print [key0:key1]: Print [key0:key1]: *** lower bound 19
*** upper bound 419
 19 20 21 22 23 24 25 27 29 31 32 33 34 36 38 41 42 43 44 45 46 47 48 49 50 51 52 53 55 56 57 58 59 60 61 62 63 64 65 66 67 68 71 72 73 75 76 77 78 79 80 81 82 83 84 85 86 87 88 90 91 92 93 94 97 100 101 102 103 106 108 109 110 111 112 113 114 115 116 117 118 121 123 125 126 127 128 129 131 134 135 136 137 138 139 140 141 143 144 145 148 149 150 151 152 153 155 156 157 158 159 160 161 162 163 164 165 166 167 169 170 171 173 174 177 178 179 180 181 184 186 187 188 190 191 193 195 197 200 201 202 204 205 206 207 209 210 211 213 214 215 216 218 219 220 221 223 226 227 228 229 230 232 233 234 235 236 237 238 239 241 242 243 246 248 249 250 252 255 256 257 259 261 262 263 264 265 267 268 269 272 274 276 278 280 281 282 283 285 286 288 289 290 291 292 293 294 295 296 297 298 301 302 303 305 306 307 308 309 310 311 312 313 314 315 316 317 318 319 320 322 324 326 327 328 330 331 332 333 334 335 336 337 338 341 343 344 345 347 349 350 351 352 354 355 356 357 359 361 362 363 365 366 367 368 369 370 371 372 373 374 377 378 379 380 382 383 384 386 388 391 392 393 394 395 396 397 398 399 400 401 403 404 405 406 407 408 409 410 412 413 414 415 416 417 418
Print [key0:key1]: Print [key0:key1]: *** lower bound 209
*** upper bound 355
 209 210 211 213 214 215 216 218 219 220 221 223 226 227 228 229 230 232 233 234 235 236 237 238 239 241 242 243 246 248 249 250 252 255 256 257 259 261 262 263 264 265 267 268 269 272 274 276 278 280 281 282 283 285 286 288 289 290 291 292 293 294 295 296 297 298 301 302 303 305 306 307 308 309 310 311 312 313 314 315 316 317 318 319 320 322 324 326 327 328 330 331 332 333 334 335 336 337 338 341 343 344 345 347 349 350 351 352 354
Print [key0:key1]: Print [key0:key1]: *** lower bound 201
*** upper bound 249
 201 202 204 205 206 207 209 210 211 213 214 215 216 218 219 220 221 223 226 227 228 229 230 232 233 234 235 236 237 238 239 241 242 243 246 248
Print [key0:key1]: *** lower bound 97
*** upper bound 171
 97 100 101 102 103 106 108 109 110 111 112 113 114 115 116 117 118 121 123 125 126 127 128 129 131 134 135 136 137 138 139 140 141 143 144 145 148 149 150 151 152 153 155 156 157 158 159 160 161 162 163 164 165 166 167 169 170
Print [key0:key1]: 
