 4 5 7 8 9 10 11 12 13 14 15 16 18 19 22 24 25 26 27 31 32 33 34 35 36 38 39 41 42 43 45 47 48 50 51 52 53 54 56 57 59 60 61 63 64 65 67 68 69 71 72 73 74 75 76 78 80 81 83 84 85 87 88 89 90 91 92 93 94 95 100 101 103 104 105 106 108 109 110 111 113 116 117 118 119 121 122 123 125 126 127 131 132 133 135 136 137 138 139 140 142 143 145 146 147 148 149 150 151 152 154 155 156 157 158 159 160 161 162 163 164 165 166 167 171 173 174 176 178 179 182 183 185 187 188 189 190 192 194 195 196 197 198 199 200 204 205 206 207 208 210 211 212 213 214 216 217 218 219 221 222 223 224 225 226 227 228 229 231 232 233 234 235 239 240 241 242 243 245 246 247 248 250 251 252 253 254 255 256 257 259 260 261 262 263 264 265 266 267 268 269 270
Print [key0:key1]: *** lower bound 4
*** upper bound 71
 4 5 7 8 9 10 11 12 13 14 15 16 18 19 22 24 25 26 27 31 32 33 34 35 36 38 39 41 42 43 45 47 48 50 51 52 53 54 56 57 59 60 61 63 64 65 67 68 69
Print [key0:key1]: *** lower bound 61
*** upper bound 121
 61 63 64 65 67 68 69 71 72 73 74 75 76 78 80 81 83 84 85 87 88 89 90 91 92 93 94 95 100 101 103 104 105 106 108 109 110 111 113 116 117 118 119
Print [key0:key1]: *** lower bound 76
*** upper bound 78
 76
Print [key0:key1]: Print [key0:key1]: *** lower bound 72
*** upper bound 182
 72 73 74 75 76 78 80 81 83 84 85 87 88 89 90 91 92 93 94 95 100 101 103 104 105 106 108 109 110 111 113 116 117 118 119 121 122 123 125 126 127 131 132 133 135 136 137 138 139 140 142 143 145 146 147 148 149 150 151 152 154 155 156 157 158 159 160 161 162 163 164 165 166 167 171 173 174 176 178 179
Print [key0:key1]: *** lower bound 149
*** upper bound 185
 149 150 151 152 154 155 156 157 158 159 160 161 162 163 164 165 166 167 171 173 174 176 178 179 182 183
Print [key0:key1]: *** lower bound 22
*** upper bound 83
 22 24 25 26 27 31 32 33 34 35 36 38 39 41 42 43 45 47 48 50 51 52 53 54 56 57 59 60 61 63 64 65 67 68 69 71 72 73 74 75 76 78 80 81
Print [key0:key1]: *** lower bound 35
*** upper bound 131
 35 36 38 39 41 42 43 45 47 48 50 51 52 53 54 56 57 59 60 61 63 64 65 67 68 69 71 72 73 74 75 76 78 80 81 83 84 85 87 88 89 90 91 92 93 94 95 100 101 103 104 105 106 108 109 110 111 113 116 117 118 119 121 122 123 125 126 127
Print [key0:key1]: *** lower bound 113
*** upper bound 178
 113 116 117 118 119 121 122 123 125 126 127 131 132 133 135 136 137 138 139 140 142 143 145 146 147 148 149 150 151 152 154 155 156 157 158 159 160 161 162 163 164 165 166 167 171 173 174 176
Print [key0:key1]: Print [key0:key1]: Print [key0:key1]: *** lower bound 4
*** upper bound 164
 4 5 7 8 9 10 11 12 13 14 15 16 18 19 22 24 25 26 27 31 32 33 34 35 36 38 39 41 42 43 45 47 48 50 51 52 53 54 56 57 59 60 61 63 64 65 67 68 69 71 72 73 74 75 76 78 80 81 83 84 85 87 88 89 90 91 92 93 94 95 100 101 103 104 105 106 108 109 110 111 113 116 117 118 119 121 122 123 125 126 127 131 132 133 135 136 137 138 139 140 142 143 145 146 147 148 149 150 151 152 154 155 156 157 158 159 160 161 162 163
Print [key0:key1]: Print [key0:key1]: Print [key0:key1]: Print [key0:key1]: Print [key0:key1]: *** lower bound 39
*** upper bound 194
 39 41 42 43 45 47 48 50 51 52 53 54 56 57 59 60 61 63 64 65 67 68 69 71 72 73 74 75 76 78 80 81 83 84 85 87 88 89 90 91 92 93 94 95 100 101 103 104 105 106 108 109 110 111 113 116 117 118 119 121 122 123 125 126 127 131 132 133 135 136 137 138 139 140 142 143 145 146 147 148 149 150 151 152 154 155 156 157 158 159 160 161 162 163 164 165 166 167 171 173 174 176 178 179 182 183 185 187 188 189 190 192
Print [key0:key1]: *** lower bound 198
*** upper bound 216
 198 199 200 204 205 206 207 208 210 211 212 213 214
Print [key0:key1]: Print [key0:key1]: *** lower bound 48
*** upper bound 142
 48 50 51 52 53 54 56 57 59 60 61 63 64 65 67 68 69 71 72 73 74 75 76 78 80 81 83 84 85 87 88 89 90 91 92 93 94 95 100 101 103 104 105 106 108 109 110 111 113 116 117 118 119 121 122 123 125 126 127 131 132 133 135 136 137 138 139 140
Print [key0:key1]: *** lower bound 119
*** upper bound 165
 119 121 122 123 125 126 127 131 132 133 135 136 137 138 139 140 142 143 145 146 147 148 149 150 151 152 154 155 156 157 158 159 160 161 162 163 164
Print [key0:key1]: *** lower bound 4
*** upper bound 26
 4 5 7 8 9 10 11 12 13 14 15 16 18 19 22 24 25
Print [key0:key1]: Print [key0:key1]: *** lower bound 4
*** upper bound 171
 4 5 7 8 9 10 11 12 13 14 15 16 18 19 22 24 25 26 27 31 32 33 34 35 36 38 39 41 42 43 45 47 48 50 51 52 53 54 56 57 59 60 61 63 64 65 67 68 69 71 72 73 74 75 76 78 80 81 83 84 85 87 88 89 90 91 92 93 94 95 100 101 103 104 105 106 108 109 110 111 113 116 117 118 119 121 122 123 125 126 127 131 132 133 135 136 137 138 139 140 142 143 145 146 147 148 149 150 151 152 154 155 156 157 158 159 160 161 162 163 164 165 166 167
Print [key0:key1]: *** lower bound 18
*** upper bound 103
 18 19 22 24 25 26 27 31 32 33 34 35 36 38 39 41 42 43 45 47 48 50 51 52 53 54 56 57 59 60 61 63 64 65 67 68 69 71 72 73 74 75 76 78 80 81 83 84 85 87 88 89 90 91 92 93 94 95 100 101
Print [key0:key1]: Print [key0:key1]: *** lower bound 110
*** upper bound 151
 110 111 113 116 117 118 119 121 122 123 125 126 127 131 132 133 135 136 137 138 139 140 142 143 145 146 147 148 149 150
Print [key0:key1]: Print [key0:key1]: Print [key0:key1]: *** lower bound 4
*** upper bound 50
 4 5 7 8 9 10 11 12 13 14 15 16 18 19 22 24 25 26 27 31 32 33 34 35 36 38 39 41 42 43 45 47 48
Print [key0:key1]: Print [key0:key1]: *** lower bound 38
*** upper bound 211
 38 39 41 42 43 45 47 48 50 51 52 53 54 56 57 59 60 61 63 64 65 67 68 69 71 72 73 74 75 76 78 80 81 83 84 85 87 88 89 90 91 92 93 94 95 100 101 103 104 105 106 108 109 110 111 113 116 117 118 119 121 122 123 125 126 127 131 132 133 135 136 137 138 139 140 142 143 145 146 147 148 149 150 151 152 154 155 156 157 158 159 160 161 162 163 164 165 166 167 171 173 174 176 178 179 182 183 185 187 188 189 190 192 194 195 196 197 198 199 200 204 205 206 207 208 210
Print [key0:key1]: Print [key0:key1]: Print [key0:key1]: Print [key0:key1]: Print [key0:key1]: *** lower bound 4
*** upper bound 24
 4 5 7 8 9 10 11 12 13 14 15 16 18 19 22
Print [key0:key1]: Print [key0:key1]: Print [key0:key1]: Print [key0:key1]: *** lower bound 56
*** upper bound 146
 56 57 59 60 61 63 64 65 67 68 69 71 72 73 74 75 76 78 80 81 83 84 85 87 88 89 90 91 92 93 94 95 100 101 103 104 105 106 108 109 110 111 113 116 117 118 119 121 122 123 125 126 127 131 132 133 135 136 137 138 139 140 142 143 145
Print [key0:key1]: *** lower bound 100
*** upper bound 119
 100 101 103 104 105 106 108 109 110 111 113 116 117 118
Print [key0:key1]: *** lower bound 117
*** upper bound 136
 117 118 119 121 122 123 125 126 127 131 132 133 135
Print [key0:key1]: Print [key0:key1]: Print [key0:key1]: *** lower bound 4
*** upper bound 145
 4 5 7 8 9 10 11 12 13 14 15 16 18 19 22 24 25 26 27 31 32 33 34 35 36 38 39 41 42 43 45 47 48 50 51 52 53 54 56 57 59 60 61 63 64 65 67 68 69 71 72 73 74 75 76 78 80 81 83 84 85 87 88 89 90 91 92 93 94 95 100 101 103 104 105 106 108 109 110 111 113 116 117 118 119 121 122 123 125 126 127 131 132 133 135 136 137 138 139 140 142 143
Print [key0:key1]: *** lower bound 4
*** upper bound 65
 4 5 7 8 9 10 11 12 13 14 15 16 18 19 22 24 25 26 27 31 32 33 34 35 36 38 39 41 42 43 45 47 48 50 51 52 53 54 56 57 59 60 61 63 64
Print [key0:key1]: *** lower bound 183
*** upper bound 198
 183 185 187 188 189 190 192 194 195 196 197
Print [key0:key1]: Print [key0:key1]: *** lower bound 90
*** upper bound 133
 90 91 92 93 94 95 100 101 103 104 105 106 108 109 110 111 113 116 117 118 119 121 122 123 125 126 127 131 132
Print [key0:key1]: Print [key0:key1]: Print [key0:key1]: *** lower bound 4
*** upper bound 138
 4 5 7 8 9 10 11 12 13 14 15 16 18 19 22 24 25 26 27 31 32 33 34 35 36 38 39 41 42 43 45 47 48 50 51 52 53 54 56 57 59 60 61 63 64 65 67 68 69 71 72 73 74 75 76 78 80 81 83 84 85 87 88 89 90 91 92 93 94 95 100 101 103 104 105 106 108 109 110 111 113 116 117 118 119 121 122 123 125 126 127 131 132 133 135 136 137
Print [key0:key1]: *** lower bound 131
*** upper bound 182
 131 132 133 135 136 137 138 139 140 142 143 145 146 147 148 149 150 151 152 154 155 156 157 158 159 160 161 162 163 164 165 166 167 171 173 174 176 178 179
Print [key0:key1]: *** lower bound 19
*** upper bound 103
 19 22 24 25 26 27 31 32 33 34 35 36 38 39 41 42 43 45 47 48 50 51 52 53 54 56 57 59 60 61 63 64 65 67 68 69 71 72 73 74 75 76 78 80 81 83 84 85 87 88 89 90 91 92 93 94 95 100 101
Print [key0:key1]: *** lower bound 9
*** upper bound 131
 9 10 11 12 13 14 15 16 18 19 22 24 25 26 27 31 32 33 34 35 36 38 39 41 42 43 45 47 48 50 51 52 53 54 56 57 59 60 61 63 64 65 67 68 69 71 72 73 74 75 76 78 80 81 83 84 85 87 88 89 90 91 92 93 94 95 100 101 103 104 105 106 108 109 110 111 113 116 117 118 119 121 122 123 125 126 127
Print [key0:key1]: Print [key0:key1]: *** lower bound 4
*** upper bound 117
 4 5 7 8 9 10 11 12 13 14 15 16 18 19 22 24 25 26 27 31 32 33 34 35 36 38 39 41 42 43 45 47 48 50 51 52 53 54 56 57 59 60 61 63 64 65 67 68 69 71 72 73 74 75 76 78 80 81 83 84 85 87 88 89 90 91 92 93 94 95 100 101 103 104 105 106 108 109 110 111 113 116
Print [key0:key1]: *** lower bound 42
*** upper bound 196
 42 43 45 47 48 50 51 52 53 54 56 57 59 60 61 63 64 65 67 68 69 71 72 73 74 75 76 78 80 81 83 84 85 87 88 89 90 91 92 93 94 95 100 101 103 104 105 106 108 109 110 111 113 116 117 118 119 121 122 123 125 126 127 131 132 133 135 136 137 138 139 140 142 143 145 146 147 148 149 150 151 152 154 155 156 157 158 159 160 161 162 163 164 165 166 167 171 173 174 176 178 179 182 183 185 187 188 189 190 192 194 195
Print [key0:key1]: *** lower bound 41
*** upper bound 67
 41 42 43 45 47 48 50 51 52 53 54 56 57 59 60 61 63 64 65
Print [key0:key1]: Print [key0:key1]: Print [key0:key1]: *** lower bound 59
*** upper bound 210
 59 60 61 63 64 65 67 68 69 71 72 73 74 75 76 78 80 81 83 84 85 87 88 89 90 91 92 93 94 95 100 101 103 104 105 106 108 109 110 111 113 116 117 118 119 121 122 123 125 126 127 131 132 133 135 136 137 138 139 140 142 143 145 146 147 148 149 150 151 152 154 155 156 157 158 159 160 161 162 163 164 165 166 167 171 173 174 176 178 179 182 183 185 187 188 189 190 192 194 195 196 197 198 199 200 204 205 206 207 208
Print [key0:key1]: Print [key0:key1]: *** lower bound 4
*** upper bound 122
 4 5 7 8 9 10 11 12 13 14 15 16 18 19 22 24 25 26 27 31 32 33 34 35 36 38 39 41 42 43 45 47 48 50 51 52 53 54 56 57 59 60 61 63 64 65 67 68 69 71 72 73 74 75 76 78 80 81 83 84 85 87 88 89 90 91 92 93 94 95 100 101 103 104 105 106 108 109 110 111 113 116 117 118 119 121
Print [key0:key1]: *** lower bound 56
*** upper bound 143
 56 57 59 60 61 63 64 65 67 68 69 71 72 73 74 75 76 78 80 81 83 84 85 87 88 89 90 91 92 93 94 95 100 101 103 104 105 106 108 109 110 111 113 116 117 118 119 121 122 123 125 126 127 131 132 133 135 136 137 138 139 140 142
Print [key0:key1]: Print [key0:key1]: Print [key0:key1]: Print [key0:key1]: Print [key0:key1]: *** lower bound 84
*** upper bound 171
 84 85 87 88 89 90 91 92 93 94 95 100 101 103 104 105 106 108 109 110 111 113 116 117 118 119 121 122 123 125 126 127 131 132 133 135 136 137 138 139 140 142 143 145 146 147 148 149 150 151 152 154 155 156 157 158 159 160 161 162 163 164 165 166 167
Print [key0:key1]: Print [key0:key1]: Print [key0:key1]: *** lower bound 65
*** upper bound 156
 65 67 68 69 71 72 73 74 75 76 78 80 81 83 84 85 87 88 89 90 91 92 93 94 95 100 101 103 104 105 106 108 109 110 111 113 116 117 118 119 121 122 123 125 126 127 131 132 133 135 136 137 138 139 140 142 143 145 146 147 148 149 150 151 152 154 155
Print [key0:key1]: *** lower bound 25
*** upper bound 59
 25 26 27 31 32 33 34 35 36 38 39 41 42 43 45 47 48 50 51 52 53 54 56 57
Print [key0:key1]: Print [key0:key1]: *** lower bound 42
*** upper bound 71
 42 43 45 47 48 50 51 52 53 54 56 57 59 60 61 63 64 65 67 68 69
Print [key0:key1]: *** lower bound 100
*** upper bound 154
 100 101 103 104 105 106 108 109 110 111 113 116 117 118 119 121 122 123 125 126 127 131 132 133 135 136 137 138 139 140 142 143 145 146 147 148 149 150 151 152
Print [key0:key1]: *** lower bound 138
*** upper bound 150
 138 139 140 142 143 145 146 147 148 149
Print [key0:key1]: *** lower bound 100
*** upper bound 155
 100 101 103 104 105 106 108 109 110 111 113 116 117 118 119 121 122 123 125 126 127 131 132 133 135 136 137 138 139 140 142 143 145 146 147 148 149 150 151 152 154
Print [key0:key1]: *** lower bound 57
*** upper bound 116
 57 59 60 61 63 64 65 67 68 69 71 72 73 74 75 76 78 80 81 83 84 85 87 88 89 90 91 92 93 94 95 100 101 103 104 105 106 108 109 110 111 113
Print [key0:key1]: *** lower bound 61
*** upper bound 194
 61 63 64 65 67 68 69 71 72 73 74 75 76 78 80 81 83 84 85 87 88 89 90 91 92 93 94 95 100 101 103 104 105 106 108 109 110 111 113 116 117 118 119 121 122 123 125 126 127 131 132 133 135 136 137 138 139 140 142 143 145 146 147 148 149 150 151 152 154 155 156 157 158 159 160 161 162 163 164 165 166 167 171 173 174 176 178 179 182 183 185 187 188 189 190 192
Print [key0:key1]: *** lower bound 93
*** upper bound 214
 93 94 95 100 101 103 104 105 106 108 109 110 111 113 116 117 118 119 121 122 123 125 126 127 131 132 133 135 136 137 138 139 140 142 143 145 146 147 148 149 150 151 152 154 155 156 157 158 159 160 161 162 163 164 165 166 167 171 173 174 176 178 179 182 183 185 187 188 189 190 192 194 195 196 197 198 199 200 204 205 206 207 208 210 211 212 213
Print [key0:key1]: Print [key0:key1]: Print [key0:key1]: *** lower bound 4
*** upper bound 64
 4 5 7 8 9 10 11 12 13 14 15 16 18 19 22 24 25 26 27 31 32 33 34 35 36 38 39 41 42 43 45 47 48 50 51 52 53 54 56 57 59 60 61 63
Print [key0:key1]: *** lower bound 26
*** upper bound 174
 26 27 31 32 33 34 35 36 38 39 41 42 43 45 47 48 50 51 52 53 54 56 57 59 60 61 63 64 65 67 68 69 71 72 73 74 75 76 78 80 81 83 84 85 87 88 89 90 91 92 93 94 95 100 101 103 104 105 106 108 109 110 111 113 116 117 118 119 121 122 123 125 126 127 131 132 133 135 136 137 138 139 140 142 143 145 146 147 148 149 150 151 152 154 155 156 157 158 159 160 161 162 163 164 165 166 167 171 173
Print [key0:key1]: *** lower bound 41
*** upper bound 171
 41 42 43 45 47 48 50 51 52 53 54 56 57 59 60 61 63 64 65 67 68 69 71 72 73 74 75 76 78 80 81 83 84 85 87 88 89 90 91 92 93 94 95 100 101 103 104 105 106 108 109 110 111 113 116 117 118 119 121 122 123 125 126 127 131 132 133 135 136 137 138 139 140 142 143 145 146 147 148 149 150 151 152 154 155 156 157 158 159 160 161 162 163 164 165 166 167
Print [key0:key1]: *** lower bound 34
*** upper bound 105
 34 35 36 38 39 41 42 43 45 47 48 50 51 52 53 54 56 57 59 60 61 63 64 65 67 68 69 71 72 73 74 75 76 78 80 81 83 84 85 87 88 89 90 91 92 93 94 95 100 101 103 104
Print [key0:key1]: Print [key0:key1]: *** lower bound 196
*** upper bound 211
 196 197 198 199 200 204 205 206 207 208 210
Print [key0:key1]: Print [key0:key1]: *** lower bound 104
*** upper bound 145
 104 105 106 108 109 110 111 113 116 117 118 119 121 122 123 125 126 127 131 132 133 135 136 137 138 139 140 142 143
Print [key0:key1]: Print [key0:key1]: *** lower bound 145
*** upper bound 217
 145 146 147 148 149 150 151 152 154 155 156 157 158 159 160 161 162 163 164 165 166 167 171 173 174 176 178 179 182 183 185 187 188 189 190 192 194 195 196 197 198 199 200 204 205 206 207 208 210 211 212 213 214 216
Print [key0:key1]: *** lower bound 19
*** upper bound 101
 19 22 24 25 26 27 31 32 33 34 35 36 38 39 41 42 43 45 47 48 50 51 52 53 54 56 57 59 60 61 63 64 65 67 68 69 71 72 73 74 75 76 78 80 81 83 84 85 87 88 89 90 91 92 93 94 95 100
Print [key0:key1]: *** lower bound 27
*** upper bound 61
 27 31 32 33 34 35 36 38 39 41 42 43 45 47 48 50 51 52 53 54 56 57 59 60
Print [key0:key1]: Print [key0:key1]: Print [key0:key1]: Print [key0:key1]: *** lower bound 9
*** upper bound 204
 9 10 11 12 13 14 15 16 18 19 22 24 25 26 27 31 32 33 34 35 36 38 39 41 42 43 45 47 48 50 51 52 53 54 56 57 59 60 61 63 64 65 67 68 69 71 72 73 74 75 76 78 80 81 83 84 85 87 88 89 90 91 92 93 94 95 100 101 103 104 105 106 108 109 110 111 113 116 117 118 119 121 122 123 125 126 127 131 132 133 135 136 137 138 139 140 142 143 145 146 147 148 149 150 151 152 154 155 156 157 158 159 160 161 162 163 164 165 166 167 171 173 174 176 178 179 182 183 185 187 188 189 190 192 194 195 196 197 198 199 200
Print [key0:key1]: 
