 0 1 2 3 5 6 9 10 11 12 13 14 15 16 17 19 20 21 22 23 24 25 26 27 28 29 30 32 33 34 35 36 37 38 39 41 44 48 50 51 52 53 54 55 56 57 58 59 60 61 62 63 64 65 66 67 69 70 71 72 76 79 81 82 84 88 90 91 92 93 95 97 99 100 101 103 105 106 107 109 111 112 114 117 118 119 120 121 122 123 124 125 127 128 129 130 131 133 134 135 137 138 139 140 141 142 143 145 147 148 149 150 151 152 153 155 157 158 159 160 161 162 163 164 165 166 170 171 172 174 175 176 177 178 180 181 183 184 185 188 190 192 193 194 195 197 199 200 201 203 204 205 206 208 209 210 213 214 215 216 217 218 219 221 223 224 226 228 229 231 232 233 235 236 237 239 240 241 242 244 245 246 248 249 250 251 252 253 254 255 256 257 258 259 260 261 262 263 264 265 266 267 268 270 271 272 273 277 279 281 284 285 288 289 290 291 293 294 295 296 297 298 299 300 301 302 303 306 307 308 309 310 311 312 313 314 315 317 318 319 320 323 324 325 326 327 329 330 332 333 334 336 337 338 340 341 342 346 348 349 350 351 352 353 354 355 356 358 359 360
Print [key0:key1]: *** lower bound 180
*** upper bound 223
 180 181 183 184 185 188 190 192 193 194 195 197 199 200 201 203 204 205 206 208 209 210 213 214 215 216 217 218 219 221
Print [key0:key1]: Print [key0:key1]: *** lower bound 16
*** upper bound 248
 16 17 19 20 21 22 23 24 25 26 27 28 29 30 32 33 34 35 36 37 38 39 41 44 48 50 51 52 53 54 55 56 57 58 59 60 61 62 63 64 65 66 67 69 70 71 72 76 79 81 82 84 88 90 91 92 93 95 97 99 100 101 103 105 106 107 109 111 112 114 117 118 119 120 121 122 123 124 125 127 128 129 130 131 133 134 135 137 138 139 140 141 142 143 145 147 148 149 150 151 152 153 155 157 158 159 160 161 162 163 164 165 166 170 171 172 174 175 176 177 178 180 181 183 184 185 188 190 192 193 194 195 197 199 200 201 203 204 205 206 208 209 210 213 214 215 216 217 218 219 221 223 224 226 228 229 231 232 233 235 236 237 239 240 241 242 244 245 246
Print [key0:key1]: Print [key0:key1]: *** lower bound 9
*** upper bound 248
 9 10 11 12 13 14 15 16 17 19 20 21 22 23 24 25 26 27 28 29 30 32 33 34 35 36 37 38 39 41 44 48 50 51 52 53 54 55 56 57 58 59 60 61 62 63 64 65 66 67 69 70 71 72 76 79 81 82 84 88 90 91 92 93 95 97 99 100 101 103 105 106 107 109 111 112 114 117 118 119 120 121 122 123 124 125 127 128 129 130 131 133 134 135 137 138 139 140 141 142 143 145 147 148 149 150 151 152 153 155 157 158 159 160 161 162 163 164 165 166 170 171 172 174 175 176 177 178 180 181 183 184 185 188 190 192 193 194 195 197 199 200 201 203 204 205 206 208 209 210 213 214 215 216 217 218 219 221 223 224 226 228 229 231 232 233 235 236 237 239 240 241 242 244 245 246
Print [key0:key1]: *** lower bound 48
*** upper bound 151
 48 50 51 52 53 54 55 56 57 58 59 60 61 62 63 64 65 66 67 69 70 71 72 76 79 81 82 84 88 90 91 92 93 95 97 99 100 101 103 105 106 107 109 111 112 114 117 118 119 120 121 122 123 124 125 127 128 129 130 131 133 134 135 137 138 139 140 141 142 143 145 147 148 149 150
Print [key0:key1]: *** lower bound 206
*** upper bound 270
 206 208 209 210 213 214 215 216 217 218 219 221 223 224 226 228 229 231 232 233 235 236 237 239 240 241 242 244 245 246 248 249 250 251 252 253 254 255 256 257 258 259 260 261 262 263 264 265 266 267 268
Print [key0:key1]: Print [key0:key1]: Print [key0:key1]: *** lower bound 0
*** upper bound 50
 0 1 2 3 5 6 9 10 11 12 13 14 15 16 17 19 20 21 22 23 24 25 26 27 28 29 30 32 33 34 35 36 37 38 39 41 44 48
Print [key0:key1]: Print [key0:key1]: Print [key0:key1]: Print [key0:key1]: *** lower bound 56
*** upper bound 208
 56 57 58 59 60 61 62 63 64 65 66 67 69 70 71 72 76 79 81 82 84 88 90 91 92 93 95 97 99 100 101 103 105 106 107 109 111 112 114 117 118 119 120 121 122 123 124 125 127 128 129 130 131 133 134 135 137 138 139 140 141 142 143 145 147 148 149 150 151 152 153 155 157 158 159 160 161 162 163 164 165 166 170 171 172 174 175 176 177 178 180 181 183 184 185 188 190 192 193 194 195 197 199 200 201 203 204 205 206
Print [key0:key1]: Print [key0:key1]: *** lower bound 90
*** upper bound 163
 90 91 92 93 95 97 99 100 101 103 105 106 107 109 111 112 114 117 118 119 120 121 122 123 124 125 127 128 129 130 131 133 134 135 137 138 139 140 141 142 143 145 147 148 149 150 151 152 153 155 157 158 159 160 161 162
Print [key0:key1]: *** lower bound 57
*** upper bound 120
 57 58 59 60 61 62 63 64 65 66 67 69 70 71 72 76 79 81 82 84 88 90 91 92 93 95 97 99 100 101 103 105 106 107 109 111 112 114 117 118 119
Print [key0:key1]: *** lower bound 188
*** upper bound 219
 188 190 192 193 194 195 197 199 200 201 203 204 205 206 208 209 210 213 214 215 216 217 218
Print [key0:key1]: *** lower bound 55
*** upper bound 106
 55 56 57 58 59 60 61 62 63 64 65 66 67 69 70 71 72 76 79 81 82 84 88 90 91 92 93 95 97 99 100 101 103 105
Print [key0:key1]: *** lower bound 124
*** upper bound 139
 124 125 127 128 129 130 131 133 134 135 137 138
Print [key0:key1]: *** lower bound 244
*** upper bound 260
 244 245 246 248 249 250 251 252 253 254 255 256 257 258 259
Print [key0:key1]: *** lower bound 25
*** upper bound 284
 25 26 27 28 29 30 32 33 34 35 36 37 38 39 41 44 48 50 51 52 53 54 55 56 57 58 59 60 61 62 63 64 65 66 67 69 70 71 72 76 79 81 82 84 88 90 91 92 93 95 97 99 100 101 103 105 106 107 109 111 112 114 117 118 119 120 121 122 123 124 125 127 128 129 130 131 133 134 135 137 138 139 140 141 142 143 145 147 148 149 150 151 152 153 155 157 158 159 160 161 162 163 164 165 166 170 171 172 174 175 176 177 178 180 181 183 184 185 188 190 192 193 194 195 197 199 200 201 203 204 205 206 208 209 210 213 214 215 216 217 218 219 221 223 224 226 228 229 231 232 233 235 236 237 239 240 241 242 244 245 246 248 249 250 251 252 253 254 255 256 257 258 259 260 261 262 263 264 265 266 267 268 270 271 272 273 277 279 281
Print [key0:key1]: *** lower bound 26
*** upper bound 76
 26 27 28 29 30 32 33 34 35 36 37 38 39 41 44 48 50 51 52 53 54 55 56 57 58 59 60 61 62 63 64 65 66 67 69 70 71 72
Print [key0:key1]: *** lower bound 228
*** upper bound 250
 228 229 231 232 233 235 236 237 239 240 241 242 244 245 246 248 249
Print [key0:key1]: Print [key0:key1]: Print [key0:key1]: *** lower bound 10
*** upper bound 119
 10 11 12 13 14 15 16 17 19 20 21 22 23 24 25 26 27 28 29 30 32 33 34 35 36 37 38 39 41 44 48 50 51 52 53 54 55 56 57 58 59 60 61 62 63 64 65 66 67 69 70 71 72 76 79 81 82 84 88 90 91 92 93 95 97 99 100 101 103 105 106 107 109 111 112 114 117 118
Print [key0:key1]: *** lower bound 12
*** upper bound 105
 12 13 14 15 16 17 19 20 21 22 23 24 25 26 27 28 29 30 32 33 34 35 36 37 38 39 41 44 48 50 51 52 53 54 55 56 57 58 59 60 61 62 63 64 65 66 67 69 70 71 72 76 79 81 82 84 88 90 91 92 93 95 97 99 100 101 103
Print [key0:key1]: *** lower bound 107
*** upper bound 194
 107 109 111 112 114 117 118 119 120 121 122 123 124 125 127 128 129 130 131 133 134 135 137 138 139 140 141 142 143 145 147 148 149 150 151 152 153 155 157 158 159 160 161 162 163 164 165 166 170 171 172 174 175 176 177 178 180 181 183 184 185 188 190 192 193
Print [key0:key1]: Print [key0:key1]: *** lower bound 66
*** upper bound 264
 66 67 69 70 71 72 76 79 81 82 84 88 90 91 92 93 95 97 99 100 101 103 105 106 107 109 111 112 114 117 118 119 120 121 122 123 124 125 127 128 129 130 131 133 134 135 137 138 139 140 141 142 143 145 147 148 149 150 151 152 153 155 157 158 159 160 161 162 163 164 165 166 170 171 172 174 175 176 177 178 180 181 183 184 185 188 190 192 193 194 195 197 199 200 201 203 204 205 206 208 209 210 213 214 215 216 217 218 219 221 223 224 226 228 229 231 232 233 235 236 237 239 240 241 242 244 245 246 248 249 250 251 252 253 254 255 256 257 258 259 260 261 262 263
Print [key0:key1]: Print [key0:key1]: *** lower bound 5
*** upper bound 192
 5 6 9 10 11 12 13 14 15 16 17 19 20 21 22 23 24 25 26 27 28 29 30 32 33 34 35 36 37 38 39 41 44 48 50 51 52 53 54 55 56 57 58 59 60 61 62 63 64 65 66 67 69 70 71 72 76 79 81 82 84 88 90 91 92 93 95 97 99 100 101 103 105 106 107 109 111 112 114 117 118 119 120 121 122 123 124 125 127 128 129 130 131 133 134 135 137 138 139 140 141 142 143 145 147 148 149 150 151 152 153 155 157 158 159 160 161 162 163 164 165 166 170 171 172 174 175 176 177 178 180 181 183 184 185 188 190
Print [key0:key1]: Print [key0:key1]: Print [key0:key1]: *** lower bound 199
*** upper bound 214
 199 200 201 203 204 205 206 208 209 210 213
Print [key0:key1]: *** lower bound 103
*** upper bound 161
 103 105 106 107 109 111 112 114 117 118 119 120 121 122 123 124 125 127 128 129 130 131 133 134 135 137 138 139 140 141 142 143 145 147 148 149 150 151 152 153 155 157 158 159 160
Print [key0:key1]: Print [key0:key1]: *** lower bound 58
*** upper bound 181
 58 59 60 61 62 63 64 65 66 67 69 70 71 72 76 79 81 82 84 88 90 91 92 93 95 97 99 100 101 103 105 106 107 109 111 112 114 117 118 119 120 121 122 123 124 125 127 128 129 130 131 133 134 135 137 138 139 140 141 142 143 145 147 148 149 150 151 152 153 155 157 158 159 160 161 162 163 164 165 166 170 171 172 174 175 176 177 178 180
Print [key0:key1]: *** lower bound 76
*** upper bound 88
 76 79 81 82 84
Print [key0:key1]: *** lower bound 114
*** upper bound 204
 114 117 118 119 120 121 122 123 124 125 127 128 129 130 131 133 134 135 137 138 139 140 141 142 143 145 147 148 149 150 151 152 153 155 157 158 159 160 161 162 163 164 165 166 170 171 172 174 175 176 177 178 180 181 183 184 185 188 190 192 193 194 195 197 199 200 201 203
Print [key0:key1]: Print [key0:key1]: Print [key0:key1]: *** lower bound 35
*** upper bound 143
 35 36 37 38 39 41 44 48 50 51 52 53 54 55 56 57 58 59 60 61 62 63 64 65 66 67 69 70 71 72 76 79 81 82 84 88 90 91 92 93 95 97 99 100 101 103 105 106 107 109 111 112 114 117 118 119 120 121 122 123 124 125 127 128 129 130 131 133 134 135 137 138 139 140 141 142
Print [key0:key1]: Print [key0:key1]: Print [key0:key1]: *** lower bound 79
*** upper bound 226
 79 81 82 84 88 90 91 92 93 95 97 99 100 101 103 105 106 107 109 111 112 114 117 118 119 120 121 122 123 124 125 127 128 129 130 131 133 134 135 137 138 139 140 141 142 143 145 147 148 149 150 151 152 153 155 157 158 159 160 161 162 163 164 165 166 170 171 172 174 175 176 177 178 180 181 183 184 185 188 190 192 193 194 195 197 199 200 201 203 204 205 206 208 209 210 213 214 215 216 217 218 219 221 223 224
Print [key0:key1]: Print [key0:key1]: Print [key0:key1]: *** lower bound 193
*** upper bound 284
 193 194 195 197 199 200 201 203 204 205 206 208 209 210 213 214 215 216 217 218 219 221 223 224 226 228 229 231 232 233 235 236 237 239 240 241 242 244 245 246 248 249 250 251 252 253 254 255 256 257 258 259 260 261 262 263 264 265 266 267 268 270 271 272 273 277 279 281
Print [key0:key1]: Print [key0:key1]: Print [key0:key1]: Print [key0:key1]: *** lower bound 28
*** upper bound 208
 28 29 30 32 33 34 35 36 37 38 39 41 44 48 50 51 52 53 54 55 56 57 58 59 60 61 62 63 64 65 66 67 69 70 71 72 76 79 81 82 84 88 90 91 92 93 95 97 99 100 101 103 105 106 107 109 111 112 114 117 118 119 120 121 122 123 124 125 127 128 129 130 131 133 134 135 137 138 139 140 141 142 143 145 147 148 149 150 151 152 153 155 157 158 159 160 161 162 163 164 165 166 170 171 172 174 175 176 177 178 180 181 183 184 185 188 190 192 193 194 195 197 199 200 201 203 204 205 206
Print [key0:key1]: Print [key0:key1]: Print [key0:key1]: *** lower bound 0
*** upper bound 16
 0 1 2 3 5 6 9 10 11 12 13 14 15
Print [key0:key1]: *** lower bound 21
*** upper bound 190
 21 22 23 24 25 26 27 28 29 30 32 33 34 35 36 37 38 39 41 44 48 50 51 52 53 54 55 56 57 58 59 60 61 62 63 64 65 66 67 69 70 71 72 76 79 81 82 84 88 90 91 92 93 95 97 99 100 101 103 105 106 107 109 111 112 114 117 118 119 120 121 122 123 124 125 127 128 129 130 131 133 134 135 137 138 139 140 141 142 143 145 147 148 149 150 151 152 153 155 157 158 159 160 161 162 163 164 165 166 170 171 172 174 175 176 177 178 180 181 183 184 185 188
Print [key0:key1]: Print [key0:key1]: *** lower bound 117
*** upper bound 284
 117 118 119 120 121 122 123 124 125 127 128 129 130 131 133 134 135 137 138 139 140 141 142 143 145 147 148 149 150 151 152 153 155 157 158 159 160 161 162 163 164 165 166 170 171 172 174 175 176 177 178 180 181 183 184 185 188 190 192 193 194 195 197 199 200 201 203 204 205 206 208 209 210 213 214 215 216 217 218 219 221 223 224 226 228 229 231 232 233 235 236 237 239 240 241 242 244 245 246 248 249 250 251 252 253 254 255 256 257 258 259 260 261 262 263 264 265 266 267 268 270 271 272 273 277 279 281
Print [key0:key1]: *** lower bound 54
*** upper bound 82
 54 55 56 57 58 59 60 61 62 63 64 65 66 67 69 70 71 72 76 79 81
Print [key0:key1]: *** lower bound 157
*** upper bound 244
 157 158 159 160 161 162 163 164 165 166 170 171 172 174 175 176 177 178 180 181 183 184 185 188 190 192 193 194 195 197 199 200 201 203 204 205 206 208 209 210 213 214 215 216 217 218 219 221 223 224 226 228 229 231 232 233 235 236 237 239 240 241 242
Print [key0:key1]: Print [key0:key1]: Print [key0:key1]: Print [key0:key1]: Print [key0:key1]: *** lower bound 130
*** upper bound 248
 130 131 133 134 135 137 138 139 140 141 142 143 145 147 148 149 150 151 152 153 155 157 158 159 160 161 162 163 164 165 166 170 171 172 174 175 176 177 178 180 181 183 184 185 188 190 192 193 194 195 197 199 200 201 203 204 205 206 208 209 210 213 214 215 216 217 218 219 221 223 224 226 228 229 231 232 233 235 236 237 239 240 241 242 244 245 246
Print [key0:key1]: *** lower bound 190
*** upper bound 203
 190 192 193 194 195 197 199 200 201
Print [key0:key1]: Print [key0:key1]: Print [key0:key1]: Print [key0:key1]: Print [key0:key1]: Print [key0:key1]: *** lower bound 66
*** upper bound 203
 66 67 69 70 71 72 76 79 81 82 84 88 90 91 92 93 95 97 99 100 101 103 105 106 107 109 111 112 114 117 118 119 120 121 122 123 124 125 127 128 129 130 131 133 134 135 137 138 139 140 141 142 143 145 147 148 149 150 151 152 153 155 157 158 159 160 161 162 163 164 165 166 170 171 172 174 175 176 177 178 180 181 183 184 185 188 190 192 193 194 195 197 199 200 201
Print [key0:key1]: *** lower bound 100
*** upper bound 239
 100 101 103 105 106 107 109 111 112 114 117 118 119 120 121 122 123 124 125 127 128 129 130 131 133 134 135 137 138 139 140 141 142 143 145 147 148 149 150 151 152 153 155 157 158 159 160 161 162 163 164 165 166 170 171 172 174 175 176 177 178 180 181 183 184 185 188 190 192 193 194 195 197 199 200 201 203 204 205 206 208 209 210 213 214 215 216 217 218 219 221 223 224 226 228 229 231 232 233 235 236 237
Print [key0:key1]: *** lower bound 121
*** upper bound 251
 121 122 123 124 125 127 128 129 130 131 133 134 135 137 138 139 140 141 142 143 145 147 148 149 150 151 152 153 155 157 158 159 160 161 162 163 164 165 166 170 171 172 174 175 176 177 178 180 181 183 184 185 188 190 192 193 194 195 197 199 200 201 203 204 205 206 208 209 210 213 214 215 216 217 218 219 221 223 224 226 228 229 231 232 233 235 236 237 239 240 241 242 244 245 246 248 249 250
Print [key0:key1]: Print [key0:key1]: *** lower bound 20
*** upper bound 24
 20 21 22 23
Print [key0:key1]: *** lower bound 233
*** upper bound 263
 233 235 236 237 239 240 241 242 244 245 246 248 249 250 251 252 253 254 255 256 257 258 259 260 261 262
Print [key0:key1]: *** lower bound 67
*** upper bound 193
 67 69 70 71 72 76 79 81 82 84 88 90 91 92 93 95 97 99 100 101 103 105 106 107 109 111 112 114 117 118 119 120 121 122 123 124 125 127 128 129 130 131 133 134 135 137 138 139 140 141 142 143 145 147 148 149 150 151 152 153 155 157 158 159 160 161 162 163 164 165 166 170 171 172 174 175 176 177 178 180 181 183 184 185 188 190 192
Print [key0:key1]: *** lower bound 57
*** upper bound 281
 57 58 59 60 61 62 63 64 65 66 67 69 70 71 72 76 79 81 82 84 88 90 91 92 93 95 97 99 100 101 103 105 106 107 109 111 112 114 117 118 119 120 121 122 123 124 125 127 128 129 130 131 133 134 135 137 138 139 140 141 142 143 145 147 148 149 150 151 152 153 155 157 158 159 160 161 162 163 164 165 166 170 171 172 174 175 176 177 178 180 181 183 184 185 188 190 192 193 194 195 197 199 200 201 203 204 205 206 208 209 210 213 214 215 216 217 218 219 221 223 224 226 228 229 231 232 233 235 236 237 239 240 241 242 244 245 246 248 249 250 251 252 253 254 255 256 257 258 259 260 261 262 263 264 265 266 267 268 270 271 272 273 277 279
Print [key0:key1]: *** lower bound 105
*** upper bound 261
 105 106 107 109 111 112 114 117 118 119 120 121 122 123 124 125 127 128 129 130 131 133 134 135 137 138 139 140 141 142 143 145 147 148 149 150 151 152 153 155 157 158 159 160 161 162 163 164 165 166 170 171 172 174 175 176 177 178 180 181 183 184 185 188 190 192 193 194 195 197 199 200 201 203 204 205 206 208 209 210 213 214 215 216 217 218 219 221 223 224 226 228 229 231 232 233 235 236 237 239 240 241 242 244 245 246 248 249 250 251 252 253 254 255 256 257 258 259 260
Print [key0:key1]: Print [key0:key1]: *** lower bound 261
*** upper bound 284
 261 262 263 264 265 266 267 268 270 271 272 273 277 279 281
Print [key0:key1]: *** lower bound 66
*** upper bound 254
 66 67 69 70 71 72 76 79 81 82 84 88 90 91 92 93 95 97 99 100 101 103 105 106 107 109 111 112 114 117 118 119 120 121 122 123 124 125 127 128 129 130 131 133 134 135 137 138 139 140 141 142 143 145 147 148 149 150 151 152 153 155 157 158 159 160 161 162 163 164 165 166 170 171 172 174 175 176 177 178 180 181 183 184 185 188 190 192 193 194 195 197 199 200 201 203 204 205 206 208 209 210 213 214 215 216 217 218 219 221 223 224 226 228 229 231 232 233 235 236 237 239 240 241 242 244 245 246 248 249 250 251 252 253
Print [key0:key1]: *** lower bound 142
*** upper bound 208
 142 143 145 147 148 149 150 151 152 153 155 157 158 159 160 161 162 163 164 165 166 170 171 172 174 175 176 177 178 180 181 183 184 185 188 190 192 193 194 195 197 199 200 201 203 204 205 206
Print [key0:key1]: *** lower bound 0
*** upper bound 188
 0 1 2 3 5 6 9 10 11 12 13 14 15 16 17 19 20 21 22 23 24 25 26 27 28 29 30 32 33 34 35 36 37 38 39 41 44 48 50 51 52 53 54 55 56 57 58 59 60 61 62 63 64 65 66 67 69 70 71 72 76 79 81 82 84 88 90 91 92 93 95 97 99 100 101 103 105 106 107 109 111 112 114 117 118 119 120 121 122 123 124 125 127 128 129 130 131 133 134 135 137 138 139 140 141 142 143 145 147 148 149 150 151 152 153 155 157 158 159 160 161 162 163 164 165 166 170 171 172 174 175 176 177 178 180 181 183 184 185
Print [key0:key1]: Print [key0:key1]: *** lower bound 131
*** upper bound 155
 131 133 134 135 137 138 139 140 141 142 143 145 147 148 149 150 151 152 153
Print [key0:key1]: *** lower bound 160
*** upper bound 244
 160 161 162 163 164 165 166 170 171 172 174 175 176 177 178 180 181 183 184 185 188 190 192 193 194 195 197 199 200 201 203 204 205 206 208 209 210 213 214 215 216 217 218 219 221 223 224 226 228 229 231 232 233 235 236 237 239 240 241 242
Print [key0:key1]: *** lower bound 41
*** upper bound 106
 41 44 48 50 51 52 53 54 55 56 57 58 59 60 61 62 63 64 65 66 67 69 70 71 72 76 79 81 82 84 88 90 91 92 93 95 97 99 100 101 103 105
Print [key0:key1]: *** lower bound 44
*** upper bound 273
 44 48 50 51 52 53 54 55 56 57 58 59 60 61 62 63 64 65 66 67 69 70 71 72 76 79 81 82 84 88 90 91 92 93 95 97 99 100 101 103 105 106 107 109 111 112 114 117 118 119 120 121 122 123 124 125 127 128 129 130 131 133 134 135 137 138 139 140 141 142 143 145 147 148 149 150 151 152 153 155 157 158 159 160 161 162 163 164 165 166 170 171 172 174 175 176 177 178 180 181 183 184 185 188 190 192 193 194 195 197 199 200 201 203 204 205 206 208 209 210 213 214 215 216 217 218 219 221 223 224 226 228 229 231 232 233 235 236 237 239 240 241 242 244 245 246 248 249 250 251 252 253 254 255 256 257 258 259 260 261 262 263 264 265 266 267 268 270 271 272
Print [key0:key1]: *** lower bound 48
*** upper bound 137
 48 50 51 52 53 54 55 56 57 58 59 60 61 62 63 64 65 66 67 69 70 71 72 76 79 81 82 84 88 90 91 92 93 95 97 99 100 101 103 105 106 107 109 111 112 114 117 118 119 120 121 122 123 124 125 127 128 129 130 131 133 134 135
Print [key0:key1]: Print [key0:key1]: *** lower bound 20
*** upper bound 249
 20 21 22 23 24 25 26 27 28 29 30 32 33 34 35 36 37 38 39 41 44 48 50 51 52 53 54 55 56 57 58 59 60 61 62 63 64 65 66 67 69 70 71 72 76 79 81 82 84 88 90 91 92 93 95 97 99 100 101 103 105 106 107 109 111 112 114 117 118 119 120 121 122 123 124 125 127 128 129 130 131 133 134 135 137 138 139 140 141 142 143 145 147 148 149 150 151 152 153 155 157 158 159 160 161 162 163 164 165 166 170 171 172 174 175 176 177 178 180 181 183 184 185 188 190 192 193 194 195 197 199 200 201 203 204 205 206 208 209 210 213 214 215 216 217 218 219 221 223 224 226 228 229 231 232 233 235 236 237 239 240 241 242 244 245 246 248
Print [key0:key1]: *** lower bound 235
*** upper bound 285
 235 236 237 239 240 241 242 244 245 246 248 249 250 251 252 253 254 255 256 257 258 259 260 261 262 263 264 265 266 267 268 270 271 272 273 277 279 281 284
Print [key0:key1]: *** lower bound 118
*** upper bound 254
 118 119 120 121 122 123 124 125 127 128 129 130 131 133 134 135 137 138 139 140 141 142 143 145 147 148 149 150 151 152 153 155 157 158 159 160 161 162 163 164 165 166 170 171 172 174 175 176 177 178 180 181 183 184 185 188 190 192 193 194 195 197 199 200 201 203 204 205 206 208 209 210 213 214 215 216 217 218 219 221 223 224 226 228 229 231 232 233 235 236 237 239 240 241 242 244 245 246 248 249 250 251 252 253
Print [key0:key1]: Print [key0:key1]: *** lower bound 52
*** upper bound 259
 52 53 54 55 56 57 58 59 60 61 62 63 64 65 66 67 69 70 71 72 76 79 81 82 84 88 90 91 92 93 95 97 99 100 101 103 105 106 107 109 111 112 114 117 118 119 120 121 122 123 124 125 127 128 129 130 131 133 134 135 137 138 139 140 141 142 143 145 147 148 149 150 151 152 153 155 157 158 159 160 161 162 163 164 165 166 170 171 172 174 175 176 177 178 180 181 183 184 185 188 190 192 193 194 195 197 199 200 201 203 204 205 206 208 209 210 213 214 215 216 217 218 219 221 223 224 226 228 229 231 232 233 235 236 237 239 240 241 242 244 245 246 248 249 250 251 252 253 254 255 256 257 258
Print [key0:key1]: *** lower bound 44
*** upper bound 177
 44 48 50 51 52 53 54 55 56 57 58 59 60 61 62 63 64 65 66 67 69 70 71 72 76 79 81 82 84 88 90 91 92 93 95 97 99 100 101 103 105 106 107 109 111 112 114 117 118 119 120 121 122 123 124 125 127 128 129 130 131 133 134 135 137 138 139 140 141 142 143 145 147 148 149 150 151 152 153 155 157 158 159 160 161 162 163 164 165 166 170 171 172 174 175 176
Print [key0:key1]: Print [key0:key1]: *** lower bound 24
*** upper bound 44
 24 25 26 27 28 29 30 32 33 34 35 36 37 38 39 41
Print [key0:key1]: *** lower bound 170
*** upper bound 270
 170 171 172 174 175 176 177 178 180 181 183 184 185 188 190 192 193 194 195 197 199 200 201 203 204 205 206 208 209 210 213 214 215 216 217 218 219 221 223 224 226 228 229 231 232 233 235 236 237 239 240 241 242 244 245 246 248 249 250 251 252 253 254 255 256 257 258 259 260 261 262 263 264 265 266 267 268
Print [key0:key1]: *** lower bound 0
*** upper bound 71
 0 1 2 3 5 6 9 10 11 12 13 14 15 16 17 19 20 21 22 23 24 25 26 27 28 29 30 32 33 34 35 36 37 38 39 41 44 48 50 51 52 53 54 55 56 57 58 59 60 61 62 63 64 65 66 67 69 70
Print [key0:key1]: *** lower bound 25
*** upper bound 88
 25 26 27 28 29 30 32 33 34 35 36 37 38 39 41 44 48 50 51 52 53 54 55 56 57 58 59 60 61 62 63 64 65 66 67 69 70 71 72 76 79 81 82 84
Print [key0:key1]: *** lower bound 107
*** upper bound 150
 107 109 111 112 114 117 118 119 120 121 122 123 124 125 127 128 129 130 131 133 134 135 137 138 139 140 141 142 143 145 147 148 149
Print [key0:key1]: *** lower bound 239
*** upper bound 272
 239 240 241 242 244 245 246 248 249 250 251 252 253 254 255 256 257 258 259 260 261 262 263 264 265 266 267 268 270 271
Print [key0:key1]: Print [key0:key1]: *** lower bound 48
*** upper bound 97
 48 50 51 52 53 54 55 56 57 58 59 60 61 62 63 64 65 66 67 69 70 71 72 76 79 81 82 84 88 90 91 92 93 95
Print [key0:key1]: *** lower bound 170
*** upper bound 252
 170 171 172 174 175 176 177 178 180 181 183 184 185 188 190 192 193 194 195 197 199 200 201 203 204 205 206 208 209 210 213 214 215 216 217 218 219 221 223 224 226 228 229 231 232 233 235 236 237 239 240 241 242 244 245 246 248 249 250 251
Print [key0:key1]: *** lower bound 0
*** upper bound 145
 0 1 2 3 5 6 9 10 11 12 13 14 15 16 17 19 20 21 22 23 24 25 26 27 28 29 30 32 33 34 35 36 37 38 39 41 44 48 50 51 52 53 54 55 56 57 58 59 60 61 62 63 64 65 66 67 69 70 71 72 76 79 81 82 84 88 90 91 92 93 95 97 99 100 101 103 105 106 107 109 111 112 114 117 118 119 120 121 122 123 124 125 127 128 129 130 131 133 134 135 137 138 139 140 141 142 143
Print [key0:key1]: *** lower bound 91
*** upper bound 160
 91 92 93 95 97 99 100 101 103 105 106 107 109 111 112 114 117 118 119 120 121 122 123 124 125 127 128 129 130 131 133 134 135 137 138 139 140 141 142 143 145 147 148 149 150 151 152 153 155 157 158 159
Print [key0:key1]: Print [key0:key1]: Print [key0:key1]: *** lower bound 106
*** upper bound 210
 106 107 109 111 112 114 117 118 119 120 121 122 123 124 125 127 128 129 130 131 133 134 135 137 138 139 140 141 142 143 145 147 148 149 150 151 152 153 155 157 158 159 160 161 162 163 164 165 166 170 171 172 174 175 176 177 178 180 181 183 184 185 188 190 192 193 194 195 197 199 200 201 203 204 205 206 208 209
Print [key0:key1]: *** lower bound 72
*** upper bound 184
 72 76 79 81 82 84 88 90 91 92 93 95 97 99 100 101 103 105 106 107 109 111 112 114 117 118 119 120 121 122 123 124 125 127 128 129 130 131 133 134 135 137 138 139 140 141 142 143 145 147 148 149 150 151 152 153 155 157 158 159 160 161 162 163 164 165 166 170 171 172 174 175 176 177 178 180 181 183
Print [key0:key1]: *** lower bound 30
*** upper bound 50
 30 32 33 34 35 36 37 38 39 41 44 48
Print [key0:key1]: *** lower bound 69
*** upper bound 121
 69 70 71 72 76 79 81 82 84 88 90 91 92 93 95 97 99 100 101 103 105 106 107 109 111 112 114 117 118 119 120
Print [key0:key1]: Print [key0:key1]: *** lower bound 66
*** upper bound 88
 66 67 69 70 71 72 76 79 81 82 84
Print [key0:key1]: Print [key0:key1]: Print [key0:key1]: *** lower bound 215
*** upper bound 273
 215 216 217 218 219 221 223 224 226 228 229 231 232 233 235 236 237 239 240 241 242 244 245 246 248 249 250 251 252 253 254 255 256 257 258 259 260 261 262 263 264 265 266 267 268 270 271 272
Print [key0:key1]: Print [key0:key1]: *** lower bound 253
*** upper bound 254
 253
Print [key0:key1]: Print [key0:key1]: *** lower bound 143
*** upper bound 188
 143 145 147 148 149 150 151 152 153 155 157 158 159 160 161 162 163 164 165 166 170 171 172 174 175 176 177 178 180 181 183 184 185
Print [key0:key1]: *** lower bound 33
*** upper bound 157
 33 34 35 36 37 38 39 41 44 48 50 51 52 53 54 55 56 57 58 59 60 61 62 63 64 65 66 67 69 70 71 72 76 79 81 82 84 88 90 91 92 93 95 97 99 100 101 103 105 106 107 109 111 112 114 117 118 119 120 121 122 123 124 125 127 128 129 130 131 133 134 135 137 138 139 140 141 142 143 145 147 148 149 150 151 152 153 155
Print [key0:key1]: *** lower bound 92
*** upper bound 129
 92 93 95 97 99 100 101 103 105 106 107 109 111 112 114 117 118 119 120 121 122 123 124 125 127 128
Print [key0:key1]: *** lower bound 17
*** upper bound 177
 17 19 20 21 22 23 24 25 26 27 28 29 30 32 33 34 35 36 37 38 39 41 44 48 50 51 52 53 54 55 56 57 58 59 60 61 62 63 64 65 66 67 69 70 71 72 76 79 81 82 84 88 90 91 92 93 95 97 99 100 101 103 105 106 107 109 111 112 114 117 118 119 120 121 122 123 124 125 127 128 129 130 131 133 134 135 137 138 139 140 141 142 143 145 147 148 149 150 151 152 153 155 157 158 159 160 161 162 163 164 165 166 170 171 172 174 175 176
Print [key0:key1]: *** lower bound 109
*** upper bound 137
 109 111 112 114 117 118 119 120 121 122 123 124 125 127 128 129 130 131 133 134 135
Print [key0:key1]: Print [key0:key1]: Print [key0:key1]: *** lower bound 117
*** upper bound 160
 117 118 119 120 121 122 123 124 125 127 128 129 130 131 133 134 135 137 138 139 140 141 142 143 145 147 148 149 150 151 152 153 155 157 158 159
Print [key0:key1]: Print [key0:key1]: 
