 0 1 2 3 4 5 6 7 9 10 12 13 15 16 17 18 19 20 21 22 24 25 26 27 28 29 31 32 33 34 36 37 38 39 40 42 43 44 45 47 48 50 51 53 55 56 57 58 59 62 63 66 67 69 70 72 74 76 77 78 80 81 85 86 88 90 91 92 94 95 97 100 102 103 104 105 107 110 111 112 113 114 116 117 118 119 121 122 123 124 125 126 127 129 131 132 133 134 135 136 137 139 140 142 145 146 147 148 149 150 151 152 155 156 158 160 161 162 163 167 168 170 171 172 173 177 178 179 180 181 182 184 186 188 189 190 191 192 194 195 198 199 200 201 202 203 204 205 206 207 208 209 212 213 214 215 216 217 218 219 220 221 222 223 224 225 226 227 228 229 230 233 235 236 237 238 239 241 242 243 244 246 247 251 252 253 254 255 258 260 262 263 264 265 266 267 268 269 270 271 273 274 275 276 278 279 280 281 283 284 286 287 288 290 291 292 294 295 296 297 298 300 301 302 303 304 305 306 307 308 309 312 316 317 318 319 320 321 322 323 324 325 326 328 331 332 336 338 339 340 342 343 345 346 347 348 350 351 352 354 355 356 357 358 359 360 361 364 365 366 369 370 371 372 373 374 375 376 377 378 379 380 381 383 384 385 386 388 389 390 391 392 393 394 395 396 397 398 399 401 402 403 404 405 406 408 409 411 412 413 415 416 417 418 420
Print [key0:key1]: Print [key0:key1]: Print [key0:key1]: Print [key0:key1]: Print [key0:key1]: Print [key0:key1]: Print [key0:key1]: Print [key0:key1]: *** lower bound 145
*** upper bound 155
 145 146 147 148 149 150 151 152
Print [key0:key1]: *** lower bound 155
*** upper bound 331
 155 156 158 160 161 162 163 167 168 170 171 172 173 177 178 179 180 181 182 184 186 188 189 190 191 192 194 195 198 199 200 201 202 203 204 205 206 207 208 209 212 213 214 215 216 217 218 219 220 221 222 223 224 225 226 227 228 229 230 233 235 236 237 238 239 241 242 243 244 246 247 251 252 253 254 255 258 260 262 263 264 265 266 267 268 269 270 271 273 274 275 276 278 279 280 281 283 284 286 287 288 290 291 292 294 295 296 297 298 300 301 302 303 304 305 306 307 308 309 312 316 317 318 319 320 321 322 323 324 325 326 328
Print [key0:key1]: Print [key0:key1]: Print [key0:key1]: *** lower bound 1
*** upper bound 168
 1 2 3 4 5 6 7 9 10 12 13 15 16 17 18 19 20 21 22 24 25 26 27 28 29 31 32 33 34 36 37 38 39 40 42 43 44 45 47 48 50 51 53 55 56 57 58 59 62 63 66 67 69 70 72 74 76 77 78 80 81 85 86 88 90 91 92 94 95 97 100 102 103 104 105 107 110 111 112 113 114 116 117 118 119 121 122 123 124 125 126 127 129 131 132 133 134 135 136 137 139 140 142 145 146 147 148 149 150 151 152 155 156 158 160 161 162 163 167
Print [key0:key1]: *** lower bound 145
*** upper bound 290
 145 146 147 148 149 150 151 152 155 156 158 160 161 162 163 167 168 170 171 172 173 177 178 179 180 181 182 184 186 188 189 190 191 192 194 195 198 199 200 201 202 203 204 205 206 207 208 209 212 213 214 215 216 217 218 219 220 221 222 223 224 225 226 227 228 229 230 233 235 236 237 238 239 241 242 243 244 246 247 251 252 253 254 255 258 260 262 263 264 265 266 267 268 269 270 271 273 274 275 276 278 279 280 281 283 284 286 287 288
Print [key0:key1]: Print [key0:key1]: Print [key0:key1]: *** lower bound 74
*** upper bound 260
 74 76 77 78 80 81 85 86 88 90 91 92 94 95 97 100 102 103 104 105 107 110 111 112 113 114 116 117 118 119 121 122 123 124 125 126 127 129 131 132 133 134 135 136 137 139 140 142 145 146 147 148 149 150 151 152 155 156 158 160 161 162 163 167 168 170 171 172 173 177 178 179 180 181 182 184 186 188 189 190 191 192 194 195 198 199 200 201 202 203 204 205 206 207 208 209 212 213 214 215 216 217 218 219 220 221 222 223 224 225 226 227 228 229 230 233 235 236 237 238 239 241 242 243 244 246 247 251 252 253 254 255 258
Print [key0:key1]: Print [key0:key1]: *** lower bound 88
*** upper bound 271
 88 90 91 92 94 95 97 100 102 103 104 105 107 110 111 112 113 114 116 117 118 119 121 122 123 124 125 126 127 129 131 132 133 134 135 136 137 139 140 142 145 146 147 148 149 150 151 152 155 156 158 160 161 162 163 167 168 170 171 172 173 177 178 179 180 181 182 184 186 188 189 190 191 192 194 195 198 199 200 201 202 203 204 205 206 207 208 209 212 213 214 215 216 217 218 219 220 221 222 223 224 225 226 227 228 229 230 233 235 236 237 238 239 241 242 243 244 246 247 251 252 253 254 255 258 260 262 263 264 265 266 267 268 269 270
Print [key0:key1]: *** lower bound 15
*** upper bound 110
 15 16 17 18 19 20 21 22 24 25 26 27 28 29 31 32 33 34 36 37 38 39 40 42 43 44 45 47 48 50 51 53 55 56 57 58 59 62 63 66 67 69 70 72 74 76 77 78 80 81 85 86 88 90 91 92 94 95 97 100 102 103 104 105 107
Print [key0:key1]: Print [key0:key1]: *** lower bound 85
*** upper bound 103
 85 86 88 90 91 92 94 95 97 100 102
Print [key0:key1]: Print [key0:key1]: Print [key0:key1]: *** lower bound 0
*** upper bound 218
 0 1 2 3 4 5 6 7 9 10 12 13 15 16 17 18 19 20 21 22 24 25 26 27 28 29 31 32 33 34 36 37 38 39 40 42 43 44 45 47 48 50 51 53 55 56 57 58 59 62 63 66 67 69 70 72 74 76 77 78 80 81 85 86 88 90 91 92 94 95 97 100 102 103 104 105 107 110 111 112 113 114 116 117 118 119 121 122 123 124 125 126 127 129 131 132 133 134 135 136 137 139 140 142 145 146 147 148 149 150 151 152 155 156 158 160 161 162 163 167 168 170 171 172 173 177 178 179 180 181 182 184 186 188 189 190 191 192 194 195 198 199 200 201 202 203 204 205 206 207 208 209 212 213 214 215 216 217
Print [key0:key1]: Print [key0:key1]: *** lower bound 283
*** upper bound 319
 283 284 286 287 288 290 291 292 294 295 296 297 298 300 301 302 303 304 305 306 307 308 309 312 316 317 318
Print [key0:key1]: Print [key0:key1]: *** lower bound 155
*** upper bound 170
 155 156 158 160 161 162 163 167 168
Print [key0:key1]: Print [key0:key1]: *** lower bound 107
*** upper bound 199
 107 110 111 112 113 114 116 117 118 119 121 122 123 124 125 126 127 129 131 132 133 134 135 136 137 139 140 142 145 146 147 148 149 150 151 152 155 156 158 160 161 162 163 167 168 170 171 172 173 177 178 179 180 181 182 184 186 188 189 190 191 192 194 195 198
Print [key0:key1]: Print [key0:key1]: Print [key0:key1]: Print [key0:key1]: Print [key0:key1]: Print [key0:key1]: *** lower bound 125
*** upper bound 275
 125 126 127 129 131 132 133 134 135 136 137 139 140 142 145 146 147 148 149 150 151 152 155 156 158 160 161 162 163 167 168 170 171 172 173 177 178 179 180 181 182 184 186 188 189 190 191 192 194 195 198 199 200 201 202 203 204 205 206 207 208 209 212 213 214 215 216 217 218 219 220 221 222 223 224 225 226 227 228 229 230 233 235 236 237 238 239 241 242 243 244 246 247 251 252 253 254 255 258 260 262 263 264 265 266 267 268 269 270 271 273 274
Print [key0:key1]: Print [key0:key1]: *** lower bound 286
*** upper bound 328
 286 287 288 290 291 292 294 295 296 297 298 300 301 302 303 304 305 306 307 308 309 312 316 317 318 319 320 321 322 323 324 325 326
Print [key0:key1]: Print [key0:key1]: Print [key0:key1]: Print [key0:key1]: *** lower bound 0
*** upper bound 167
 0 1 2 3 4 5 6 7 9 10 12 13 15 16 17 18 19 20 21 22 24 25 26 27 28 29 31 32 33 34 36 37 38 39 40 42 43 44 45 47 48 50 51 53 55 56 57 58 59 62 63 66 67 69 70 72 74 76 77 78 80 81 85 86 88 90 91 92 94 95 97 100 102 103 104 105 107 110 111 112 113 114 116 117 118 119 121 122 123 124 125 126 127 129 131 132 133 134 135 136 137 139 140 142 145 146 147 148 149 150 151 152 155 156 158 160 161 162 163
Print [key0:key1]: *** lower bound 77
*** upper bound 212
 77 78 80 81 85 86 88 90 91 92 94 95 97 100 102 103 104 105 107 110 111 112 113 114 116 117 118 119 121 122 123 124 125 126 127 129 131 132 133 134 135 136 137 139 140 142 145 146 147 148 149 150 151 152 155 156 158 160 161 162 163 167 168 170 171 172 173 177 178 179 180 181 182 184 186 188 189 190 191 192 194 195 198 199 200 201 202 203 204 205 206 207 208 209
Print [key0:key1]: Print [key0:key1]: *** lower bound 145
*** upper bound 190
 145 146 147 148 149 150 151 152 155 156 158 160 161 162 163 167 168 170 171 172 173 177 178 179 180 181 182 184 186 188 189
Print [key0:key1]: *** lower bound 43
*** upper bound 312
 43 44 45 47 48 50 51 53 55 56 57 58 59 62 63 66 67 69 70 72 74 76 77 78 80 81 85 86 88 90 91 92 94 95 97 100 102 103 104 105 107 110 111 112 113 114 116 117 118 119 121 122 123 124 125 126 127 129 131 132 133 134 135 136 137 139 140 142 145 146 147 148 149 150 151 152 155 156 158 160 161 162 163 167 168 170 171 172 173 177 178 179 180 181 182 184 186 188 189 190 191 192 194 195 198 199 200 201 202 203 204 205 206 207 208 209 212 213 214 215 216 217 218 219 220 221 222 223 224 225 226 227 228 229 230 233 235 236 237 238 239 241 242 243 244 246 247 251 252 253 254 255 258 260 262 263 264 265 266 267 268 269 270 271 273 274 275 276 278 279 280 281 283 284 286 287 288 290 291 292 294 295 296 297 298 300 301 302 303 304 305 306 307 308 309
Print [key0:key1]: *** lower bound 110
*** upper bound 213
 110 111 112 113 114 116 117 118 119 121 122 123 124 125 126 127 129 131 132 133 134 135 136 137 139 140 142 145 146 147 148 149 150 151 152 155 156 158 160 161 162 163 167 168 170 171 172 173 177 178 179 180 181 182 184 186 188 189 190 191 192 194 195 198 199 200 201 202 203 204 205 206 207 208 209 212
Print [key0:key1]: *** lower bound 45
*** upper bound 278
 45 47 48 50 51 53 55 56 57 58 59 62 63 66 67 69 70 72 74 76 77 78 80 81 85 86 88 90 91 92 94 95 97 100 102 103 104 105 107 110 111 112 113 114 116 117 118 119 121 122 123 124 125 126 127 129 131 132 133 134 135 136 137 139 140 142 145 146 147 148 149 150 151 152 155 156 158 160 161 162 163 167 168 170 171 172 173 177 178 179 180 181 182 184 186 188 189 190 191 192 194 195 198 199 200 201 202 203 204 205 206 207 208 209 212 213 214 215 216 217 218 219 220 221 222 223 224 225 226 227 228 229 230 233 235 236 237 238 239 241 242 243 244 246 247 251 252 253 254 255 258 260 262 263 264 265 266 267 268 269 270 271 273 274 275 276
Print [key0:key1]: *** lower bound 58
*** upper bound 201
 58 59 62 63 66 67 69 70 72 74 76 77 78 80 81 85 86 88 90 91 92 94 95 97 100 102 103 104 105 107 110 111 112 113 114 116 117 118 119 121 122 123 124 125 126 127 129 131 132 133 134 135 136 137 139 140 142 145 146 147 148 149 150 151 152 155 156 158 160 161 162 163 167 168 170 171 172 173 177 178 179 180 181 182 184 186 188 189 190 191 192 194 195 198 199 200
Print [key0:key1]: *** lower bound 24
*** upper bound 44
 24 25 26 27 28 29 31 32 33 34 36 37 38 39 40 42 43
Print [key0:key1]: *** lower bound 13
*** upper bound 287
 13 15 16 17 18 19 20 21 22 24 25 26 27 28 29 31 32 33 34 36 37 38 39 40 42 43 44 45 47 48 50 51 53 55 56 57 58 59 62 63 66 67 69 70 72 74 76 77 78 80 81 85 86 88 90 91 92 94 95 97 100 102 103 104 105 107 110 111 112 113 114 116 117 118 119 121 122 123 124 125 126 127 129 131 132 133 134 135 136 137 139 140 142 145 146 147 148 149 150 151 152 155 156 158 160 161 162 163 167 168 170 171 172 173 177 178 179 180 181 182 184 186 188 189 190 191 192 194 195 198 199 200 201 202 203 204 205 206 207 208 209 212 213 214 215 216 217 218 219 220 221 222 223 224 225 226 227 228 229 230 233 235 236 237 238 239 241 242 243 244 246 247 251 252 253 254 255 258 260 262 263 264 265 266 267 268 269 270 271 273 274 275 276 278 279 280 281 283 284 286
Print [key0:key1]: Print [key0:key1]: Print [key0:key1]: *** lower bound 15
*** upper bound 38
 15 16 17 18 19 20 21 22 24 25 26 27 28 29 31 32 33 34 36 37
Print [key0:key1]: *** lower bound 214
*** upper bound 278
 214 215 216 217 218 219 220 221 222 223 224 225 226 227 228 229 230 233 235 236 237 238 239 241 242 243 244 246 247 251 252 253 254 255 258 260 262 263 264 265 266 267 268 269 270 271 273 274 275 276
Print [key0:key1]: Print [key0:key1]: *** lower bound 66
*** upper bound 182
 66 67 69 70 72 74 76 77 78 80 81 85 86 88 90 91 92 94 95 97 100 102 103 104 105 107 110 111 112 113 114 116 117 118 119 121 122 123 124 125 126 127 129 131 132 133 134 135 136 137 139 140 142 145 146 147 148 149 150 151 152 155 156 158 160 161 162 163 167 168 170 171 172 173 177 178 179 180 181
Print [key0:key1]: *** lower bound 59
*** upper bound 220
 59 62 63 66 67 69 70 72 74 76 77 78 80 81 85 86 88 90 91 92 94 95 97 100 102 103 104 105 107 110 111 112 113 114 116 117 118 119 121 122 123 124 125 126 127 129 131 132 133 134 135 136 137 139 140 142 145 146 147 148 149 150 151 152 155 156 158 160 161 162 163 167 168 170 171 172 173 177 178 179 180 181 182 184 186 188 189 190 191 192 194 195 198 199 200 201 202 203 204 205 206 207 208 209 212 213 214 215 216 217 218 219
Print [key0:key1]: *** lower bound 53
*** upper bound 217
 53 55 56 57 58 59 62 63 66 67 69 70 72 74 76 77 78 80 81 85 86 88 90 91 92 94 95 97 100 102 103 104 105 107 110 111 112 113 114 116 117 118 119 121 122 123 124 125 126 127 129 131 132 133 134 135 136 137 139 140 142 145 146 147 148 149 150 151 152 155 156 158 160 161 162 163 167 168 170 171 172 173 177 178 179 180 181 182 184 186 188 189 190 191 192 194 195 198 199 200 201 202 203 204 205 206 207 208 209 212 213 214 215 216
Print [key0:key1]: *** lower bound 184
*** upper bound 288
 184 186 188 189 190 191 192 194 195 198 199 200 201 202 203 204 205 206 207 208 209 212 213 214 215 216 217 218 219 220 221 222 223 224 225 226 227 228 229 230 233 235 236 237 238 239 241 242 243 244 246 247 251 252 253 254 255 258 260 262 263 264 265 266 267 268 269 270 271 273 274 275 276 278 279 280 281 283 284 286 287
Print [key0:key1]: *** lower bound 145
*** upper bound 301
 145 146 147 148 149 150 151 152 155 156 158 160 161 162 163 167 168 170 171 172 173 177 178 179 180 181 182 184 186 188 189 190 191 192 194 195 198 199 200 201 202 203 204 205 206 207 208 209 212 213 214 215 216 217 218 219 220 221 222 223 224 225 226 227 228 229 230 233 235 236 237 238 239 241 242 243 244 246 247 251 252 253 254 255 258 260 262 263 264 265 266 267 268 269 270 271 273 274 275 276 278 279 280 281 283 284 286 287 288 290 291 292 294 295 296 297 298 300
Print [key0:key1]: *** lower bound 177
*** upper bound 278
 177 178 179 180 181 182 184 186 188 189 190 191 192 194 195 198 199 200 201 202 203 204 205 206 207 208 209 212 213 214 215 216 217 218 219 220 221 222 223 224 225 226 227 228 229 230 233 235 236 237 238 239 241 242 243 244 246 247 251 252 253 254 255 258 260 262 263 264 265 266 267 268 269 270 271 273 274 275 276
Print [key0:key1]: Print [key0:key1]: *** lower bound 110
*** upper bound 198
 110 111 112 113 114 116 117 118 119 121 122 123 124 125 126 127 129 131 132 133 134 135 136 137 139 140 142 145 146 147 148 149 150 151 152 155 156 158 160 161 162 163 167 168 170 171 172 173 177 178 179 180 181 182 184 186 188 189 190 191 192 194 195
Print [key0:key1]: Print [key0:key1]: Print [key0:key1]: Print [key0:key1]: Print [key0:key1]: *** lower bound 42
*** upper bound 236
 42 43 44 45 47 48 50 51 53 55 56 57 58 59 62 63 66 67 69 70 72 74 76 77 78 80 81 85 86 88 90 91 92 94 95 97 100 102 103 104 105 107 110 111 112 113 114 116 117 118 119 121 122 123 124 125 126 127 129 131 132 133 134 135 136 137 139 140 142 145 146 147 148 149 150 151 152 155 156 158 160 161 162 163 167 168 170 171 172 173 177 178 179 180 181 182 184 186 188 189 190 191 192 194 195 198 199 200 201 202 203 204 205 206 207 208 209 212 213 214 215 216 217 218 219 220 221 222 223 224 225 226 227 228 229 230 233 235
Print [key0:key1]: *** lower bound 251
*** upper bound 269
 251 252 253 254 255 258 260 262 263 264 265 266 267 268
Print [key0:key1]: *** lower bound 9
*** upper bound 152
 9 10 12 13 15 16 17 18 19 20 21 22 24 25 26 27 28 29 31 32 33 34 36 37 38 39 40 42 43 44 45 47 48 50 51 53 55 56 57 58 59 62 63 66 67 69 70 72 74 76 77 78 80 81 85 86 88 90 91 92 94 95 97 100 102 103 104 105 107 110 111 112 113 114 116 117 118 119 121 122 123 124 125 126 127 129 131 132 133 134 135 136 137 139 140 142 145 146 147 148 149 150 151
Print [key0:key1]: Print [key0:key1]: *** lower bound 189
*** upper bound 304
 189 190 191 192 194 195 198 199 200 201 202 203 204 205 206 207 208 209 212 213 214 215 216 217 218 219 220 221 222 223 224 225 226 227 228 229 230 233 235 236 237 238 239 241 242 243 244 246 247 251 252 253 254 255 258 260 262 263 264 265 266 267 268 269 270 271 273 274 275 276 278 279 280 281 283 284 286 287 288 290 291 292 294 295 296 297 298 300 301 302 303
Print [key0:key1]: *** lower bound 88
*** upper bound 269
 88 90 91 92 94 95 97 100 102 103 104 105 107 110 111 112 113 114 116 117 118 119 121 122 123 124 125 126 127 129 131 132 133 134 135 136 137 139 140 142 145 146 147 148 149 150 151 152 155 156 158 160 161 162 163 167 168 170 171 172 173 177 178 179 180 181 182 184 186 188 189 190 191 192 194 195 198 199 200 201 202 203 204 205 206 207 208 209 212 213 214 215 216 217 218 219 220 221 222 223 224 225 226 227 228 229 230 233 235 236 237 238 239 241 242 243 244 246 247 251 252 253 254 255 258 260 262 263 264 265 266 267 268
Print [key0:key1]: *** lower bound 72
*** upper bound 186
 72 74 76 77 78 80 81 85 86 88 90 91 92 94 95 97 100 102 103 104 105 107 110 111 112 113 114 116 117 118 119 121 122 123 124 125 126 127 129 131 132 133 134 135 136 137 139 140 142 145 146 147 148 149 150 151 152 155 156 158 160 161 162 163 167 168 170 171 172 173 177 178 179 180 181 182 184
Print [key0:key1]: Print [key0:key1]: *** lower bound 0
*** upper bound 290
 0 1 2 3 4 5 6 7 9 10 12 13 15 16 17 18 19 20 21 22 24 25 26 27 28 29 31 32 33 34 36 37 38 39 40 42 43 44 45 47 48 50 51 53 55 56 57 58 59 62 63 66 67 69 70 72 74 76 77 78 80 81 85 86 88 90 91 92 94 95 97 100 102 103 104 105 107 110 111 112 113 114 116 117 118 119 121 122 123 124 125 126 127 129 131 132 133 134 135 136 137 139 140 142 145 146 147 148 149 150 151 152 155 156 158 160 161 162 163 167 168 170 171 172 173 177 178 179 180 181 182 184 186 188 189 190 191 192 194 195 198 199 200 201 202 203 204 205 206 207 208 209 212 213 214 215 216 217 218 219 220 221 222 223 224 225 226 227 228 229 230 233 235 236 237 238 239 241 242 243 244 246 247 251 252 253 254 255 258 260 262 263 264 265 266 267 268 269 270 271 273 274 275 276 278 279 280 281 283 284 286 287 288
Print [key0:key1]: *** lower bound 113
*** upper bound 241
 113 114 116 117 118 119 121 122 123 124 125 126 127 129 131 132 133 134 135 136 137 139 140 142 145 146 147 148 149 150 151 152 155 156 158 160 161 162 163 167 168 170 171 172 173 177 178 179 180 181 182 184 186 188 189 190 191 192 194 195 198 199 200 201 202 203 204 205 206 207 208 209 212 213 214 215 216 217 218 219 220 221 222 223 224 225 226 227 228 229 230 233 235 236 237 238 239
Print [key0:key1]: *** lower bound 204
*** upper bound 312
 204 205 206 207 208 209 212 213 214 215 216 217 218 219 220 221 222 223 224 225 226 227 228 229 230 233 235 236 237 238 239 241 242 243 244 246 247 251 252 253 254 255 258 260 262 263 264 265 266 267 268 269 270 271 273 274 275 276 278 279 280 281 283 284 286 287 288 290 291 292 294 295 296 297 298 300 301 302 303 304 305 306 307 308 309
Print [key0:key1]: *** lower bound 50
*** upper bound 186
 50 51 53 55 56 57 58 59 62 63 66 67 69 70 72 74 76 77 78 80 81 85 86 88 90 91 92 94 95 97 100 102 103 104 105 107 110 111 112 113 114 116 117 118 119 121 122 123 124 125 126 127 129 131 132 133 134 135 136 137 139 140 142 145 146 147 148 149 150 151 152 155 156 158 160 161 162 163 167 168 170 171 172 173 177 178 179 180 181 182 184
Print [key0:key1]: *** lower bound 74
*** upper bound 132
 74 76 77 78 80 81 85 86 88 90 91 92 94 95 97 100 102 103 104 105 107 110 111 112 113 114 116 117 118 119 121 122 123 124 125 126 127 129 131
Print [key0:key1]: Print [key0:key1]: *** lower bound 55
*** upper bound 145
 55 56 57 58 59 62 63 66 67 69 70 72 74 76 77 78 80 81 85 86 88 90 91 92 94 95 97 100 102 103 104 105 107 110 111 112 113 114 116 117 118 119 121 122 123 124 125 126 127 129 131 132 133 134 135 136 137 139 140 142
Print [key0:key1]: *** lower bound 48
*** upper bound 53
 48 50 51
Print [key0:key1]: Print [key0:key1]: *** lower bound 220
*** upper bound 254
 220 221 222 223 224 225 226 227 228 229 230 233 235 236 237 238 239 241 242 243 244 246 247 251 252 253
Print [key0:key1]: *** lower bound 102
*** upper bound 186
 102 103 104 105 107 110 111 112 113 114 116 117 118 119 121 122 123 124 125 126 127 129 131 132 133 134 135 136 137 139 140 142 145 146 147 148 149 150 151 152 155 156 158 160 161 162 163 167 168 170 171 172 173 177 178 179 180 181 182 184
Print [key0:key1]: Print [key0:key1]: Print [key0:key1]: Print [key0:key1]: *** lower bound 69
*** upper bound 331
 69 70 72 74 76 77 78 80 81 85 86 88 90 91 92 94 95 97 100 102 103 104 105 107 110 111 112 113 114 116 117 118 119 121 122 123 124 125 126 127 129 131 132 133 134 135 136 137 139 140 142 145 146 147 148 149 150 151 152 155 156 158 160 161 162 163 167 168 170 171 172 173 177 178 179 180 181 182 184 186 188 189 190 191 192 194 195 198 199 200 201 202 203 204 205 206 207 208 209 212 213 214 215 216 217 218 219 220 221 222 223 224 225 226 227 228 229 230 233 235 236 237 238 239 241 242 243 244 246 247 251 252 253 254 255 258 260 262 263 264 265 266 267 268 269 270 271 273 274 275 276 278 279 280 281 283 284 286 287 288 290 291 292 294 295 296 297 298 300 301 302 303 304 305 306 307 308 309 312 316 317 318 319 320 321 322 323 324 325 326 328
Print [key0:key1]: *** lower bound 0
*** upper bound 260
 0 1 2 3 4 5 6 7 9 10 12 13 15 16 17 18 19 20 21 22 24 25 26 27 28 29 31 32 33 34 36 37 38 39 40 42 43 44 45 47 48 50 51 53 55 56 57 58 59 62 63 66 67 69 70 72 74 76 77 78 80 81 85 86 88 90 91 92 94 95 97 100 102 103 104 105 107 110 111 112 113 114 116 117 118 119 121 122 123 124 125 126 127 129 131 132 133 134 135 136 137 139 140 142 145 146 147 148 149 150 151 152 155 156 158 160 161 162 163 167 168 170 171 172 173 177 178 179 180 181 182 184 186 188 189 190 191 192 194 195 198 199 200 201 202 203 204 205 206 207 208 209 212 213 214 215 216 217 218 219 220 221 222 223 224 225 226 227 228 229 230 233 235 236 237 238 239 241 242 243 244 246 247 251 252 253 254 255 258
Print [key0:key1]: *** lower bound 110
*** upper bound 155
 110 111 112 113 114 116 117 118 119 121 122 123 124 125 126 127 129 131 132 133 134 135 136 137 139 140 142 145 146 147 148 149 150 151 152
Print [key0:key1]: *** lower bound 66
*** upper bound 149
 66 67 69 70 72 74 76 77 78 80 81 85 86 88 90 91 92 94 95 97 100 102 103 104 105 107 110 111 112 113 114 116 117 118 119 121 122 123 124 125 126 127 129 131 132 133 134 135 136 137 139 140 142 145 146 147 148
Print [key0:key1]: Print [key0:key1]: Print [key0:key1]: Print [key0:key1]: *** lower bound 129
*** upper bound 206
 129 131 132 133 134 135 136 137 139 140 142 145 146 147 148 149 150 151 152 155 156 158 160 161 162 163 167 168 170 171 172 173 177 178 179 180 181 182 184 186 188 189 190 191 192 194 195 198 199 200 201 202 203 204 205
Print [key0:key1]: *** lower bound 239
*** upper bound 251
 239 241 242 243 244 246 247
Print [key0:key1]: *** lower bound 121
*** upper bound 241
 121 122 123 124 125 126 127 129 131 132 133 134 135 136 137 139 140 142 145 146 147 148 149 150 151 152 155 156 158 160 161 162 163 167 168 170 171 172 173 177 178 179 180 181 182 184 186 188 189 190 191 192 194 195 198 199 200 201 202 203 204 205 206 207 208 209 212 213 214 215 216 217 218 219 220 221 222 223 224 225 226 227 228 229 230 233 235 236 237 238 239
Print [key0:key1]: *** lower bound 161
*** upper bound 286
 161 162 163 167 168 170 171 172 173 177 178 179 180 181 182 184 186 188 189 190 191 192 194 195 198 199 200 201 202 203 204 205 206 207 208 209 212 213 214 215 216 217 218 219 220 221 222 223 224 225 226 227 228 229 230 233 235 236 237 238 239 241 242 243 244 246 247 251 252 253 254 255 258 260 262 263 264 265 266 267 268 269 270 271 273 274 275 276 278 279 280 281 283 284
Print [key0:key1]: *** lower bound 102
*** upper bound 134
 102 103 104 105 107 110 111 112 113 114 116 117 118 119 121 122 123 124 125 126 127 129 131 132 133
Print [key0:key1]: *** lower bound 69
*** upper bound 278
 69 70 72 74 76 77 78 80 81 85 86 88 90 91 92 94 95 97 100 102 103 104 105 107 110 111 112 113 114 116 117 118 119 121 122 123 124 125 126 127 129 131 132 133 134 135 136 137 139 140 142 145 146 147 148 149 150 151 152 155 156 158 160 161 162 163 167 168 170 171 172 173 177 178 179 180 181 182 184 186 188 189 190 191 192 194 195 198 199 200 201 202 203 204 205 206 207 208 209 212 213 214 215 216 217 218 219 220 221 222 223 224 225 226 227 228 229 230 233 235 236 237 238 239 241 242 243 244 246 247 251 252 253 254 255 258 260 262 263 264 265 266 267 268 269 270 271 273 274 275 276
Print [key0:key1]: Print [key0:key1]: *** lower bound 4
*** upper bound 298
 4 5 6 7 9 10 12 13 15 16 17 18 19 20 21 22 24 25 26 27 28 29 31 32 33 34 36 37 38 39 40 42 43 44 45 47 48 50 51 53 55 56 57 58 59 62 63 66 67 69 70 72 74 76 77 78 80 81 85 86 88 90 91 92 94 95 97 100 102 103 104 105 107 110 111 112 113 114 116 117 118 119 121 122 123 124 125 126 127 129 131 132 133 134 135 136 137 139 140 142 145 146 147 148 149 150 151 152 155 156 158 160 161 162 163 167 168 170 171 172 173 177 178 179 180 181 182 184 186 188 189 190 191 192 194 195 198 199 200 201 202 203 204 205 206 207 208 209 212 213 214 215 216 217 218 219 220 221 222 223 224 225 226 227 228 229 230 233 235 236 237 238 239 241 242 243 244 246 247 251 252 253 254 255 258 260 262 263 264 265 266 267 268 269 270 271 273 274 275 276 278 279 280 281 283 284 286 287 288 290 291 292 294 295 296 297
Print [key0:key1]: Print [key0:key1]: Print [key0:key1]: *** lower bound 198
*** upper bound 212
 198 199 200 201 202 203 204 205 206 207 208 209
Print [key0:key1]: *** lower bound 43
*** upper bound 212
 43 44 45 47 48 50 51 53 55 56 57 58 59 62 63 66 67 69 70 72 74 76 77 78 80 81 85 86 88 90 91 92 94 95 97 100 102 103 104 105 107 110 111 112 113 114 116 117 118 119 121 122 123 124 125 126 127 129 131 132 133 134 135 136 137 139 140 142 145 146 147 148 149 150 151 152 155 156 158 160 161 162 163 167 168 170 171 172 173 177 178 179 180 181 182 184 186 188 189 190 191 192 194 195 198 199 200 201 202 203 204 205 206 207 208 209
Print [key0:key1]: *** lower bound 0
*** upper bound 194
 0 1 2 3 4 5 6 7 9 10 12 13 15 16 17 18 19 20 21 22 24 25 26 27 28 29 31 32 33 34 36 37 38 39 40 42 43 44 45 47 48 50 51 53 55 56 57 58 59 62 63 66 67 69 70 72 74 76 77 78 80 81 85 86 88 90 91 92 94 95 97 100 102 103 104 105 107 110 111 112 113 114 116 117 118 119 121 122 123 124 125 126 127 129 131 132 133 134 135 136 137 139 140 142 145 146 147 148 149 150 151 152 155 156 158 160 161 162 163 167 168 170 171 172 173 177 178 179 180 181 182 184 186 188 189 190 191 192
Print [key0:key1]: *** lower bound 66
*** upper bound 97
 66 67 69 70 72 74 76 77 78 80 81 85 86 88 90 91 92 94 95
Print [key0:key1]: *** lower bound 212
*** upper bound 292
 212 213 214 215 216 217 218 219 220 221 222 223 224 225 226 227 228 229 230 233 235 236 237 238 239 241 242 243 244 246 247 251 252 253 254 255 258 260 262 263 264 265 266 267 268 269 270 271 273 274 275 276 278 279 280 281 283 284 286 287 288 290 291
Print [key0:key1]: Print [key0:key1]: *** lower bound 177
*** upper bound 271
 177 178 179 180 181 182 184 186 188 189 190 191 192 194 195 198 199 200 201 202 203 204 205 206 207 208 209 212 213 214 215 216 217 218 219 220 221 222 223 224 225 226 227 228 229 230 233 235 236 237 238 239 241 242 243 244 246 247 251 252 253 254 255 258 260 262 263 264 265 266 267 268 269 270
Print [key0:key1]: *** lower bound 2
*** upper bound 156
 2 3 4 5 6 7 9 10 12 13 15 16 17 18 19 20 21 22 24 25 26 27 28 29 31 32 33 34 36 37 38 39 40 42 43 44 45 47 48 50 51 53 55 56 57 58 59 62 63 66 67 69 70 72 74 76 77 78 80 81 85 86 88 90 91 92 94 95 97 100 102 103 104 105 107 110 111 112 113 114 116 117 118 119 121 122 123 124 125 126 127 129 131 132 133 134 135 136 137 139 140 142 145 146 147 148 149 150 151 152 155
Print [key0:key1]: Print [key0:key1]: *** lower bound 116
*** upper bound 160
 116 117 118 119 121 122 123 124 125 126 127 129 131 132 133 134 135 136 137 139 140 142 145 146 147 148 149 150 151 152 155 156 158
Print [key0:key1]: Print [key0:key1]: Print [key0:key1]: Print [key0:key1]: *** lower bound 150
*** upper bound 202
 150 151 152 155 156 158 160 161 162 163 167 168 170 171 172 173 177 178 179 180 181 182 184 186 188 189 190 191 192 194 195 198 199 200 201
Print [key0:key1]: Print [key0:key1]: *** lower bound 19
*** upper bound 170
 19 20 21 22 24 25 26 27 28 29 31 32 33 34 36 37 38 39 40 42 43 44 45 47 48 50 51 53 55 56 57 58 59 62 63 66 67 69 70 72 74 76 77 78 80 81 85 86 88 90 91 92 94 95 97 100 102 103 104 105 107 110 111 112 113 114 116 117 118 119 121 122 123 124 125 126 127 129 131 132 133 134 135 136 137 139 140 142 145 146 147 148 149 150 151 152 155 156 158 160 161 162 163 167 168
Print [key0:key1]: *** lower bound 200
*** upper bound 251
 200 201 202 203 204 205 206 207 208 209 212 213 214 215 216 217 218 219 220 221 222 223 224 225 226 227 228 229 230 233 235 236 237 238 239 241 242 243 244 246 247
Print [key0:key1]: Print [key0:key1]: *** lower bound 25
*** upper bound 121
 25 26 27 28 29 31 32 33 34 36 37 38 39 40 42 43 44 45 47 48 50 51 53 55 56 57 58 59 62 63 66 67 69 70 72 74 76 77 78 80 81 85 86 88 90 91 92 94 95 97 100 102 103 104 105 107 110 111 112 113 114 116 117 118 119
Print [key0:key1]: *** lower bound 160
*** upper bound 172
 160 161 162 163 167 168 170 171
Print [key0:key1]: Print [key0:key1]: *** lower bound 0
*** upper bound 217
 0 1 2 3 4 5 6 7 9 10 12 13 15 16 17 18 19 20 21 22 24 25 26 27 28 29 31 32 33 34 36 37 38 39 40 42 43 44 45 47 48 50 51 53 55 56 57 58 59 62 63 66 67 69 70 72 74 76 77 78 80 81 85 86 88 90 91 92 94 95 97 100 102 103 104 105 107 110 111 112 113 114 116 117 118 119 121 122 123 124 125 126 127 129 131 132 133 134 135 136 137 139 140 142 145 146 147 148 149 150 151 152 155 156 158 160 161 162 163 167 168 170 171 172 173 177 178 179 180 181 182 184 186 188 189 190 191 192 194 195 198 199 200 201 202 203 204 205 206 207 208 209 212 213 214 215 216
Print [key0:key1]: *** lower bound 126
*** upper bound 300
 126 127 129 131 132 133 134 135 136 137 139 140 142 145 146 147 148 149 150 151 152 155 156 158 160 161 162 163 167 168 170 171 172 173 177 178 179 180 181 182 184 186 188 189 190 191 192 194 195 198 199 200 201 202 203 204 205 206 207 208 209 212 213 214 215 216 217 218 219 220 221 222 223 224 225 226 227 228 229 230 233 235 236 237 238 239 241 242 243 244 246 247 251 252 253 254 255 258 260 262 263 264 265 266 267 268 269 270 271 273 274 275 276 278 279 280 281 283 284 286 287 288 290 291 292 294 295 296 297 298
Print [key0:key1]: *** lower bound 224
*** upper bound 258
 224 225 226 227 228 229 230 233 235 236 237 238 239 241 242 243 244 246 247 251 252 253 254 255
Print [key0:key1]: Print [key0:key1]: Print [key0:key1]: *** lower bound 0
*** upper bound 254
 0 1 2 3 4 5 6 7 9 10 12 13 15 16 17 18 19 20 21 22 24 25 26 27 28 29 31 32 33 34 36 37 38 39 40 42 43 44 45 47 48 50 51 53 55 56 57 58 59 62 63 66 67 69 70 72 74 76 77 78 80 81 85 86 88 90 91 92 94 95 97 100 102 103 104 105 107 110 111 112 113 114 116 117 118 119 121 122 123 124 125 126 127 129 131 132 133 134 135 136 137 139 140 142 145 146 147 148 149 150 151 152 155 156 158 160 161 162 163 167 168 170 171 172 173 177 178 179 180 181 182 184 186 188 189 190 191 192 194 195 198 199 200 201 202 203 204 205 206 207 208 209 212 213 214 215 216 217 218 219 220 221 222 223 224 225 226 227 228 229 230 233 235 236 237 238 239 241 242 243 244 246 247 251 252 253
Print [key0:key1]: Print [key0:key1]: *** lower bound 16
*** upper bound 184
 16 17 18 19 20 21 22 24 25 26 27 28 29 31 32 33 34 36 37 38 39 40 42 43 44 45 47 48 50 51 53 55 56 57 58 59 62 63 66 67 69 70 72 74 76 77 78 80 81 85 86 88 90 91 92 94 95 97 100 102 103 104 105 107 110 111 112 113 114 116 117 118 119 121 122 123 124 125 126 127 129 131 132 133 134 135 136 137 139 140 142 145 146 147 148 149 150 151 152 155 156 158 160 161 162 163 167 168 170 171 172 173 177 178 179 180 181 182
Print [key0:key1]: Print [key0:key1]: Print [key0:key1]: *** lower bound 142
*** upper bound 324
 142 145 146 147 148 149 150 151 152 155 156 158 160 161 162 163 167 168 170 171 172 173 177 178 179 180 181 182 184 186 188 189 190 191 192 194 195 198 199 200 201 202 203 204 205 206 207 208 209 212 213 214 215 216 217 218 219 220 221 222 223 224 225 226 227 228 229 230 233 235 236 237 238 239 241 242 243 244 246 247 251 252 253 254 255 258 260 262 263 264 265 266 267 268 269 270 271 273 274 275 276 278 279 280 281 283 284 286 287 288 290 291 292 294 295 296 297 298 300 301 302 303 304 305 306 307 308 309 312 316 317 318 319 320 321 322 323
Print [key0:key1]: *** lower bound 139
*** upper bound 275
 139 140 142 145 146 147 148 149 150 151 152 155 156 158 160 161 162 163 167 168 170 171 172 173 177 178 179 180 181 182 184 186 188 189 190 191 192 194 195 198 199 200 201 202 203 204 205 206 207 208 209 212 213 214 215 216 217 218 219 220 221 222 223 224 225 226 227 228 229 230 233 235 236 237 238 239 241 242 243 244 246 247 251 252 253 254 255 258 260 262 263 264 265 266 267 268 269 270 271 273 274
Print [key0:key1]: Print [key0:key1]: Print [key0:key1]: *** lower bound 50
*** upper bound 281
 50 51 53 55 56 57 58 59 62 63 66 67 69 70 72 74 76 77 78 80 81 85 86 88 90 91 92 94 95 97 100 102 103 104 105 107 110 111 112 113 114 116 117 118 119 121 122 123 124 125 126 127 129 131 132 133 134 135 136 137 139 140 142 145 146 147 148 149 150 151 152 155 156 158 160 161 162 163 167 168 170 171 172 173 177 178 179 180 181 182 184 186 188 189 190 191 192 194 195 198 199 200 201 202 203 204 205 206 207 208 209 212 213 214 215 216 217 218 219 220 221 222 223 224 225 226 227 228 229 230 233 235 236 237 238 239 241 242 243 244 246 247 251 252 253 254 255 258 260 262 263 264 265 266 267 268 269 270 271 273 274 275 276 278 279 280
Print [key0:key1]: *** lower bound 186
*** upper bound 278
 186 188 189 190 191 192 194 195 198 199 200 201 202 203 204 205 206 207 208 209 212 213 214 215 216 217 218 219 220 221 222 223 224 225 226 227 228 229 230 233 235 236 237 238 239 241 242 243 244 246 247 251 252 253 254 255 258 260 262 263 264 265 266 267 268 269 270 271 273 274 275 276
Print [key0:key1]: Print [key0:key1]: *** lower bound 167
*** upper bound 271
 167 168 170 171 172 173 177 178 179 180 181 182 184 186 188 189 190 191 192 194 195 198 199 200 201 202 203 204 205 206 207 208 209 212 213 214 215 216 217 218 219 220 221 222 223 224 225 226 227 228 229 230 233 235 236 237 238 239 241 242 243 244 246 247 251 252 253 254 255 258 260 262 263 264 265 266 267 268 269 270
Print [key0:key1]: Print [key0:key1]: *** lower bound 17
*** upper bound 19
 17 18
Print [key0:key1]: Print [key0:key1]: *** lower bound 81
*** upper bound 209
 81 85 86 88 90 91 92 94 95 97 100 102 103 104 105 107 110 111 112 113 114 116 117 118 119 121 122 123 124 125 126 127 129 131 132 133 134 135 136 137 139 140 142 145 146 147 148 149 150 151 152 155 156 158 160 161 162 163 167 168 170 171 172 173 177 178 179 180 181 182 184 186 188 189 190 191 192 194 195 198 199 200 201 202 203 204 205 206 207 208
Print [key0:key1]: *** lower bound 239
*** upper bound 278
 239 241 242 243 244 246 247 251 252 253 254 255 258 260 262 263 264 265 266 267 268 269 270 271 273 274 275 276
Print [key0:key1]: *** lower bound 160
*** upper bound 173
 160 161 162 163 167 168 170 171 172
Print [key0:key1]: *** lower bound 204
*** upper bound 254
 204 205 206 207 208 209 212 213 214 215 216 217 218 219 220 221 222 223 224 225 226 227 228 229 230 233 235 236 237 238 239 241 242 243 244 246 247 251 252 253
Print [key0:key1]: Print [key0:key1]: Print [key0:key1]: Print [key0:key1]: *** lower bound 72
*** upper bound 280
 72 74 76 77 78 80 81 85 86 88 90 91 92 94 95 97 100 102 103 104 105 107 110 111 112 113 114 116 117 118 119 121 122 123 124 125 126 127 129 131 132 133 134 135 136 137 139 140 142 145 146 147 148 149 150 151 152 155 156 158 160 161 162 163 167 168 170 171 172 173 177 178 179 180 181 182 184 186 188 189 190 191 192 194 195 198 199 200 201 202 203 204 205 206 207 208 209 212 213 214 215 216 217 218 219 220 221 222 223 224 225 226 227 228 229 230 233 235 236 237 238 239 241 242 243 244 246 247 251 252 253 254 255 258 260 262 263 264 265 266 267 268 269 270 271 273 274 275 276 278 279
Print [key0:key1]: 
