 0 1 2 3 4 5 6 7 8 9 10 11 13 14 15 16 17 20 21 23 24 25 26 27 29 31 32 33 34 36 38 39 40 41 42 43 45 46 47 48 50 52 53 54 55 56 57 58 60 61 62 63 65 66 67 68 74 75 76 77 80 81 82 83 84 85 86 87 88 89 91 92 93 95 96 98 99 100 102 103 104 105 106 107 109 112 114 115 116 117 118 119 120 121 122 123 125 126 127 128 130 131 132 135 136 138 139 140 141 143 144 145 147 148 149 150 151 152 153 155 156 157 158 159 160 162 163 164 165 166 171 176 177 178 180
Print [key0:key1]: Print [key0:key1]: *** lower bound 9
*** upper bound 43
 9 10 11 13 14 15 16 17 20 21 23 24 25 26 27 29 31 32 33 34 36 38 39 40 41 42
Print [key0:key1]: *** lower bound 50
*** upper bound 77
 50 52 53 54 55 56 57 58 60 61 62 63 65 66 67 68 74 75 76
Print [key0:key1]: *** lower bound 0
*** upper bound 53
 0 1 2 3 4 5 6 7 8 9 10 11 13 14 15 16 17 20 21 23 24 25 26 27 29 31 32 33 34 36 38 39 40 41 42 43 45 46 47 48 50 52
Print [key0:key1]: *** lower bound 41
*** upper bound 88
 41 42 43 45 46 47 48 50 52 53 54 55 56 57 58 60 61 62 63 65 66 67 68 74 75 76 77 80 81 82 83 84 85 86 87
Print [key0:key1]: Print [key0:key1]: *** lower bound 74
*** upper bound 135
 74 75 76 77 80 81 82 83 84 85 86 87 88 89 91 92 93 95 96 98 99 100 102 103 104 105 106 107 109 112 114 115 116 117 118 119 120 121 122 123 125 126 127 128 130 131 132
Print [key0:key1]: Print [key0:key1]: *** lower bound 15
*** upper bound 114
 15 16 17 20 21 23 24 25 26 27 29 31 32 33 34 36 38 39 40 41 42 43 45 46 47 48 50 52 53 54 55 56 57 58 60 61 62 63 65 66 67 68 74 75 76 77 80 81 82 83 84 85 86 87 88 89 91 92 93 95 96 98 99 100 102 103 104 105 106 107 109 112
Print [key0:key1]: *** lower bound 115
*** upper bound 125
 115 116 117 118 119 120 121 122 123
Print [key0:key1]: *** lower bound 17
*** upper bound 82
 17 20 21 23 24 25 26 27 29 31 32 33 34 36 38 39 40 41 42 43 45 46 47 48 50 52 53 54 55 56 57 58 60 61 62 63 65 66 67 68 74 75 76 77 80 81
Print [key0:key1]: *** lower bound 80
*** upper bound 122
 80 81 82 83 84 85 86 87 88 89 91 92 93 95 96 98 99 100 102 103 104 105 106 107 109 112 114 115 116 117 118 119 120 121
Print [key0:key1]: *** lower bound 20
*** upper bound 126
 20 21 23 24 25 26 27 29 31 32 33 34 36 38 39 40 41 42 43 45 46 47 48 50 52 53 54 55 56 57 58 60 61 62 63 65 66 67 68 74 75 76 77 80 81 82 83 84 85 86 87 88 89 91 92 93 95 96 98 99 100 102 103 104 105 106 107 109 112 114 115 116 117 118 119 120 121 122 123 125
Print [key0:key1]: *** lower bound 29
*** upper bound 150
 29 31 32 33 34 36 38 39 40 41 42 43 45 46 47 48 50 52 53 54 55 56 57 58 60 61 62 63 65 66 67 68 74 75 76 77 80 81 82 83 84 85 86 87 88 89 91 92 93 95 96 98 99 100 102 103 104 105 106 107 109 112 114 115 116 117 118 119 120 121 122 123 125 126 127 128 130 131 132 135 136 138 139 140 141 143 144 145 147 148 149
Print [key0:key1]: *** lower bound 0
*** upper bound 74
 0 1 2 3 4 5 6 7 8 9 10 11 13 14 15 16 17 20 21 23 24 25 26 27 29 31 32 33 34 36 38 39 40 41 42 43 45 46 47 48 50 52 53 54 55 56 57 58 60 61 62 63 65 66 67 68
Print [key0:key1]: Print [key0:key1]: Print [key0:key1]: Print [key0:key1]: *** lower bound 42
*** upper bound 118
 42 43 45 46 47 48 50 52 53 54 55 56 57 58 60 61 62 63 65 66 67 68 74 75 76 77 80 81 82 83 84 85 86 87 88 89 91 92 93 95 96 98 99 100 102 103 104 105 106 107 109 112 114 115 116 117
Print [key0:key1]: Print [key0:key1]: Print [key0:key1]: *** lower bound 6
*** upper bound 95
 6 7 8 9 10 11 13 14 15 16 17 20 21 23 24 25 26 27 29 31 32 33 34 36 38 39 40 41 42 43 45 46 47 48 50 52 53 54 55 56 57 58 60 61 62 63 65 66 67 68 74 75 76 77 80 81 82 83 84 85 86 87 88 89 91 92 93
Print [key0:key1]: Print [key0:key1]: *** lower bound 29
*** upper bound 36
 29 31 32 33 34
Print [key0:key1]: Print [key0:key1]: *** lower bound 0
*** upper bound 155
 0 1 2 3 4 5 6 7 8 9 10 11 13 14 15 16 17 20 21 23 24 25 26 27 29 31 32 33 34 36 38 39 40 41 42 43 45 46 47 48 50 52 53 54 55 56 57 58 60 61 62 63 65 66 67 68 74 75 76 77 80 81 82 83 84 85 86 87 88 89 91 92 93 95 96 98 99 100 102 103 104 105 106 107 109 112 114 115 116 117 118 119 120 121 122 123 125 126 127 128 130 131 132 135 136 138 139 140 141 143 144 145 147 148 149 150 151 152 153
Print [key0:key1]: Print [key0:key1]: Print [key0:key1]: Print [key0:key1]: Print [key0:key1]: *** lower bound 38
*** upper bound 135
 38 39 40 41 42 43 45 46 47 48 50 52 53 54 55 56 57 58 60 61 62 63 65 66 67 68 74 75 76 77 80 81 82 83 84 85 86 87 88 89 91 92 93 95 96 98 99 100 102 103 104 105 106 107 109 112 114 115 116 117 118 119 120 121 122 123 125 126 127 128 130 131 132
Print [key0:key1]: Print [key0:key1]: Print [key0:key1]: Print [key0:key1]: Print [key0:key1]: Print [key0:key1]: *** lower bound 55
*** upper bound 62
 55 56 57 58 60 61
Print [key0:key1]: *** lower bound 68
*** upper bound 143
 68 74 75 76 77 80 81 82 83 84 85 86 87 88 89 91 92 93 95 96 98 99 100 102 103 104 105 106 107 109 112 114 115 116 117 118 119 120 121 122 123 125 126 127 128 130 131 132 135 136 138 139 140 141
Print [key0:key1]: Print [key0:key1]: Print [key0:key1]: *** lower bound 68
*** upper bound 98
 68 74 75 76 77 80 81 82 83 84 85 86 87 88 89 91 92 93 95 96
Print [key0:key1]: *** lower bound 58
*** upper bound 96
 58 60 61 62 63 65 66 67 68 74 75 76 77 80 81 82 83 84 85 86 87 88 89 91 92 93 95
Print [key0:key1]: Print [key0:key1]: *** lower bound 116
*** upper bound 130
 116 117 118 119 120 121 122 123 125 126 127 128
Print [key0:key1]: *** lower bound 50
*** upper bound 55
 50 52 53 54
Print [key0:key1]: Print [key0:key1]: *** lower bound 29
*** upper bound 95
 29 31 32 33 34 36 38 39 40 41 42 43 45 46 47 48 50 52 53 54 55 56 57 58 60 61 62 63 65 66 67 68 74 75 76 77 80 81 82 83 84 85 86 87 88 89 91 92 93
Print [key0:key1]: Print [key0:key1]: Print [key0:key1]: *** lower bound 45
*** upper bound 99
 45 46 47 48 50 52 53 54 55 56 57 58 60 61 62 63 65 66 67 68 74 75 76 77 80 81 82 83 84 85 86 87 88 89 91 92 93 95 96 98
Print [key0:key1]: *** lower bound 6
*** upper bound 112
 6 7 8 9 10 11 13 14 15 16 17 20 21 23 24 25 26 27 29 31 32 33 34 36 38 39 40 41 42 43 45 46 47 48 50 52 53 54 55 56 57 58 60 61 62 63 65 66 67 68 74 75 76 77 80 81 82 83 84 85 86 87 88 89 91 92 93 95 96 98 99 100 102 103 104 105 106 107 109
Print [key0:key1]: Print [key0:key1]: *** lower bound 11
*** upper bound 143
 11 13 14 15 16 17 20 21 23 24 25 26 27 29 31 32 33 34 36 38 39 40 41 42 43 45 46 47 48 50 52 53 54 55 56 57 58 60 61 62 63 65 66 67 68 74 75 76 77 80 81 82 83 84 85 86 87 88 89 91 92 93 95 96 98 99 100 102 103 104 105 106 107 109 112 114 115 116 117 118 119 120 121 122 123 125 126 127 128 130 131 132 135 136 138 139 140 141
Print [key0:key1]: *** lower bound 41
*** upper bound 95
 41 42 43 45 46 47 48 50 52 53 54 55 56 57 58 60 61 62 63 65 66 67 68 74 75 76 77 80 81 82 83 84 85 86 87 88 89 91 92 93
Print [key0:key1]: *** lower bound 6
*** upper bound 135
 6 7 8 9 10 11 13 14 15 16 17 20 21 23 24 25 26 27 29 31 32 33 34 36 38 39 40 41 42 43 45 46 47 48 50 52 53 54 55 56 57 58 60 61 62 63 65 66 67 68 74 75 76 77 80 81 82 83 84 85 86 87 88 89 91 92 93 95 96 98 99 100 102 103 104 105 106 107 109 112 114 115 116 117 118 119 120 121 122 123 125 126 127 128 130 131 132
Print [key0:key1]: Print [key0:key1]: *** lower bound 85
*** upper bound 141
 85 86 87 88 89 91 92 93 95 96 98 99 100 102 103 104 105 106 107 109 112 114 115 116 117 118 119 120 121 122 123 125 126 127 128 130 131 132 135 136 138 139 140
Print [key0:key1]: *** lower bound 65
*** upper bound 91
 65 66 67 68 74 75 76 77 80 81 82 83 84 85 86 87 88 89
Print [key0:key1]: Print [key0:key1]: Print [key0:key1]: Print [key0:key1]: Print [key0:key1]: *** lower bound 27
*** upper bound 38
 27 29 31 32 33 34 36
Print [key0:key1]: *** lower bound 27
*** upper bound 141
 27 29 31 32 33 34 36 38 39 40 41 42 43 45 46 47 48 50 52 53 54 55 56 57 58 60 61 62 63 65 66 67 68 74 75 76 77 80 81 82 83 84 85 86 87 88 89 91 92 93 95 96 98 99 100 102 103 104 105 106 107 109 112 114 115 116 117 118 119 120 121 122 123 125 126 127 128 130 131 132 135 136 138 139 140
Print [key0:key1]: Print [key0:key1]: *** lower bound 45
*** upper bound 120
 45 46 47 48 50 52 53 54 55 56 57 58 60 61 62 63 65 66 67 68 74 75 76 77 80 81 82 83 84 85 86 87 88 89 91 92 93 95 96 98 99 100 102 103 104 105 106 107 109 112 114 115 116 117 118 119
Print [key0:key1]: Print [key0:key1]: 
