 2 3 4 6 8 10 11 12 13 15 16 17 19 20 22 24 25 26 28 29 30 32 33 34 35 36 37 39 40 41 43 44 45 46 47 48 49 50 51 53 54 55 56 57 59 60 61 63 64 65 66 67 68 69 70 71 72 73 74 75 76 77 79 80 81 82 84 85 86 87 88 89 91 92 93 94 96 97 98 99 101 102 104 106 108 110 111 115 116 117 119 120 122 123 125 126 129 130 131 132 133 134 135 136 137 138 139 140 143 145 146 147 148 149 150 152 153 154 155 156 159 160 161 163 164 165 166 168 169 170 172 173 174 176 177 179 182 183 184 187 188 189 190 191 192 194 195 196 197 198 199 202 203 204 205 206 207 209 211 212 213 214 215 216 217 218 219 221 222 224 225 226 227 228 229 230 232 233 234 235 236 237 238 239 242 243 244 245 247 248 249 250 251 253 254 257 258 259 260 261 262 263 264 267 270 271 272 273 275 276 277 278 279 280 281 282 284 286 287 289 290 291 292 293 294 295 297 298 300 301 302 304 305 306 307 308 309 310 311 313 315 316 317 318 319 320 321 322 323 324 325 329 331 337 338 340 341 342 343 344 345 346 348 349 351 352 353 355 359 360 361 362 363 365 366 369 370 371 372 373 374 375 376 377 379 380 382 383 385 387 388 390 391 394 396 397 398 400 401 402 403 405 406 407 409 410 411 412 414 415 416 417 419 420 425 428 429 430 431 432 433 434 435 439 440 442 443 444 446 447 448 449 450 452 453 455 456 457 458 460 461 462 465 466 468 469 470 471 472 473 474 475 476 477 479 482 483 484 486 487 488 489 490 491 493 494 495 496 497 498 499 500 503 504 507 508 509 510 511 512 513 514 515 516 517 518 520 521 522 524 525 526 527 529 531 532 533 535 536 538 541 543 544 546 547 549 551 553 554 555 556 557 559 560 561 562 564 565 566 567 569 570 571 572 573 575 576 579 580 581 582 583 584 585 587 588 590 591 592 593 594 595 596 597 598 599 600 601 602 603 604 606 607 608 610 611 612 613 614 615 616 617 618 619 620 622 624 625 627 628 629 630
Print [key0:key1]: *** lower bound 197
*** upper bound 484
 197 198 199 202 203 204 205 206 207 209 211 212 213 214 215 216 217 218 219 221 222 224 225 226 227 228 229 230 232 233 234 235 236 237 238 239 242 243 244 245 247 248 249 250 251 253 254 257 258 259 260 261 262 263 264 267 270 271 272 273 275 276 277 278 279 280 281 282 284 286 287 289 290 291 292 293 294 295 297 298 300 301 302 304 305 306 307 308 309 310 311 313 315 316 317 318 319 320 321 322 323 324 325 329 331 337 338 340 341 342 343 344 345 346 348 349 351 352 353 355 359 360 361 362 363 365 366 369 370 371 372 373 374 375 376 377 379 380 382 383 385 387 388 390 391 394 396 397 398 400 401 402 403 405 406 407 409 410 411 412 414 415 416 417 419 420 425 428 429 430 431 432 433 434 435 439 440 442 443 444 446 447 448 449 450 452 453 455 456 457 458 460 461 462 465 466 468 469 470 471 472 473 474 475 476 477 479 482 483
Print [key0:key1]: *** lower bound 170
*** upper bound 286
 170 172 173 174 176 177 179 182 183 184 187 188 189 190 191 192 194 195 196 197 198 199 202 203 204 205 206 207 209 211 212 213 214 215 216 217 218 219 221 222 224 225 226 227 228 229 230 232 233 234 235 236 237 238 239 242 243 244 245 247 248 249 250 251 253 254 257 258 259 260 261 262 263 264 267 270 271 272 273 275 276 277 278 279 280 281 282 284
Print [key0:key1]: Print [key0:key1]: Print [key0:key1]: Print [key0:key1]: Print [key0:key1]: *** lower bound 24
*** upper bound 387
 24 25 26 28 29 30 32 33 34 35 36 37 39 40 41 43 44 45 46 47 48 49 50 51 53 54 55 56 57 59 60 61 63 64 65 66 67 68 69 70 71 72 73 74 75 76 77 79 80 81 82 84 85 86 87 88 89 91 92 93 94 96 97 98 99 101 102 104 106 108 110 111 115 116 117 119 120 122 123 125 126 129 130 131 132 133 134 135 136 137 138 139 140 143 145 146 147 148 149 150 152 153 154 155 156 159 160 161 163 164 165 166 168 169 170 172 173 174 176 177 179 182 183 184 187 188 189 190 191 192 194 195 196 197 198 199 202 203 204 205 206 207 209 211 212 213 214 215 216 217 218 219 221 222 224 225 226 227 228 229 230 232 233 234 235 236 237 238 239 242 243 244 245 247 248 249 250 251 253 254 257 258 259 260 261 262 263 264 267 270 271 272 273 275 276 277 278 279 280 281 282 284 286 287 289 290 291 292 293 294 295 297 298 300 301 302 304 305 306 307 308 309 310 311 313 315 316 317 318 319 320 321 322 323 324 325 329 331 337 338 340 341 342 343 344 345 346 348 349 351 352 353 355 359 360 361 362 363 365 366 369 370 371 372 373 374 375 376 377 379 380 382 383 385
Print [key0:key1]: Print [key0:key1]: Print [key0:key1]: Print [key0:key1]: *** lower bound 199
*** upper bound 340
 199 202 203 204 205 206 207 209 211 212 213 214 215 216 217 218 219 221 222 224 225 226 227 228 229 230 232 233 234 235 236 237 238 239 242 243 244 245 247 248 249 250 251 253 254 257 258 259 260 261 262 263 264 267 270 271 272 273 275 276 277 278 279 280 281 282 284 286 287 289 290 291 292 293 294 295 297 298 300 301 302 304 305 306 307 308 309 310 311 313 315 316 317 318 319 320 321 322 323 324 325 329 331 337 338
Print [key0:key1]: Print [key0:key1]: *** lower bound 164
*** upper bound 247
 164 165 166 168 169 170 172 173 174 176 177 179 182 183 184 187 188 189 190 191 192 194 195 196 197 198 199 202 203 204 205 206 207 209 211 212 213 214 215 216 217 218 219 221 222 224 225 226 227 228 229 230 232 233 234 235 236 237 238 239 242 243 244 245
Print [key0:key1]: *** lower bound 2
*** upper bound 49
 2 3 4 6 8 10 11 12 13 15 16 17 19 20 22 24 25 26 28 29 30 32 33 34 35 36 37 39 40 41 43 44 45 46 47 48
Print [key0:key1]: Print [key0:key1]: Print [key0:key1]: Print [key0:key1]: *** lower bound 110
*** upper bound 155
 110 111 115 116 117 119 120 122 123 125 126 129 130 131 132 133 134 135 136 137 138 139 140 143 145 146 147 148 149 150 152 153 154
Print [key0:key1]: *** lower bound 53
*** upper bound 253
 53 54 55 56 57 59 60 61 63 64 65 66 67 68 69 70 71 72 73 74 75 76 77 79 80 81 82 84 85 86 87 88 89 91 92 93 94 96 97 98 99 101 102 104 106 108 110 111 115 116 117 119 120 122 123 125 126 129 130 131 132 133 134 135 136 137 138 139 140 143 145 146 147 148 149 150 152 153 154 155 156 159 160 161 163 164 165 166 168 169 170 172 173 174 176 177 179 182 183 184 187 188 189 190 191 192 194 195 196 197 198 199 202 203 204 205 206 207 209 211 212 213 214 215 216 217 218 219 221 222 224 225 226 227 228 229 230 232 233 234 235 236 237 238 239 242 243 244 245 247 248 249 250 251
Print [key0:key1]: Print [key0:key1]: *** lower bound 48
*** upper bound 439
 48 49 50 51 53 54 55 56 57 59 60 61 63 64 65 66 67 68 69 70 71 72 73 74 75 76 77 79 80 81 82 84 85 86 87 88 89 91 92 93 94 96 97 98 99 101 102 104 106 108 110 111 115 116 117 119 120 122 123 125 126 129 130 131 132 133 134 135 136 137 138 139 140 143 145 146 147 148 149 150 152 153 154 155 156 159 160 161 163 164 165 166 168 169 170 172 173 174 176 177 179 182 183 184 187 188 189 190 191 192 194 195 196 197 198 199 202 203 204 205 206 207 209 211 212 213 214 215 216 217 218 219 221 222 224 225 226 227 228 229 230 232 233 234 235 236 237 238 239 242 243 244 245 247 248 249 250 251 253 254 257 258 259 260 261 262 263 264 267 270 271 272 273 275 276 277 278 279 280 281 282 284 286 287 289 290 291 292 293 294 295 297 298 300 301 302 304 305 306 307 308 309 310 311 313 315 316 317 318 319 320 321 322 323 324 325 329 331 337 338 340 341 342 343 344 345 346 348 349 351 352 353 355 359 360 361 362 363 365 366 369 370 371 372 373 374 375 376 377 379 380 382 383 385 387 388 390 391 394 396 397 398 400 401 402 403 405 406 407 409 410 411 412 414 415 416 417 419 420 425 428 429 430 431 432 433 434 435
Print [key0:key1]: *** lower bound 123
*** upper bound 409
 123 125 126 129 130 131 132 133 134 135 136 137 138 139 140 143 145 146 147 148 149 150 152 153 154 155 156 159 160 161 163 164 165 166 168 169 170 172 173 174 176 177 179 182 183 184 187 188 189 190 191 192 194 195 196 197 198 199 202 203 204 205 206 207 209 211 212 213 214 215 216 217 218 219 221 222 224 225 226 227 228 229 230 232 233 234 235 236 237 238 239 242 243 244 245 247 248 249 250 251 253 254 257 258 259 260 261 262 263 264 267 270 271 272 273 275 276 277 278 279 280 281 282 284 286 287 289 290 291 292 293 294 295 297 298 300 301 302 304 305 306 307 308 309 310 311 313 315 316 317 318 319 320 321 322 323 324 325 329 331 337 338 340 341 342 343 344 345 346 348 349 351 352 353 355 359 360 361 362 363 365 366 369 370 371 372 373 374 375 376 377 379 380 382 383 385 387 388 390 391 394 396 397 398 400 401 402 403 405 406 407
Print [key0:key1]: Print [key0:key1]: Print [key0:key1]: *** lower bound 148
*** upper bound 351
 148 149 150 152 153 154 155 156 159 160 161 163 164 165 166 168 169 170 172 173 174 176 177 179 182 183 184 187 188 189 190 191 192 194 195 196 197 198 199 202 203 204 205 206 207 209 211 212 213 214 215 216 217 218 219 221 222 224 225 226 227 228 229 230 232 233 234 235 236 237 238 239 242 243 244 245 247 248 249 250 251 253 254 257 258 259 260 261 262 263 264 267 270 271 272 273 275 276 277 278 279 280 281 282 284 286 287 289 290 291 292 293 294 295 297 298 300 301 302 304 305 306 307 308 309 310 311 313 315 316 317 318 319 320 321 322 323 324 325 329 331 337 338 340 341 342 343 344 345 346 348 349
Print [key0:key1]: *** lower bound 216
*** upper bound 363
 216 217 218 219 221 222 224 225 226 227 228 229 230 232 233 234 235 236 237 238 239 242 243 244 245 247 248 249 250 251 253 254 257 258 259 260 261 262 263 264 267 270 271 272 273 275 276 277 278 279 280 281 282 284 286 287 289 290 291 292 293 294 295 297 298 300 301 302 304 305 306 307 308 309 310 311 313 315 316 317 318 319 320 321 322 323 324 325 329 331 337 338 340 341 342 343 344 345 346 348 349 351 352 353 355 359 360 361 362
Print [key0:key1]: *** lower bound 8
*** upper bound 355
 8 10 11 12 13 15 16 17 19 20 22 24 25 26 28 29 30 32 33 34 35 36 37 39 40 41 43 44 45 46 47 48 49 50 51 53 54 55 56 57 59 60 61 63 64 65 66 67 68 69 70 71 72 73 74 75 76 77 79 80 81 82 84 85 86 87 88 89 91 92 93 94 96 97 98 99 101 102 104 106 108 110 111 115 116 117 119 120 122 123 125 126 129 130 131 132 133 134 135 136 137 138 139 140 143 145 146 147 148 149 150 152 153 154 155 156 159 160 161 163 164 165 166 168 169 170 172 173 174 176 177 179 182 183 184 187 188 189 190 191 192 194 195 196 197 198 199 202 203 204 205 206 207 209 211 212 213 214 215 216 217 218 219 221 222 224 225 226 227 228 229 230 232 233 234 235 236 237 238 239 242 243 244 245 247 248 249 250 251 253 254 257 258 259 260 261 262 263 264 267 270 271 272 273 275 276 277 278 279 280 281 282 284 286 287 289 290 291 292 293 294 295 297 298 300 301 302 304 305 306 307 308 309 310 311 313 315 316 317 318 319 320 321 322 323 324 325 329 331 337 338 340 341 342 343 344 345 346 348 349 351 352 353
Print [key0:key1]: *** lower bound 96
*** upper bound 343
 96 97 98 99 101 102 104 106 108 110 111 115 116 117 119 120 122 123 125 126 129 130 131 132 133 134 135 136 137 138 139 140 143 145 146 147 148 149 150 152 153 154 155 156 159 160 161 163 164 165 166 168 169 170 172 173 174 176 177 179 182 183 184 187 188 189 190 191 192 194 195 196 197 198 199 202 203 204 205 206 207 209 211 212 213 214 215 216 217 218 219 221 222 224 225 226 227 228 229 230 232 233 234 235 236 237 238 239 242 243 244 245 247 248 249 250 251 253 254 257 258 259 260 261 262 263 264 267 270 271 272 273 275 276 277 278 279 280 281 282 284 286 287 289 290 291 292 293 294 295 297 298 300 301 302 304 305 306 307 308 309 310 311 313 315 316 317 318 319 320 321 322 323 324 325 329 331 337 338 340 341 342
Print [key0:key1]: *** lower bound 165
*** upper bound 351
 165 166 168 169 170 172 173 174 176 177 179 182 183 184 187 188 189 190 191 192 194 195 196 197 198 199 202 203 204 205 206 207 209 211 212 213 214 215 216 217 218 219 221 222 224 225 226 227 228 229 230 232 233 234 235 236 237 238 239 242 243 244 245 247 248 249 250 251 253 254 257 258 259 260 261 262 263 264 267 270 271 272 273 275 276 277 278 279 280 281 282 284 286 287 289 290 291 292 293 294 295 297 298 300 301 302 304 305 306 307 308 309 310 311 313 315 316 317 318 319 320 321 322 323 324 325 329 331 337 338 340 341 342 343 344 345 346 348 349
Print [key0:key1]: *** lower bound 2
*** upper bound 207
 2 3 4 6 8 10 11 12 13 15 16 17 19 20 22 24 25 26 28 29 30 32 33 34 35 36 37 39 40 41 43 44 45 46 47 48 49 50 51 53 54 55 56 57 59 60 61 63 64 65 66 67 68 69 70 71 72 73 74 75 76 77 79 80 81 82 84 85 86 87 88 89 91 92 93 94 96 97 98 99 101 102 104 106 108 110 111 115 116 117 119 120 122 123 125 126 129 130 131 132 133 134 135 136 137 138 139 140 143 145 146 147 148 149 150 152 153 154 155 156 159 160 161 163 164 165 166 168 169 170 172 173 174 176 177 179 182 183 184 187 188 189 190 191 192 194 195 196 197 198 199 202 203 204 205 206
Print [key0:key1]: *** lower bound 440
*** upper bound 483
 440 442 443 444 446 447 448 449 450 452 453 455 456 457 458 460 461 462 465 466 468 469 470 471 472 473 474 475 476 477 479 482
Print [key0:key1]: *** lower bound 56
*** upper bound 247
 56 57 59 60 61 63 64 65 66 67 68 69 70 71 72 73 74 75 76 77 79 80 81 82 84 85 86 87 88 89 91 92 93 94 96 97 98 99 101 102 104 106 108 110 111 115 116 117 119 120 122 123 125 126 129 130 131 132 133 134 135 136 137 138 139 140 143 145 146 147 148 149 150 152 153 154 155 156 159 160 161 163 164 165 166 168 169 170 172 173 174 176 177 179 182 183 184 187 188 189 190 191 192 194 195 196 197 198 199 202 203 204 205 206 207 209 211 212 213 214 215 216 217 218 219 221 222 224 225 226 227 228 229 230 232 233 234 235 236 237 238 239 242 243 244 245
Print [key0:key1]: Print [key0:key1]: *** lower bound 195
*** upper bound 221
 195 196 197 198 199 202 203 204 205 206 207 209 211 212 213 214 215 216 217 218 219
Print [key0:key1]: Print [key0:key1]: *** lower bound 29
*** upper bound 390
 29 30 32 33 34 35 36 37 39 40 41 43 44 45 46 47 48 49 50 51 53 54 55 56 57 59 60 61 63 64 65 66 67 68 69 70 71 72 73 74 75 76 77 79 80 81 82 84 85 86 87 88 89 91 92 93 94 96 97 98 99 101 102 104 106 108 110 111 115 116 117 119 120 122 123 125 126 129 130 131 132 133 134 135 136 137 138 139 140 143 145 146 147 148 149 150 152 153 154 155 156 159 160 161 163 164 165 166 168 169 170 172 173 174 176 177 179 182 183 184 187 188 189 190 191 192 194 195 196 197 198 199 202 203 204 205 206 207 209 211 212 213 214 215 216 217 218 219 221 222 224 225 226 227 228 229 230 232 233 234 235 236 237 238 239 242 243 244 245 247 248 249 250 251 253 254 257 258 259 260 261 262 263 264 267 270 271 272 273 275 276 277 278 279 280 281 282 284 286 287 289 290 291 292 293 294 295 297 298 300 301 302 304 305 306 307 308 309 310 311 313 315 316 317 318 319 320 321 322 323 324 325 329 331 337 338 340 341 342 343 344 345 346 348 349 351 352 353 355 359 360 361 362 363 365 366 369 370 371 372 373 374 375 376 377 379 380 382 383 385 387 388
Print [key0:key1]: Print [key0:key1]: *** lower bound 28
*** upper bound 168
 28 29 30 32 33 34 35 36 37 39 40 41 43 44 45 46 47 48 49 50 51 53 54 55 56 57 59 60 61 63 64 65 66 67 68 69 70 71 72 73 74 75 76 77 79 80 81 82 84 85 86 87 88 89 91 92 93 94 96 97 98 99 101 102 104 106 108 110 111 115 116 117 119 120 122 123 125 126 129 130 131 132 133 134 135 136 137 138 139 140 143 145 146 147 148 149 150 152 153 154 155 156 159 160 161 163 164 165 166
Print [key0:key1]: Print [key0:key1]: *** lower bound 194
*** upper bound 343
 194 195 196 197 198 199 202 203 204 205 206 207 209 211 212 213 214 215 216 217 218 219 221 222 224 225 226 227 228 229 230 232 233 234 235 236 237 238 239 242 243 244 245 247 248 249 250 251 253 254 257 258 259 260 261 262 263 264 267 270 271 272 273 275 276 277 278 279 280 281 282 284 286 287 289 290 291 292 293 294 295 297 298 300 301 302 304 305 306 307 308 309 310 311 313 315 316 317 318 319 320 321 322 323 324 325 329 331 337 338 340 341 342
Print [key0:key1]: *** lower bound 24
*** upper bound 233
 24 25 26 28 29 30 32 33 34 35 36 37 39 40 41 43 44 45 46 47 48 49 50 51 53 54 55 56 57 59 60 61 63 64 65 66 67 68 69 70 71 72 73 74 75 76 77 79 80 81 82 84 85 86 87 88 89 91 92 93 94 96 97 98 99 101 102 104 106 108 110 111 115 116 117 119 120 122 123 125 126 129 130 131 132 133 134 135 136 137 138 139 140 143 145 146 147 148 149 150 152 153 154 155 156 159 160 161 163 164 165 166 168 169 170 172 173 174 176 177 179 182 183 184 187 188 189 190 191 192 194 195 196 197 198 199 202 203 204 205 206 207 209 211 212 213 214 215 216 217 218 219 221 222 224 225 226 227 228 229 230 232
Print [key0:key1]: Print [key0:key1]: Print [key0:key1]: *** lower bound 324
*** upper bound 452
 324 325 329 331 337 338 340 341 342 343 344 345 346 348 349 351 352 353 355 359 360 361 362 363 365 366 369 370 371 372 373 374 375 376 377 379 380 382 383 385 387 388 390 391 394 396 397 398 400 401 402 403 405 406 407 409 410 411 412 414 415 416 417 419 420 425 428 429 430 431 432 433 434 435 439 440 442 443 444 446 447 448 449 450
Print [key0:key1]: Print [key0:key1]: Print [key0:key1]: Print [key0:key1]: Print [key0:key1]: *** lower bound 101
*** upper bound 226
 101 102 104 106 108 110 111 115 116 117 119 120 122 123 125 126 129 130 131 132 133 134 135 136 137 138 139 140 143 145 146 147 148 149 150 152 153 154 155 156 159 160 161 163 164 165 166 168 169 170 172 173 174 176 177 179 182 183 184 187 188 189 190 191 192 194 195 196 197 198 199 202 203 204 205 206 207 209 211 212 213 214 215 216 217 218 219 221 222 224 225
Print [key0:key1]: Print [key0:key1]: *** lower bound 226
*** upper bound 371
 226 227 228 229 230 232 233 234 235 236 237 238 239 242 243 244 245 247 248 249 250 251 253 254 257 258 259 260 261 262 263 264 267 270 271 272 273 275 276 277 278 279 280 281 282 284 286 287 289 290 291 292 293 294 295 297 298 300 301 302 304 305 306 307 308 309 310 311 313 315 316 317 318 319 320 321 322 323 324 325 329 331 337 338 340 341 342 343 344 345 346 348 349 351 352 353 355 359 360 361 362 363 365 366 369 370
Print [key0:key1]: Print [key0:key1]: *** lower bound 101
*** upper bound 286
 101 102 104 106 108 110 111 115 116 117 119 120 122 123 125 126 129 130 131 132 133 134 135 136 137 138 139 140 143 145 146 147 148 149 150 152 153 154 155 156 159 160 161 163 164 165 166 168 169 170 172 173 174 176 177 179 182 183 184 187 188 189 190 191 192 194 195 196 197 198 199 202 203 204 205 206 207 209 211 212 213 214 215 216 217 218 219 221 222 224 225 226 227 228 229 230 232 233 234 235 236 237 238 239 242 243 244 245 247 248 249 250 251 253 254 257 258 259 260 261 262 263 264 267 270 271 272 273 275 276 277 278 279 280 281 282 284
Print [key0:key1]: *** lower bound 224
*** upper bound 243
 224 225 226 227 228 229 230 232 233 234 235 236 237 238 239 242
Print [key0:key1]: *** lower bound 425
*** upper bound 466
 425 428 429 430 431 432 433 434 435 439 440 442 443 444 446 447 448 449 450 452 453 455 456 457 458 460 461 462 465
Print [key0:key1]: Print [key0:key1]: *** lower bound 295
*** upper bound 310
 295 297 298 300 301 302 304 305 306 307 308 309
Print [key0:key1]: *** lower bound 191
*** upper bound 301
 191 192 194 195 196 197 198 199 202 203 204 205 206 207 209 211 212 213 214 215 216 217 218 219 221 222 224 225 226 227 228 229 230 232 233 234 235 236 237 238 239 242 243 244 245 247 248 249 250 251 253 254 257 258 259 260 261 262 263 264 267 270 271 272 273 275 276 277 278 279 280 281 282 284 286 287 289 290 291 292 293 294 295 297 298 300
Print [key0:key1]: Print [key0:key1]: Print [key0:key1]: *** lower bound 86
*** upper bound 143
 86 87 88 89 91 92 93 94 96 97 98 99 101 102 104 106 108 110 111 115 116 117 119 120 122 123 125 126 129 130 131 132 133 134 135 136 137 138 139 140
Print [key0:key1]: Print [key0:key1]: Print [key0:key1]: Print [key0:key1]: *** lower bound 273
*** upper bound 366
 273 275 276 277 278 279 280 281 282 284 286 287 289 290 291 292 293 294 295 297 298 300 301 302 304 305 306 307 308 309 310 311 313 315 316 317 318 319 320 321 322 323 324 325 329 331 337 338 340 341 342 343 344 345 346 348 349 351 352 353 355 359 360 361 362 363 365
Print [key0:key1]: *** lower bound 115
*** upper bound 215
 115 116 117 119 120 122 123 125 126 129 130 131 132 133 134 135 136 137 138 139 140 143 145 146 147 148 149 150 152 153 154 155 156 159 160 161 163 164 165 166 168 169 170 172 173 174 176 177 179 182 183 184 187 188 189 190 191 192 194 195 196 197 198 199 202 203 204 205 206 207 209 211 212 213 214
Print [key0:key1]: Print [key0:key1]: Print [key0:key1]: *** lower bound 148
*** upper bound 187
 148 149 150 152 153 154 155 156 159 160 161 163 164 165 166 168 169 170 172 173 174 176 177 179 182 183 184
Print [key0:key1]: Print [key0:key1]: Print [key0:key1]: Print [key0:key1]: *** lower bound 132
*** upper bound 351
 132 133 134 135 136 137 138 139 140 143 145 146 147 148 149 150 152 153 154 155 156 159 160 161 163 164 165 166 168 169 170 172 173 174 176 177 179 182 183 184 187 188 189 190 191 192 194 195 196 197 198 199 202 203 204 205 206 207 209 211 212 213 214 215 216 217 218 219 221 222 224 225 226 227 228 229 230 232 233 234 235 236 237 238 239 242 243 244 245 247 248 249 250 251 253 254 257 258 259 260 261 262 263 264 267 270 271 272 273 275 276 277 278 279 280 281 282 284 286 287 289 290 291 292 293 294 295 297 298 300 301 302 304 305 306 307 308 309 310 311 313 315 316 317 318 319 320 321 322 323 324 325 329 331 337 338 340 341 342 343 344 345 346 348 349
Print [key0:key1]: Print [key0:key1]: Print [key0:key1]: *** lower bound 68
*** upper bound 211
 68 69 70 71 72 73 74 75 76 77 79 80 81 82 84 85 86 87 88 89 91 92 93 94 96 97 98 99 101 102 104 106 108 110 111 115 116 117 119 120 122 123 125 126 129 130 131 132 133 134 135 136 137 138 139 140 143 145 146 147 148 149 150 152 153 154 155 156 159 160 161 163 164 165 166 168 169 170 172 173 174 176 177 179 182 183 184 187 188 189 190 191 192 194 195 196 197 198 199 202 203 204 205 206 207 209
Print [key0:key1]: Print [key0:key1]: *** lower bound 293
*** upper bound 425
 293 294 295 297 298 300 301 302 304 305 306 307 308 309 310 311 313 315 316 317 318 319 320 321 322 323 324 325 329 331 337 338 340 341 342 343 344 345 346 348 349 351 352 353 355 359 360 361 362 363 365 366 369 370 371 372 373 374 375 376 377 379 380 382 383 385 387 388 390 391 394 396 397 398 400 401 402 403 405 406 407 409 410 411 412 414 415 416 417 419 420
Print [key0:key1]: Print [key0:key1]: *** lower bound 221
*** upper bound 361
 221 222 224 225 226 227 228 229 230 232 233 234 235 236 237 238 239 242 243 244 245 247 248 249 250 251 253 254 257 258 259 260 261 262 263 264 267 270 271 272 273 275 276 277 278 279 280 281 282 284 286 287 289 290 291 292 293 294 295 297 298 300 301 302 304 305 306 307 308 309 310 311 313 315 316 317 318 319 320 321 322 323 324 325 329 331 337 338 340 341 342 343 344 345 346 348 349 351 352 353 355 359 360
Print [key0:key1]: Print [key0:key1]: *** lower bound 10
*** upper bound 129
 10 11 12 13 15 16 17 19 20 22 24 25 26 28 29 30 32 33 34 35 36 37 39 40 41 43 44 45 46 47 48 49 50 51 53 54 55 56 57 59 60 61 63 64 65 66 67 68 69 70 71 72 73 74 75 76 77 79 80 81 82 84 85 86 87 88 89 91 92 93 94 96 97 98 99 101 102 104 106 108 110 111 115 116 117 119 120 122 123 125 126
Print [key0:key1]: *** lower bound 15
*** upper bound 275
 15 16 17 19 20 22 24 25 26 28 29 30 32 33 34 35 36 37 39 40 41 43 44 45 46 47 48 49 50 51 53 54 55 56 57 59 60 61 63 64 65 66 67 68 69 70 71 72 73 74 75 76 77 79 80 81 82 84 85 86 87 88 89 91 92 93 94 96 97 98 99 101 102 104 106 108 110 111 115 116 117 119 120 122 123 125 126 129 130 131 132 133 134 135 136 137 138 139 140 143 145 146 147 148 149 150 152 153 154 155 156 159 160 161 163 164 165 166 168 169 170 172 173 174 176 177 179 182 183 184 187 188 189 190 191 192 194 195 196 197 198 199 202 203 204 205 206 207 209 211 212 213 214 215 216 217 218 219 221 222 224 225 226 227 228 229 230 232 233 234 235 236 237 238 239 242 243 244 245 247 248 249 250 251 253 254 257 258 259 260 261 262 263 264 267 270 271 272 273
Print [key0:key1]: *** lower bound 168
*** upper bound 448
 168 169 170 172 173 174 176 177 179 182 183 184 187 188 189 190 191 192 194 195 196 197 198 199 202 203 204 205 206 207 209 211 212 213 214 215 216 217 218 219 221 222 224 225 226 227 228 229 230 232 233 234 235 236 237 238 239 242 243 244 245 247 248 249 250 251 253 254 257 258 259 260 261 262 263 264 267 270 271 272 273 275 276 277 278 279 280 281 282 284 286 287 289 290 291 292 293 294 295 297 298 300 301 302 304 305 306 307 308 309 310 311 313 315 316 317 318 319 320 321 322 323 324 325 329 331 337 338 340 341 342 343 344 345 346 348 349 351 352 353 355 359 360 361 362 363 365 366 369 370 371 372 373 374 375 376 377 379 380 382 383 385 387 388 390 391 394 396 397 398 400 401 402 403 405 406 407 409 410 411 412 414 415 416 417 419 420 425 428 429 430 431 432 433 434 435 439 440 442 443 444 446 447
Print [key0:key1]: Print [key0:key1]: Print [key0:key1]: *** lower bound 97
*** upper bound 324
 97 98 99 101 102 104 106 108 110 111 115 116 117 119 120 122 123 125 126 129 130 131 132 133 134 135 136 137 138 139 140 143 145 146 147 148 149 150 152 153 154 155 156 159 160 161 163 164 165 166 168 169 170 172 173 174 176 177 179 182 183 184 187 188 189 190 191 192 194 195 196 197 198 199 202 203 204 205 206 207 209 211 212 213 214 215 216 217 218 219 221 222 224 225 226 227 228 229 230 232 233 234 235 236 237 238 239 242 243 244 245 247 248 249 250 251 253 254 257 258 259 260 261 262 263 264 267 270 271 272 273 275 276 277 278 279 280 281 282 284 286 287 289 290 291 292 293 294 295 297 298 300 301 302 304 305 306 307 308 309 310 311 313 315 316 317 318 319 320 321 322 323
Print [key0:key1]: Print [key0:key1]: *** lower bound 257
*** upper bound 300
 257 258 259 260 261 262 263 264 267 270 271 272 273 275 276 277 278 279 280 281 282 284 286 287 289 290 291 292 293 294 295 297 298
Print [key0:key1]: *** lower bound 176
*** upper bound 253
 176 177 179 182 183 184 187 188 189 190 191 192 194 195 196 197 198 199 202 203 204 205 206 207 209 211 212 213 214 215 216 217 218 219 221 222 224 225 226 227 228 229 230 232 233 234 235 236 237 238 239 242 243 244 245 247 248 249 250 251
Print [key0:key1]: *** lower bound 284
*** upper bound 337
 284 286 287 289 290 291 292 293 294 295 297 298 300 301 302 304 305 306 307 308 309 310 311 313 315 316 317 318 319 320 321 322 323 324 325 329 331
Print [key0:key1]: Print [key0:key1]: *** lower bound 88
*** upper bound 123
 88 89 91 92 93 94 96 97 98 99 101 102 104 106 108 110 111 115 116 117 119 120 122
Print [key0:key1]: Print [key0:key1]: Print [key0:key1]: *** lower bound 218
*** upper bound 415
 218 219 221 222 224 225 226 227 228 229 230 232 233 234 235 236 237 238 239 242 243 244 245 247 248 249 250 251 253 254 257 258 259 260 261 262 263 264 267 270 271 272 273 275 276 277 278 279 280 281 282 284 286 287 289 290 291 292 293 294 295 297 298 300 301 302 304 305 306 307 308 309 310 311 313 315 316 317 318 319 320 321 322 323 324 325 329 331 337 338 340 341 342 343 344 345 346 348 349 351 352 353 355 359 360 361 362 363 365 366 369 370 371 372 373 374 375 376 377 379 380 382 383 385 387 388 390 391 394 396 397 398 400 401 402 403 405 406 407 409 410 411 412 414
Print [key0:key1]: Print [key0:key1]: Print [key0:key1]: *** lower bound 74
*** upper bound 361
 74 75 76 77 79 80 81 82 84 85 86 87 88 89 91 92 93 94 96 97 98 99 101 102 104 106 108 110 111 115 116 117 119 120 122 123 125 126 129 130 131 132 133 134 135 136 137 138 139 140 143 145 146 147 148 149 150 152 153 154 155 156 159 160 161 163 164 165 166 168 169 170 172 173 174 176 177 179 182 183 184 187 188 189 190 191 192 194 195 196 197 198 199 202 203 204 205 206 207 209 211 212 213 214 215 216 217 218 219 221 222 224 225 226 227 228 229 230 232 233 234 235 236 237 238 239 242 243 244 245 247 248 249 250 251 253 254 257 258 259 260 261 262 263 264 267 270 271 272 273 275 276 277 278 279 280 281 282 284 286 287 289 290 291 292 293 294 295 297 298 300 301 302 304 305 306 307 308 309 310 311 313 315 316 317 318 319 320 321 322 323 324 325 329 331 337 338 340 341 342 343 344 345 346 348 349 351 352 353 355 359 360
Print [key0:key1]: *** lower bound 2
*** upper bound 329
 2 3 4 6 8 10 11 12 13 15 16 17 19 20 22 24 25 26 28 29 30 32 33 34 35 36 37 39 40 41 43 44 45 46 47 48 49 50 51 53 54 55 56 57 59 60 61 63 64 65 66 67 68 69 70 71 72 73 74 75 76 77 79 80 81 82 84 85 86 87 88 89 91 92 93 94 96 97 98 99 101 102 104 106 108 110 111 115 116 117 119 120 122 123 125 126 129 130 131 132 133 134 135 136 137 138 139 140 143 145 146 147 148 149 150 152 153 154 155 156 159 160 161 163 164 165 166 168 169 170 172 173 174 176 177 179 182 183 184 187 188 189 190 191 192 194 195 196 197 198 199 202 203 204 205 206 207 209 211 212 213 214 215 216 217 218 219 221 222 224 225 226 227 228 229 230 232 233 234 235 236 237 238 239 242 243 244 245 247 248 249 250 251 253 254 257 258 259 260 261 262 263 264 267 270 271 272 273 275 276 277 278 279 280 281 282 284 286 287 289 290 291 292 293 294 295 297 298 300 301 302 304 305 306 307 308 309 310 311 313 315 316 317 318 319 320 321 322 323 324 325
Print [key0:key1]: *** lower bound 139
*** upper bound 394
 139 140 143 145 146 147 148 149 150 152 153 154 155 156 159 160 161 163 164 165 166 168 169 170 172 173 174 176 177 179 182 183 184 187 188 189 190 191 192 194 195 196 197 198 199 202 203 204 205 206 207 209 211 212 213 214 215 216 217 218 219 221 222 224 225 226 227 228 229 230 232 233 234 235 236 237 238 239 242 243 244 245 247 248 249 250 251 253 254 257 258 259 260 261 262 263 264 267 270 271 272 273 275 276 277 278 279 280 281 282 284 286 287 289 290 291 292 293 294 295 297 298 300 301 302 304 305 306 307 308 309 310 311 313 315 316 317 318 319 320 321 322 323 324 325 329 331 337 338 340 341 342 343 344 345 346 348 349 351 352 353 355 359 360 361 362 363 365 366 369 370 371 372 373 374 375 376 377 379 380 382 383 385 387 388 390 391
Print [key0:key1]: Print [key0:key1]: Print [key0:key1]: Print [key0:key1]: *** lower bound 46
*** upper bound 435
 46 47 48 49 50 51 53 54 55 56 57 59 60 61 63 64 65 66 67 68 69 70 71 72 73 74 75 76 77 79 80 81 82 84 85 86 87 88 89 91 92 93 94 96 97 98 99 101 102 104 106 108 110 111 115 116 117 119 120 122 123 125 126 129 130 131 132 133 134 135 136 137 138 139 140 143 145 146 147 148 149 150 152 153 154 155 156 159 160 161 163 164 165 166 168 169 170 172 173 174 176 177 179 182 183 184 187 188 189 190 191 192 194 195 196 197 198 199 202 203 204 205 206 207 209 211 212 213 214 215 216 217 218 219 221 222 224 225 226 227 228 229 230 232 233 234 235 236 237 238 239 242 243 244 245 247 248 249 250 251 253 254 257 258 259 260 261 262 263 264 267 270 271 272 273 275 276 277 278 279 280 281 282 284 286 287 289 290 291 292 293 294 295 297 298 300 301 302 304 305 306 307 308 309 310 311 313 315 316 317 318 319 320 321 322 323 324 325 329 331 337 338 340 341 342 343 344 345 346 348 349 351 352 353 355 359 360 361 362 363 365 366 369 370 371 372 373 374 375 376 377 379 380 382 383 385 387 388 390 391 394 396 397 398 400 401 402 403 405 406 407 409 410 411 412 414 415 416 417 419 420 425 428 429 430 431 432 433 434
Print [key0:key1]: Print [key0:key1]: Print [key0:key1]: *** lower bound 20
*** upper bound 315
 20 22 24 25 26 28 29 30 32 33 34 35 36 37 39 40 41 43 44 45 46 47 48 49 50 51 53 54 55 56 57 59 60 61 63 64 65 66 67 68 69 70 71 72 73 74 75 76 77 79 80 81 82 84 85 86 87 88 89 91 92 93 94 96 97 98 99 101 102 104 106 108 110 111 115 116 117 119 120 122 123 125 126 129 130 131 132 133 134 135 136 137 138 139 140 143 145 146 147 148 149 150 152 153 154 155 156 159 160 161 163 164 165 166 168 169 170 172 173 174 176 177 179 182 183 184 187 188 189 190 191 192 194 195 196 197 198 199 202 203 204 205 206 207 209 211 212 213 214 215 216 217 218 219 221 222 224 225 226 227 228 229 230 232 233 234 235 236 237 238 239 242 243 244 245 247 248 249 250 251 253 254 257 258 259 260 261 262 263 264 267 270 271 272 273 275 276 277 278 279 280 281 282 284 286 287 289 290 291 292 293 294 295 297 298 300 301 302 304 305 306 307 308 309 310 311 313
Print [key0:key1]: Print [key0:key1]: *** lower bound 351
*** upper bound 361
 351 352 353 355 359 360
Print [key0:key1]: *** lower bound 12
*** upper bound 225
 12 13 15 16 17 19 20 22 24 25 26 28 29 30 32 33 34 35 36 37 39 40 41 43 44 45 46 47 48 49 50 51 53 54 55 56 57 59 60 61 63 64 65 66 67 68 69 70 71 72 73 74 75 76 77 79 80 81 82 84 85 86 87 88 89 91 92 93 94 96 97 98 99 101 102 104 106 108 110 111 115 116 117 119 120 122 123 125 126 129 130 131 132 133 134 135 136 137 138 139 140 143 145 146 147 148 149 150 152 153 154 155 156 159 160 161 163 164 165 166 168 169 170 172 173 174 176 177 179 182 183 184 187 188 189 190 191 192 194 195 196 197 198 199 202 203 204 205 206 207 209 211 212 213 214 215 216 217 218 219 221 222 224
Print [key0:key1]: *** lower bound 2
*** upper bound 465
 2 3 4 6 8 10 11 12 13 15 16 17 19 20 22 24 25 26 28 29 30 32 33 34 35 36 37 39 40 41 43 44 45 46 47 48 49 50 51 53 54 55 56 57 59 60 61 63 64 65 66 67 68 69 70 71 72 73 74 75 76 77 79 80 81 82 84 85 86 87 88 89 91 92 93 94 96 97 98 99 101 102 104 106 108 110 111 115 116 117 119 120 122 123 125 126 129 130 131 132 133 134 135 136 137 138 139 140 143 145 146 147 148 149 150 152 153 154 155 156 159 160 161 163 164 165 166 168 169 170 172 173 174 176 177 179 182 183 184 187 188 189 190 191 192 194 195 196 197 198 199 202 203 204 205 206 207 209 211 212 213 214 215 216 217 218 219 221 222 224 225 226 227 228 229 230 232 233 234 235 236 237 238 239 242 243 244 245 247 248 249 250 251 253 254 257 258 259 260 261 262 263 264 267 270 271 272 273 275 276 277 278 279 280 281 282 284 286 287 289 290 291 292 293 294 295 297 298 300 301 302 304 305 306 307 308 309 310 311 313 315 316 317 318 319 320 321 322 323 324 325 329 331 337 338 340 341 342 343 344 345 346 348 349 351 352 353 355 359 360 361 362 363 365 366 369 370 371 372 373 374 375 376 377 379 380 382 383 385 387 388 390 391 394 396 397 398 400 401 402 403 405 406 407 409 410 411 412 414 415 416 417 419 420 425 428 429 430 431 432 433 434 435 439 440 442 443 444 446 447 448 449 450 452 453 455 456 457 458 460 461 462
Print [key0:key1]: *** lower bound 85
*** upper bound 136
 85 86 87 88 89 91 92 93 94 96 97 98 99 101 102 104 106 108 110 111 115 116 117 119 120 122 123 125 126 129 130 131 132 133 134 135
Print [key0:key1]: *** lower bound 165
*** upper bound 221
 165 166 168 169 170 172 173 174 176 177 179 182 183 184 187 188 189 190 191 192 194 195 196 197 198 199 202 203 204 205 206 207 209 211 212 213 214 215 216 217 218 219
Print [key0:key1]: Print [key0:key1]: Print [key0:key1]: Print [key0:key1]: *** lower bound 43
*** upper bound 134
 43 44 45 46 47 48 49 50 51 53 54 55 56 57 59 60 61 63 64 65 66 67 68 69 70 71 72 73 74 75 76 77 79 80 81 82 84 85 86 87 88 89 91 92 93 94 96 97 98 99 101 102 104 106 108 110 111 115 116 117 119 120 122 123 125 126 129 130 131 132 133
Print [key0:key1]: *** lower bound 104
*** upper bound 271
 104 106 108 110 111 115 116 117 119 120 122 123 125 126 129 130 131 132 133 134 135 136 137 138 139 140 143 145 146 147 148 149 150 152 153 154 155 156 159 160 161 163 164 165 166 168 169 170 172 173 174 176 177 179 182 183 184 187 188 189 190 191 192 194 195 196 197 198 199 202 203 204 205 206 207 209 211 212 213 214 215 216 217 218 219 221 222 224 225 226 227 228 229 230 232 233 234 235 236 237 238 239 242 243 244 245 247 248 249 250 251 253 254 257 258 259 260 261 262 263 264 267 270
Print [key0:key1]: *** lower bound 275
*** upper bound 297
 275 276 277 278 279 280 281 282 284 286 287 289 290 291 292 293 294 295
Print [key0:key1]: Print [key0:key1]: *** lower bound 206
*** upper bound 244
 206 207 209 211 212 213 214 215 216 217 218 219 221 222 224 225 226 227 228 229 230 232 233 234 235 236 237 238 239 242 243
Print [key0:key1]: *** lower bound 234
*** upper bound 465
 234 235 236 237 238 239 242 243 244 245 247 248 249 250 251 253 254 257 258 259 260 261 262 263 264 267 270 271 272 273 275 276 277 278 279 280 281 282 284 286 287 289 290 291 292 293 294 295 297 298 300 301 302 304 305 306 307 308 309 310 311 313 315 316 317 318 319 320 321 322 323 324 325 329 331 337 338 340 341 342 343 344 345 346 348 349 351 352 353 355 359 360 361 362 363 365 366 369 370 371 372 373 374 375 376 377 379 380 382 383 385 387 388 390 391 394 396 397 398 400 401 402 403 405 406 407 409 410 411 412 414 415 416 417 419 420 425 428 429 430 431 432 433 434 435 439 440 442 443 444 446 447 448 449 450 452 453 455 456 457 458 460 461 462
Print [key0:key1]: *** lower bound 188
*** upper bound 310
 188 189 190 191 192 194 195 196 197 198 199 202 203 204 205 206 207 209 211 212 213 214 215 216 217 218 219 221 222 224 225 226 227 228 229 230 232 233 234 235 236 237 238 239 242 243 244 245 247 248 249 250 251 253 254 257 258 259 260 261 262 263 264 267 270 271 272 273 275 276 277 278 279 280 281 282 284 286 287 289 290 291 292 293 294 295 297 298 300 301 302 304 305 306 307 308 309
Print [key0:key1]: Print [key0:key1]: *** lower bound 322
*** upper bound 409
 322 323 324 325 329 331 337 338 340 341 342 343 344 345 346 348 349 351 352 353 355 359 360 361 362 363 365 366 369 370 371 372 373 374 375 376 377 379 380 382 383 385 387 388 390 391 394 396 397 398 400 401 402 403 405 406 407
Print [key0:key1]: Print [key0:key1]: Print [key0:key1]: Print [key0:key1]: *** lower bound 32
*** upper bound 315
 32 33 34 35 36 37 39 40 41 43 44 45 46 47 48 49 50 51 53 54 55 56 57 59 60 61 63 64 65 66 67 68 69 70 71 72 73 74 75 76 77 79 80 81 82 84 85 86 87 88 89 91 92 93 94 96 97 98 99 101 102 104 106 108 110 111 115 116 117 119 120 122 123 125 126 129 130 131 132 133 134 135 136 137 138 139 140 143 145 146 147 148 149 150 152 153 154 155 156 159 160 161 163 164 165 166 168 169 170 172 173 174 176 177 179 182 183 184 187 188 189 190 191 192 194 195 196 197 198 199 202 203 204 205 206 207 209 211 212 213 214 215 216 217 218 219 221 222 224 225 226 227 228 229 230 232 233 234 235 236 237 238 239 242 243 244 245 247 248 249 250 251 253 254 257 258 259 260 261 262 263 264 267 270 271 272 273 275 276 277 278 279 280 281 282 284 286 287 289 290 291 292 293 294 295 297 298 300 301 302 304 305 306 307 308 309 310 311 313
Print [key0:key1]: Print [key0:key1]: Print [key0:key1]: *** lower bound 253
*** upper bound 315
 253 254 257 258 259 260 261 262 263 264 267 270 271 272 273 275 276 277 278 279 280 281 282 284 286 287 289 290 291 292 293 294 295 297 298 300 301 302 304 305 306 307 308 309 310 311 313
Print [key0:key1]: *** lower bound 239
*** upper bound 374
 239 242 243 244 245 247 248 249 250 251 253 254 257 258 259 260 261 262 263 264 267 270 271 272 273 275 276 277 278 279 280 281 282 284 286 287 289 290 291 292 293 294 295 297 298 300 301 302 304 305 306 307 308 309 310 311 313 315 316 317 318 319 320 321 322 323 324 325 329 331 337 338 340 341 342 343 344 345 346 348 349 351 352 353 355 359 360 361 362 363 365 366 369 370 371 372 373
Print [key0:key1]: Print [key0:key1]: Print [key0:key1]: *** lower bound 97
*** upper bound 431
 97 98 99 101 102 104 106 108 110 111 115 116 117 119 120 122 123 125 126 129 130 131 132 133 134 135 136 137 138 139 140 143 145 146 147 148 149 150 152 153 154 155 156 159 160 161 163 164 165 166 168 169 170 172 173 174 176 177 179 182 183 184 187 188 189 190 191 192 194 195 196 197 198 199 202 203 204 205 206 207 209 211 212 213 214 215 216 217 218 219 221 222 224 225 226 227 228 229 230 232 233 234 235 236 237 238 239 242 243 244 245 247 248 249 250 251 253 254 257 258 259 260 261 262 263 264 267 270 271 272 273 275 276 277 278 279 280 281 282 284 286 287 289 290 291 292 293 294 295 297 298 300 301 302 304 305 306 307 308 309 310 311 313 315 316 317 318 319 320 321 322 323 324 325 329 331 337 338 340 341 342 343 344 345 346 348 349 351 352 353 355 359 360 361 362 363 365 366 369 370 371 372 373 374 375 376 377 379 380 382 383 385 387 388 390 391 394 396 397 398 400 401 402 403 405 406 407 409 410 411 412 414 415 416 417 419 420 425 428 429 430
Print [key0:key1]: Print [key0:key1]: *** lower bound 102
*** upper bound 226
 102 104 106 108 110 111 115 116 117 119 120 122 123 125 126 129 130 131 132 133 134 135 136 137 138 139 140 143 145 146 147 148 149 150 152 153 154 155 156 159 160 161 163 164 165 166 168 169 170 172 173 174 176 177 179 182 183 184 187 188 189 190 191 192 194 195 196 197 198 199 202 203 204 205 206 207 209 211 212 213 214 215 216 217 218 219 221 222 224 225
Print [key0:key1]: Print [key0:key1]: *** lower bound 40
*** upper bound 237
 40 41 43 44 45 46 47 48 49 50 51 53 54 55 56 57 59 60 61 63 64 65 66 67 68 69 70 71 72 73 74 75 76 77 79 80 81 82 84 85 86 87 88 89 91 92 93 94 96 97 98 99 101 102 104 106 108 110 111 115 116 117 119 120 122 123 125 126 129 130 131 132 133 134 135 136 137 138 139 140 143 145 146 147 148 149 150 152 153 154 155 156 159 160 161 163 164 165 166 168 169 170 172 173 174 176 177 179 182 183 184 187 188 189 190 191 192 194 195 196 197 198 199 202 203 204 205 206 207 209 211 212 213 214 215 216 217 218 219 221 222 224 225 226 227 228 229 230 232 233 234 235 236
Print [key0:key1]: Print [key0:key1]: Print [key0:key1]: Print [key0:key1]: Print [key0:key1]: Print [key0:key1]: *** lower bound 411
*** upper bound 431
 411 412 414 415 416 417 419 420 425 428 429 430
Print [key0:key1]: *** lower bound 10
*** upper bound 387
 10 11 12 13 15 16 17 19 20 22 24 25 26 28 29 30 32 33 34 35 36 37 39 40 41 43 44 45 46 47 48 49 50 51 53 54 55 56 57 59 60 61 63 64 65 66 67 68 69 70 71 72 73 74 75 76 77 79 80 81 82 84 85 86 87 88 89 91 92 93 94 96 97 98 99 101 102 104 106 108 110 111 115 116 117 119 120 122 123 125 126 129 130 131 132 133 134 135 136 137 138 139 140 143 145 146 147 148 149 150 152 153 154 155 156 159 160 161 163 164 165 166 168 169 170 172 173 174 176 177 179 182 183 184 187 188 189 190 191 192 194 195 196 197 198 199 202 203 204 205 206 207 209 211 212 213 214 215 216 217 218 219 221 222 224 225 226 227 228 229 230 232 233 234 235 236 237 238 239 242 243 244 245 247 248 249 250 251 253 254 257 258 259 260 261 262 263 264 267 270 271 272 273 275 276 277 278 279 280 281 282 284 286 287 289 290 291 292 293 294 295 297 298 300 301 302 304 305 306 307 308 309 310 311 313 315 316 317 318 319 320 321 322 323 324 325 329 331 337 338 340 341 342 343 344 345 346 348 349 351 352 353 355 359 360 361 362 363 365 366 369 370 371 372 373 374 375 376 377 379 380 382 383 385
Print [key0:key1]: Print [key0:key1]: *** lower bound 93
*** upper bound 106
 93 94 96 97 98 99 101 102 104
Print [key0:key1]: Print [key0:key1]: Print [key0:key1]: *** lower bound 79
*** upper bound 455
 79 80 81 82 84 85 86 87 88 89 91 92 93 94 96 97 98 99 101 102 104 106 108 110 111 115 116 117 119 120 122 123 125 126 129 130 131 132 133 134 135 136 137 138 139 140 143 145 146 147 148 149 150 152 153 154 155 156 159 160 161 163 164 165 166 168 169 170 172 173 174 176 177 179 182 183 184 187 188 189 190 191 192 194 195 196 197 198 199 202 203 204 205 206 207 209 211 212 213 214 215 216 217 218 219 221 222 224 225 226 227 228 229 230 232 233 234 235 236 237 238 239 242 243 244 245 247 248 249 250 251 253 254 257 258 259 260 261 262 263 264 267 270 271 272 273 275 276 277 278 279 280 281 282 284 286 287 289 290 291 292 293 294 295 297 298 300 301 302 304 305 306 307 308 309 310 311 313 315 316 317 318 319 320 321 322 323 324 325 329 331 337 338 340 341 342 343 344 345 346 348 349 351 352 353 355 359 360 361 362 363 365 366 369 370 371 372 373 374 375 376 377 379 380 382 383 385 387 388 390 391 394 396 397 398 400 401 402 403 405 406 407 409 410 411 412 414 415 416 417 419 420 425 428 429 430 431 432 433 434 435 439 440 442 443 444 446 447 448 449 450 452 453
Print [key0:key1]: Print [key0:key1]: Print [key0:key1]: *** lower bound 41
*** upper bound 373
 41 43 44 45 46 47 48 49 50 51 53 54 55 56 57 59 60 61 63 64 65 66 67 68 69 70 71 72 73 74 75 76 77 79 80 81 82 84 85 86 87 88 89 91 92 93 94 96 97 98 99 101 102 104 106 108 110 111 115 116 117 119 120 122 123 125 126 129 130 131 132 133 134 135 136 137 138 139 140 143 145 146 147 148 149 150 152 153 154 155 156 159 160 161 163 164 165 166 168 169 170 172 173 174 176 177 179 182 183 184 187 188 189 190 191 192 194 195 196 197 198 199 202 203 204 205 206 207 209 211 212 213 214 215 216 217 218 219 221 222 224 225 226 227 228 229 230 232 233 234 235 236 237 238 239 242 243 244 245 247 248 249 250 251 253 254 257 258 259 260 261 262 263 264 267 270 271 272 273 275 276 277 278 279 280 281 282 284 286 287 289 290 291 292 293 294 295 297 298 300 301 302 304 305 306 307 308 309 310 311 313 315 316 317 318 319 320 321 322 323 324 325 329 331 337 338 340 341 342 343 344 345 346 348 349 351 352 353 355 359 360 361 362 363 365 366 369 370 371 372
Print [key0:key1]: *** lower bound 176
*** upper bound 199
 176 177 179 182 183 184 187 188 189 190 191 192 194 195 196 197 198
Print [key0:key1]: *** lower bound 177
*** upper bound 379
 177 179 182 183 184 187 188 189 190 191 192 194 195 196 197 198 199 202 203 204 205 206 207 209 211 212 213 214 215 216 217 218 219 221 222 224 225 226 227 228 229 230 232 233 234 235 236 237 238 239 242 243 244 245 247 248 249 250 251 253 254 257 258 259 260 261 262 263 264 267 270 271 272 273 275 276 277 278 279 280 281 282 284 286 287 289 290 291 292 293 294 295 297 298 300 301 302 304 305 306 307 308 309 310 311 313 315 316 317 318 319 320 321 322 323 324 325 329 331 337 338 340 341 342 343 344 345 346 348 349 351 352 353 355 359 360 361 362 363 365 366 369 370 371 372 373 374 375 376 377
Print [key0:key1]: Print [key0:key1]: *** lower bound 8
*** upper bound 355
 8 10 11 12 13 15 16 17 19 20 22 24 25 26 28 29 30 32 33 34 35 36 37 39 40 41 43 44 45 46 47 48 49 50 51 53 54 55 56 57 59 60 61 63 64 65 66 67 68 69 70 71 72 73 74 75 76 77 79 80 81 82 84 85 86 87 88 89 91 92 93 94 96 97 98 99 101 102 104 106 108 110 111 115 116 117 119 120 122 123 125 126 129 130 131 132 133 134 135 136 137 138 139 140 143 145 146 147 148 149 150 152 153 154 155 156 159 160 161 163 164 165 166 168 169 170 172 173 174 176 177 179 182 183 184 187 188 189 190 191 192 194 195 196 197 198 199 202 203 204 205 206 207 209 211 212 213 214 215 216 217 218 219 221 222 224 225 226 227 228 229 230 232 233 234 235 236 237 238 239 242 243 244 245 247 248 249 250 251 253 254 257 258 259 260 261 262 263 264 267 270 271 272 273 275 276 277 278 279 280 281 282 284 286 287 289 290 291 292 293 294 295 297 298 300 301 302 304 305 306 307 308 309 310 311 313 315 316 317 318 319 320 321 322 323 324 325 329 331 337 338 340 341 342 343 344 345 346 348 349 351 352 353
Print [key0:key1]: *** lower bound 351
*** upper bound 447
 351 352 353 355 359 360 361 362 363 365 366 369 370 371 372 373 374 375 376 377 379 380 382 383 385 387 388 390 391 394 396 397 398 400 401 402 403 405 406 407 409 410 411 412 414 415 416 417 419 420 425 428 429 430 431 432 433 434 435 439 440 442 443 444 446
Print [key0:key1]: Print [key0:key1]: *** lower bound 213
*** upper bound 243
 213 214 215 216 217 218 219 221 222 224 225 226 227 228 229 230 232 233 234 235 236 237 238 239 242
Print [key0:key1]: *** lower bound 79
*** upper bound 329
 79 80 81 82 84 85 86 87 88 89 91 92 93 94 96 97 98 99 101 102 104 106 108 110 111 115 116 117 119 120 122 123 125 126 129 130 131 132 133 134 135 136 137 138 139 140 143 145 146 147 148 149 150 152 153 154 155 156 159 160 161 163 164 165 166 168 169 170 172 173 174 176 177 179 182 183 184 187 188 189 190 191 192 194 195 196 197 198 199 202 203 204 205 206 207 209 211 212 213 214 215 216 217 218 219 221 222 224 225 226 227 228 229 230 232 233 234 235 236 237 238 239 242 243 244 245 247 248 249 250 251 253 254 257 258 259 260 261 262 263 264 267 270 271 272 273 275 276 277 278 279 280 281 282 284 286 287 289 290 291 292 293 294 295 297 298 300 301 302 304 305 306 307 308 309 310 311 313 315 316 317 318 319 320 321 322 323 324 325
Print [key0:key1]: Print [key0:key1]: *** lower bound 46
*** upper bound 48
 46 47
Print [key0:key1]: Print [key0:key1]: Print [key0:key1]: *** lower bound 102
*** upper bound 108
 102 104 106
Print [key0:key1]: Print [key0:key1]: Print [key0:key1]: *** lower bound 115
*** upper bound 321
 115 116 117 119 120 122 123 125 126 129 130 131 132 133 134 135 136 137 138 139 140 143 145 146 147 148 149 150 152 153 154 155 156 159 160 161 163 164 165 166 168 169 170 172 173 174 176 177 179 182 183 184 187 188 189 190 191 192 194 195 196 197 198 199 202 203 204 205 206 207 209 211 212 213 214 215 216 217 218 219 221 222 224 225 226 227 228 229 230 232 233 234 235 236 237 238 239 242 243 244 245 247 248 249 250 251 253 254 257 258 259 260 261 262 263 264 267 270 271 272 273 275 276 277 278 279 280 281 282 284 286 287 289 290 291 292 293 294 295 297 298 300 301 302 304 305 306 307 308 309 310 311 313 315 316 317 318 319 320
Print [key0:key1]: *** lower bound 6
*** upper bound 104
 6 8 10 11 12 13 15 16 17 19 20 22 24 25 26 28 29 30 32 33 34 35 36 37 39 40 41 43 44 45 46 47 48 49 50 51 53 54 55 56 57 59 60 61 63 64 65 66 67 68 69 70 71 72 73 74 75 76 77 79 80 81 82 84 85 86 87 88 89 91 92 93 94 96 97 98 99 101 102
Print [key0:key1]: *** lower bound 86
*** upper bound 298
 86 87 88 89 91 92 93 94 96 97 98 99 101 102 104 106 108 110 111 115 116 117 119 120 122 123 125 126 129 130 131 132 133 134 135 136 137 138 139 140 143 145 146 147 148 149 150 152 153 154 155 156 159 160 161 163 164 165 166 168 169 170 172 173 174 176 177 179 182 183 184 187 188 189 190 191 192 194 195 196 197 198 199 202 203 204 205 206 207 209 211 212 213 214 215 216 217 218 219 221 222 224 225 226 227 228 229 230 232 233 234 235 236 237 238 239 242 243 244 245 247 248 249 250 251 253 254 257 258 259 260 261 262 263 264 267 270 271 272 273 275 276 277 278 279 280 281 282 284 286 287 289 290 291 292 293 294 295 297
Print [key0:key1]: Print [key0:key1]: *** lower bound 2
*** upper bound 172
 2 3 4 6 8 10 11 12 13 15 16 17 19 20 22 24 25 26 28 29 30 32 33 34 35 36 37 39 40 41 43 44 45 46 47 48 49 50 51 53 54 55 56 57 59 60 61 63 64 65 66 67 68 69 70 71 72 73 74 75 76 77 79 80 81 82 84 85 86 87 88 89 91 92 93 94 96 97 98 99 101 102 104 106 108 110 111 115 116 117 119 120 122 123 125 126 129 130 131 132 133 134 135 136 137 138 139 140 143 145 146 147 148 149 150 152 153 154 155 156 159 160 161 163 164 165 166 168 169 170
Print [key0:key1]: Print [key0:key1]: *** lower bound 202
*** upper bound 391
 202 203 204 205 206 207 209 211 212 213 214 215 216 217 218 219 221 222 224 225 226 227 228 229 230 232 233 234 235 236 237 238 239 242 243 244 245 247 248 249 250 251 253 254 257 258 259 260 261 262 263 264 267 270 271 272 273 275 276 277 278 279 280 281 282 284 286 287 289 290 291 292 293 294 295 297 298 300 301 302 304 305 306 307 308 309 310 311 313 315 316 317 318 319 320 321 322 323 324 325 329 331 337 338 340 341 342 343 344 345 346 348 349 351 352 353 355 359 360 361 362 363 365 366 369 370 371 372 373 374 375 376 377 379 380 382 383 385 387 388 390
Print [key0:key1]: *** lower bound 272
*** upper bound 360
 272 273 275 276 277 278 279 280 281 282 284 286 287 289 290 291 292 293 294 295 297 298 300 301 302 304 305 306 307 308 309 310 311 313 315 316 317 318 319 320 321 322 323 324 325 329 331 337 338 340 341 342 343 344 345 346 348 349 351 352 353 355 359
Print [key0:key1]: Print [key0:key1]: Print [key0:key1]: *** lower bound 97
*** upper bound 120
 97 98 99 101 102 104 106 108 110 111 115 116 117 119
Print [key0:key1]: Print [key0:key1]: Print [key0:key1]: *** lower bound 275
*** upper bound 340
 275 276 277 278 279 280 281 282 284 286 287 289 290 291 292 293 294 295 297 298 300 301 302 304 305 306 307 308 309 310 311 313 315 316 317 318 319 320 321 322 323 324 325 329 331 337 338
Print [key0:key1]: *** lower bound 29
*** upper bound 133
 29 30 32 33 34 35 36 37 39 40 41 43 44 45 46 47 48 49 50 51 53 54 55 56 57 59 60 61 63 64 65 66 67 68 69 70 71 72 73 74 75 76 77 79 80 81 82 84 85 86 87 88 89 91 92 93 94 96 97 98 99 101 102 104 106 108 110 111 115 116 117 119 120 122 123 125 126 129 130 131 132
Print [key0:key1]: *** lower bound 2
*** upper bound 189
 2 3 4 6 8 10 11 12 13 15 16 17 19 20 22 24 25 26 28 29 30 32 33 34 35 36 37 39 40 41 43 44 45 46 47 48 49 50 51 53 54 55 56 57 59 60 61 63 64 65 66 67 68 69 70 71 72 73 74 75 76 77 79 80 81 82 84 85 86 87 88 89 91 92 93 94 96 97 98 99 101 102 104 106 108 110 111 115 116 117 119 120 122 123 125 126 129 130 131 132 133 134 135 136 137 138 139 140 143 145 146 147 148 149 150 152 153 154 155 156 159 160 161 163 164 165 166 168 169 170 172 173 174 176 177 179 182 183 184 187 188
Print [key0:key1]: *** lower bound 57
*** upper bound 490
 57 59 60 61 63 64 65 66 67 68 69 70 71 72 73 74 75 76 77 79 80 81 82 84 85 86 87 88 89 91 92 93 94 96 97 98 99 101 102 104 106 108 110 111 115 116 117 119 120 122 123 125 126 129 130 131 132 133 134 135 136 137 138 139 140 143 145 146 147 148 149 150 152 153 154 155 156 159 160 161 163 164 165 166 168 169 170 172 173 174 176 177 179 182 183 184 187 188 189 190 191 192 194 195 196 197 198 199 202 203 204 205 206 207 209 211 212 213 214 215 216 217 218 219 221 222 224 225 226 227 228 229 230 232 233 234 235 236 237 238 239 242 243 244 245 247 248 249 250 251 253 254 257 258 259 260 261 262 263 264 267 270 271 272 273 275 276 277 278 279 280 281 282 284 286 287 289 290 291 292 293 294 295 297 298 300 301 302 304 305 306 307 308 309 310 311 313 315 316 317 318 319 320 321 322 323 324 325 329 331 337 338 340 341 342 343 344 345 346 348 349 351 352 353 355 359 360 361 362 363 365 366 369 370 371 372 373 374 375 376 377 379 380 382 383 385 387 388 390 391 394 396 397 398 400 401 402 403 405 406 407 409 410 411 412 414 415 416 417 419 420 425 428 429 430 431 432 433 434 435 439 440 442 443 444 446 447 448 449 450 452 453 455 456 457 458 460 461 462 465 466 468 469 470 471 472 473 474 475 476 477 479 482 483 484 486 487 488 489
Print [key0:key1]: Print [key0:key1]: Print [key0:key1]: *** lower bound 19
*** upper bound 410
 19 20 22 24 25 26 28 29 30 32 33 34 35 36 37 39 40 41 43 44 45 46 47 48 49 50 51 53 54 55 56 57 59 60 61 63 64 65 66 67 68 69 70 71 72 73 74 75 76 77 79 80 81 82 84 85 86 87 88 89 91 92 93 94 96 97 98 99 101 102 104 106 108 110 111 115 116 117 119 120 122 123 125 126 129 130 131 132 133 134 135 136 137 138 139 140 143 145 146 147 148 149 150 152 153 154 155 156 159 160 161 163 164 165 166 168 169 170 172 173 174 176 177 179 182 183 184 187 188 189 190 191 192 194 195 196 197 198 199 202 203 204 205 206 207 209 211 212 213 214 215 216 217 218 219 221 222 224 225 226 227 228 229 230 232 233 234 235 236 237 238 239 242 243 244 245 247 248 249 250 251 253 254 257 258 259 260 261 262 263 264 267 270 271 272 273 275 276 277 278 279 280 281 282 284 286 287 289 290 291 292 293 294 295 297 298 300 301 302 304 305 306 307 308 309 310 311 313 315 316 317 318 319 320 321 322 323 324 325 329 331 337 338 340 341 342 343 344 345 346 348 349 351 352 353 355 359 360 361 362 363 365 366 369 370 371 372 373 374 375 376 377 379 380 382 383 385 387 388 390 391 394 396 397 398 400 401 402 403 405 406 407 409
Print [key0:key1]: *** lower bound 2
*** upper bound 211
 2 3 4 6 8 10 11 12 13 15 16 17 19 20 22 24 25 26 28 29 30 32 33 34 35 36 37 39 40 41 43 44 45 46 47 48 49 50 51 53 54 55 56 57 59 60 61 63 64 65 66 67 68 69 70 71 72 73 74 75 76 77 79 80 81 82 84 85 86 87 88 89 91 92 93 94 96 97 98 99 101 102 104 106 108 110 111 115 116 117 119 120 122 123 125 126 129 130 131 132 133 134 135 136 137 138 139 140 143 145 146 147 148 149 150 152 153 154 155 156 159 160 161 163 164 165 166 168 169 170 172 173 174 176 177 179 182 183 184 187 188 189 190 191 192 194 195 196 197 198 199 202 203 204 205 206 207 209
Print [key0:key1]: *** lower bound 182
*** upper bound 337
 182 183 184 187 188 189 190 191 192 194 195 196 197 198 199 202 203 204 205 206 207 209 211 212 213 214 215 216 217 218 219 221 222 224 225 226 227 228 229 230 232 233 234 235 236 237 238 239 242 243 244 245 247 248 249 250 251 253 254 257 258 259 260 261 262 263 264 267 270 271 272 273 275 276 277 278 279 280 281 282 284 286 287 289 290 291 292 293 294 295 297 298 300 301 302 304 305 306 307 308 309 310 311 313 315 316 317 318 319 320 321 322 323 324 325 329 331
Print [key0:key1]: Print [key0:key1]: Print [key0:key1]: *** lower bound 35
*** upper bound 359
 35 36 37 39 40 41 43 44 45 46 47 48 49 50 51 53 54 55 56 57 59 60 61 63 64 65 66 67 68 69 70 71 72 73 74 75 76 77 79 80 81 82 84 85 86 87 88 89 91 92 93 94 96 97 98 99 101 102 104 106 108 110 111 115 116 117 119 120 122 123 125 126 129 130 131 132 133 134 135 136 137 138 139 140 143 145 146 147 148 149 150 152 153 154 155 156 159 160 161 163 164 165 166 168 169 170 172 173 174 176 177 179 182 183 184 187 188 189 190 191 192 194 195 196 197 198 199 202 203 204 205 206 207 209 211 212 213 214 215 216 217 218 219 221 222 224 225 226 227 228 229 230 232 233 234 235 236 237 238 239 242 243 244 245 247 248 249 250 251 253 254 257 258 259 260 261 262 263 264 267 270 271 272 273 275 276 277 278 279 280 281 282 284 286 287 289 290 291 292 293 294 295 297 298 300 301 302 304 305 306 307 308 309 310 311 313 315 316 317 318 319 320 321 322 323 324 325 329 331 337 338 340 341 342 343 344 345 346 348 349 351 352 353 355
Print [key0:key1]: *** lower bound 297
*** upper bound 313
 297 298 300 301 302 304 305 306 307 308 309 310 311
Print [key0:key1]: Print [key0:key1]: Print [key0:key1]: Print [key0:key1]: Print [key0:key1]: *** lower bound 337
*** upper bound 337

Print [key0:key1]: Print [key0:key1]: *** lower bound 253
*** upper bound 259
 253 254 257 258
Print [key0:key1]: *** lower bound 278
*** upper bound 280
 278 279
Print [key0:key1]: *** lower bound 353
*** upper bound 362
 353 355 359 360 361
Print [key0:key1]: *** lower bound 242
*** upper bound 410
 242 243 244 245 247 248 249 250 251 253 254 257 258 259 260 261 262 263 264 267 270 271 272 273 275 276 277 278 279 280 281 282 284 286 287 289 290 291 292 293 294 295 297 298 300 301 302 304 305 306 307 308 309 310 311 313 315 316 317 318 319 320 321 322 323 324 325 329 331 337 338 340 341 342 343 344 345 346 348 349 351 352 353 355 359 360 361 362 363 365 366 369 370 371 372 373 374 375 376 377 379 380 382 383 385 387 388 390 391 394 396 397 398 400 401 402 403 405 406 407 409
Print [key0:key1]: Print [key0:key1]: Print [key0:key1]: *** lower bound 63
*** upper bound 111
 63 64 65 66 67 68 69 70 71 72 73 74 75 76 77 79 80 81 82 84 85 86 87 88 89 91 92 93 94 96 97 98 99 101 102 104 106 108 110
Print [key0:key1]: *** lower bound 211
*** upper bound 260
 211 212 213 214 215 216 217 218 219 221 222 224 225 226 227 228 229 230 232 233 234 235 236 237 238 239 242 243 244 245 247 248 249 250 251 253 254 257 258 259
Print [key0:key1]: Print [key0:key1]: *** lower bound 88
*** upper bound 152
 88 89 91 92 93 94 96 97 98 99 101 102 104 106 108 110 111 115 116 117 119 120 122 123 125 126 129 130 131 132 133 134 135 136 137 138 139 140 143 145 146 147 148 149 150
Print [key0:key1]: *** lower bound 34
*** upper bound 177
 34 35 36 37 39 40 41 43 44 45 46 47 48 49 50 51 53 54 55 56 57 59 60 61 63 64 65 66 67 68 69 70 71 72 73 74 75 76 77 79 80 81 82 84 85 86 87 88 89 91 92 93 94 96 97 98 99 101 102 104 106 108 110 111 115 116 117 119 120 122 123 125 126 129 130 131 132 133 134 135 136 137 138 139 140 143 145 146 147 148 149 150 152 153 154 155 156 159 160 161 163 164 165 166 168 169 170 172 173 174 176
Print [key0:key1]: *** lower bound 152
*** upper bound 375
 152 153 154 155 156 159 160 161 163 164 165 166 168 169 170 172 173 174 176 177 179 182 183 184 187 188 189 190 191 192 194 195 196 197 198 199 202 203 204 205 206 207 209 211 212 213 214 215 216 217 218 219 221 222 224 225 226 227 228 229 230 232 233 234 235 236 237 238 239 242 243 244 245 247 248 249 250 251 253 254 257 258 259 260 261 262 263 264 267 270 271 272 273 275 276 277 278 279 280 281 282 284 286 287 289 290 291 292 293 294 295 297 298 300 301 302 304 305 306 307 308 309 310 311 313 315 316 317 318 319 320 321 322 323 324 325 329 331 337 338 340 341 342 343 344 345 346 348 349 351 352 353 355 359 360 361 362 363 365 366 369 370 371 372 373 374
Print [key0:key1]: Print [key0:key1]: Print [key0:key1]: Print [key0:key1]: *** lower bound 13
*** upper bound 55
 13 15 16 17 19 20 22 24 25 26 28 29 30 32 33 34 35 36 37 39 40 41 43 44 45 46 47 48 49 50 51 53 54
Print [key0:key1]: *** lower bound 64
*** upper bound 298
 64 65 66 67 68 69 70 71 72 73 74 75 76 77 79 80 81 82 84 85 86 87 88 89 91 92 93 94 96 97 98 99 101 102 104 106 108 110 111 115 116 117 119 120 122 123 125 126 129 130 131 132 133 134 135 136 137 138 139 140 143 145 146 147 148 149 150 152 153 154 155 156 159 160 161 163 164 165 166 168 169 170 172 173 174 176 177 179 182 183 184 187 188 189 190 191 192 194 195 196 197 198 199 202 203 204 205 206 207 209 211 212 213 214 215 216 217 218 219 221 222 224 225 226 227 228 229 230 232 233 234 235 236 237 238 239 242 243 244 245 247 248 249 250 251 253 254 257 258 259 260 261 262 263 264 267 270 271 272 273 275 276 277 278 279 280 281 282 284 286 287 289 290 291 292 293 294 295 297
Print [key0:key1]: Print [key0:key1]: *** lower bound 179
*** upper bound 257
 179 182 183 184 187 188 189 190 191 192 194 195 196 197 198 199 202 203 204 205 206 207 209 211 212 213 214 215 216 217 218 219 221 222 224 225 226 227 228 229 230 232 233 234 235 236 237 238 239 242 243 244 245 247 248 249 250 251 253 254
Print [key0:key1]: *** lower bound 22
*** upper bound 298
 22 24 25 26 28 29 30 32 33 34 35 36 37 39 40 41 43 44 45 46 47 48 49 50 51 53 54 55 56 57 59 60 61 63 64 65 66 67 68 69 70 71 72 73 74 75 76 77 79 80 81 82 84 85 86 87 88 89 91 92 93 94 96 97 98 99 101 102 104 106 108 110 111 115 116 117 119 120 122 123 125 126 129 130 131 132 133 134 135 136 137 138 139 140 143 145 146 147 148 149 150 152 153 154 155 156 159 160 161 163 164 165 166 168 169 170 172 173 174 176 177 179 182 183 184 187 188 189 190 191 192 194 195 196 197 198 199 202 203 204 205 206 207 209 211 212 213 214 215 216 217 218 219 221 222 224 225 226 227 228 229 230 232 233 234 235 236 237 238 239 242 243 244 245 247 248 249 250 251 253 254 257 258 259 260 261 262 263 264 267 270 271 272 273 275 276 277 278 279 280 281 282 284 286 287 289 290 291 292 293 294 295 297
Print [key0:key1]: *** lower bound 251
*** upper bound 486
 251 253 254 257 258 259 260 261 262 263 264 267 270 271 272 273 275 276 277 278 279 280 281 282 284 286 287 289 290 291 292 293 294 295 297 298 300 301 302 304 305 306 307 308 309 310 311 313 315 316 317 318 319 320 321 322 323 324 325 329 331 337 338 340 341 342 343 344 345 346 348 349 351 352 353 355 359 360 361 362 363 365 366 369 370 371 372 373 374 375 376 377 379 380 382 383 385 387 388 390 391 394 396 397 398 400 401 402 403 405 406 407 409 410 411 412 414 415 416 417 419 420 425 428 429 430 431 432 433 434 435 439 440 442 443 444 446 447 448 449 450 452 453 455 456 457 458 460 461 462 465 466 468 469 470 471 472 473 474 475 476 477 479 482 483 484
Print [key0:key1]: Print [key0:key1]: *** lower bound 87
*** upper bound 419
 87 88 89 91 92 93 94 96 97 98 99 101 102 104 106 108 110 111 115 116 117 119 120 122 123 125 126 129 130 131 132 133 134 135 136 137 138 139 140 143 145 146 147 148 149 150 152 153 154 155 156 159 160 161 163 164 165 166 168 169 170 172 173 174 176 177 179 182 183 184 187 188 189 190 191 192 194 195 196 197 198 199 202 203 204 205 206 207 209 211 212 213 214 215 216 217 218 219 221 222 224 225 226 227 228 229 230 232 233 234 235 236 237 238 239 242 243 244 245 247 248 249 250 251 253 254 257 258 259 260 261 262 263 264 267 270 271 272 273 275 276 277 278 279 280 281 282 284 286 287 289 290 291 292 293 294 295 297 298 300 301 302 304 305 306 307 308 309 310 311 313 315 316 317 318 319 320 321 322 323 324 325 329 331 337 338 340 341 342 343 344 345 346 348 349 351 352 353 355 359 360 361 362 363 365 366 369 370 371 372 373 374 375 376 377 379 380 382 383 385 387 388 390 391 394 396 397 398 400 401 402 403 405 406 407 409 410 411 412 414 415 416 417
Print [key0:key1]: Print [key0:key1]: *** lower bound 2
*** upper bound 259
 2 3 4 6 8 10 11 12 13 15 16 17 19 20 22 24 25 26 28 29 30 32 33 34 35 36 37 39 40 41 43 44 45 46 47 48 49 50 51 53 54 55 56 57 59 60 61 63 64 65 66 67 68 69 70 71 72 73 74 75 76 77 79 80 81 82 84 85 86 87 88 89 91 92 93 94 96 97 98 99 101 102 104 106 108 110 111 115 116 117 119 120 122 123 125 126 129 130 131 132 133 134 135 136 137 138 139 140 143 145 146 147 148 149 150 152 153 154 155 156 159 160 161 163 164 165 166 168 169 170 172 173 174 176 177 179 182 183 184 187 188 189 190 191 192 194 195 196 197 198 199 202 203 204 205 206 207 209 211 212 213 214 215 216 217 218 219 221 222 224 225 226 227 228 229 230 232 233 234 235 236 237 238 239 242 243 244 245 247 248 249 250 251 253 254 257 258
Print [key0:key1]: Print [key0:key1]: *** lower bound 57
*** upper bound 379
 57 59 60 61 63 64 65 66 67 68 69 70 71 72 73 74 75 76 77 79 80 81 82 84 85 86 87 88 89 91 92 93 94 96 97 98 99 101 102 104 106 108 110 111 115 116 117 119 120 122 123 125 126 129 130 131 132 133 134 135 136 137 138 139 140 143 145 146 147 148 149 150 152 153 154 155 156 159 160 161 163 164 165 166 168 169 170 172 173 174 176 177 179 182 183 184 187 188 189 190 191 192 194 195 196 197 198 199 202 203 204 205 206 207 209 211 212 213 214 215 216 217 218 219 221 222 224 225 226 227 228 229 230 232 233 234 235 236 237 238 239 242 243 244 245 247 248 249 250 251 253 254 257 258 259 260 261 262 263 264 267 270 271 272 273 275 276 277 278 279 280 281 282 284 286 287 289 290 291 292 293 294 295 297 298 300 301 302 304 305 306 307 308 309 310 311 313 315 316 317 318 319 320 321 322 323 324 325 329 331 337 338 340 341 342 343 344 345 346 348 349 351 352 353 355 359 360 361 362 363 365 366 369 370 371 372 373 374 375 376 377
Print [key0:key1]: Print [key0:key1]: *** lower bound 2
*** upper bound 489
 2 3 4 6 8 10 11 12 13 15 16 17 19 20 22 24 25 26 28 29 30 32 33 34 35 36 37 39 40 41 43 44 45 46 47 48 49 50 51 53 54 55 56 57 59 60 61 63 64 65 66 67 68 69 70 71 72 73 74 75 76 77 79 80 81 82 84 85 86 87 88 89 91 92 93 94 96 97 98 99 101 102 104 106 108 110 111 115 116 117 119 120 122 123 125 126 129 130 131 132 133 134 135 136 137 138 139 140 143 145 146 147 148 149 150 152 153 154 155 156 159 160 161 163 164 165 166 168 169 170 172 173 174 176 177 179 182 183 184 187 188 189 190 191 192 194 195 196 197 198 199 202 203 204 205 206 207 209 211 212 213 214 215 216 217 218 219 221 222 224 225 226 227 228 229 230 232 233 234 235 236 237 238 239 242 243 244 245 247 248 249 250 251 253 254 257 258 259 260 261 262 263 264 267 270 271 272 273 275 276 277 278 279 280 281 282 284 286 287 289 290 291 292 293 294 295 297 298 300 301 302 304 305 306 307 308 309 310 311 313 315 316 317 318 319 320 321 322 323 324 325 329 331 337 338 340 341 342 343 344 345 346 348 349 351 352 353 355 359 360 361 362 363 365 366 369 370 371 372 373 374 375 376 377 379 380 382 383 385 387 388 390 391 394 396 397 398 400 401 402 403 405 406 407 409 410 411 412 414 415 416 417 419 420 425 428 429 430 431 432 433 434 435 439 440 442 443 444 446 447 448 449 450 452 453 455 456 457 458 460 461 462 465 466 468 469 470 471 472 473 474 475 476 477 479 482 483 484 486 487 488
Print [key0:key1]: Print [key0:key1]: *** lower bound 44
*** upper bound 202
 44 45 46 47 48 49 50 51 53 54 55 56 57 59 60 61 63 64 65 66 67 68 69 70 71 72 73 74 75 76 77 79 80 81 82 84 85 86 87 88 89 91 92 93 94 96 97 98 99 101 102 104 106 108 110 111 115 116 117 119 120 122 123 125 126 129 130 131 132 133 134 135 136 137 138 139 140 143 145 146 147 148 149 150 152 153 154 155 156 159 160 161 163 164 165 166 168 169 170 172 173 174 176 177 179 182 183 184 187 188 189 190 191 192 194 195 196 197 198 199
Print [key0:key1]: *** lower bound 215
*** upper bound 329
 215 216 217 218 219 221 222 224 225 226 227 228 229 230 232 233 234 235 236 237 238 239 242 243 244 245 247 248 249 250 251 253 254 257 258 259 260 261 262 263 264 267 270 271 272 273 275 276 277 278 279 280 281 282 284 286 287 289 290 291 292 293 294 295 297 298 300 301 302 304 305 306 307 308 309 310 311 313 315 316 317 318 319 320 321 322 323 324 325
Print [key0:key1]: Print [key0:key1]: 
