 0 1 2 4 5 7 9 10 12 13 14 15 16 17 18 19 20 21 23 24 26 27 28 29 31 32 33 35 36 37 38 41 43 44 45 46 47 49 50 52 53 54 55 56 57 58 59 60 61 63 64 65 67 68 69 71 74 75 76 78 79 81 83 84 85 87 88 89 91 92 93 94 95 96 97 98 99 101 103 104 105 106 107 108 110 114 115 116 117 118 120 121 122 123 124 125 126 128 129 132 133 134 135 136 138 140 141 142 144 145 146 148 150 151 152 153 155 156 158 159 160 162 163 164 165 166 168 170 171 172 173 174 176 177 178 179 181 184 185 186 187 189 190 192 194 196 197 198 200 201 202 203 204 205 206 207 210
Print [key0:key1]: *** lower bound 58
*** upper bound 125
 58 59 60 61 63 64 65 67 68 69 71 74 75 76 78 79 81 83 84 85 87 88 89 91 92 93 94 95 96 97 98 99 101 103 104 105 106 107 108 110 114 115 116 117 118 120 121 122 123 124
Print [key0:key1]: *** lower bound 23
*** upper bound 78
 23 24 26 27 28 29 31 32 33 35 36 37 38 41 43 44 45 46 47 49 50 52 53 54 55 56 57 58 59 60 61 63 64 65 67 68 69 71 74 75 76
Print [key0:key1]: *** lower bound 0
*** upper bound 84
 0 1 2 4 5 7 9 10 12 13 14 15 16 17 18 19 20 21 23 24 26 27 28 29 31 32 33 35 36 37 38 41 43 44 45 46 47 49 50 52 53 54 55 56 57 58 59 60 61 63 64 65 67 68 69 71 74 75 76 78 79 81 83
Print [key0:key1]: Print [key0:key1]: Print [key0:key1]: *** lower bound 81
*** upper bound 94
 81 83 84 85 87 88 89 91 92 93
Print [key0:key1]: *** lower bound 105
*** upper bound 114
 105 106 107 108 110
Print [key0:key1]: *** lower bound 18
*** upper bound 110
 18 19 20 21 23 24 26 27 28 29 31 32 33 35 36 37 38 41 43 44 45 46 47 49 50 52 53 54 55 56 57 58 59 60 61 63 64 65 67 68 69 71 74 75 76 78 79 81 83 84 85 87 88 89 91 92 93 94 95 96 97 98 99 101 103 104 105 106 107 108
Print [key0:key1]: Print [key0:key1]: *** lower bound 0
*** upper bound 168
 0 1 2 4 5 7 9 10 12 13 14 15 16 17 18 19 20 21 23 24 26 27 28 29 31 32 33 35 36 37 38 41 43 44 45 46 47 49 50 52 53 54 55 56 57 58 59 60 61 63 64 65 67 68 69 71 74 75 76 78 79 81 83 84 85 87 88 89 91 92 93 94 95 96 97 98 99 101 103 104 105 106 107 108 110 114 115 116 117 118 120 121 122 123 124 125 126 128 129 132 133 134 135 136 138 140 141 142 144 145 146 148 150 151 152 153 155 156 158 159 160 162 163 164 165 166
Print [key0:key1]: *** lower bound 23
*** upper bound 176
 23 24 26 27 28 29 31 32 33 35 36 37 38 41 43 44 45 46 47 49 50 52 53 54 55 56 57 58 59 60 61 63 64 65 67 68 69 71 74 75 76 78 79 81 83 84 85 87 88 89 91 92 93 94 95 96 97 98 99 101 103 104 105 106 107 108 110 114 115 116 117 118 120 121 122 123 124 125 126 128 129 132 133 134 135 136 138 140 141 142 144 145 146 148 150 151 152 153 155 156 158 159 160 162 163 164 165 166 168 170 171 172 173 174
Print [key0:key1]: *** lower bound 43
*** upper bound 158
 43 44 45 46 47 49 50 52 53 54 55 56 57 58 59 60 61 63 64 65 67 68 69 71 74 75 76 78 79 81 83 84 85 87 88 89 91 92 93 94 95 96 97 98 99 101 103 104 105 106 107 108 110 114 115 116 117 118 120 121 122 123 124 125 126 128 129 132 133 134 135 136 138 140 141 142 144 145 146 148 150 151 152 153 155 156
Print [key0:key1]: *** lower bound 24
*** upper bound 132
 24 26 27 28 29 31 32 33 35 36 37 38 41 43 44 45 46 47 49 50 52 53 54 55 56 57 58 59 60 61 63 64 65 67 68 69 71 74 75 76 78 79 81 83 84 85 87 88 89 91 92 93 94 95 96 97 98 99 101 103 104 105 106 107 108 110 114 115 116 117 118 120 121 122 123 124 125 126 128 129
Print [key0:key1]: *** lower bound 41
*** upper bound 75
 41 43 44 45 46 47 49 50 52 53 54 55 56 57 58 59 60 61 63 64 65 67 68 69 71 74
Print [key0:key1]: *** lower bound 26
*** upper bound 44
 26 27 28 29 31 32 33 35 36 37 38 41 43
Print [key0:key1]: Print [key0:key1]: *** lower bound 38
*** upper bound 116
 38 41 43 44 45 46 47 49 50 52 53 54 55 56 57 58 59 60 61 63 64 65 67 68 69 71 74 75 76 78 79 81 83 84 85 87 88 89 91 92 93 94 95 96 97 98 99 101 103 104 105 106 107 108 110 114 115
Print [key0:key1]: *** lower bound 54
*** upper bound 148
 54 55 56 57 58 59 60 61 63 64 65 67 68 69 71 74 75 76 78 79 81 83 84 85 87 88 89 91 92 93 94 95 96 97 98 99 101 103 104 105 106 107 108 110 114 115 116 117 118 120 121 122 123 124 125 126 128 129 132 133 134 135 136 138 140 141 142 144 145 146
Print [key0:key1]: Print [key0:key1]: *** lower bound 5
*** upper bound 150
 5 7 9 10 12 13 14 15 16 17 18 19 20 21 23 24 26 27 28 29 31 32 33 35 36 37 38 41 43 44 45 46 47 49 50 52 53 54 55 56 57 58 59 60 61 63 64 65 67 68 69 71 74 75 76 78 79 81 83 84 85 87 88 89 91 92 93 94 95 96 97 98 99 101 103 104 105 106 107 108 110 114 115 116 117 118 120 121 122 123 124 125 126 128 129 132 133 134 135 136 138 140 141 142 144 145 146 148
Print [key0:key1]: *** lower bound 74
*** upper bound 93
 74 75 76 78 79 81 83 84 85 87 88 89 91 92
Print [key0:key1]: *** lower bound 21
*** upper bound 172
 21 23 24 26 27 28 29 31 32 33 35 36 37 38 41 43 44 45 46 47 49 50 52 53 54 55 56 57 58 59 60 61 63 64 65 67 68 69 71 74 75 76 78 79 81 83 84 85 87 88 89 91 92 93 94 95 96 97 98 99 101 103 104 105 106 107 108 110 114 115 116 117 118 120 121 122 123 124 125 126 128 129 132 133 134 135 136 138 140 141 142 144 145 146 148 150 151 152 153 155 156 158 159 160 162 163 164 165 166 168 170 171
Print [key0:key1]: *** lower bound 0
*** upper bound 52
 0 1 2 4 5 7 9 10 12 13 14 15 16 17 18 19 20 21 23 24 26 27 28 29 31 32 33 35 36 37 38 41 43 44 45 46 47 49 50
Print [key0:key1]: *** lower bound 41
*** upper bound 103
 41 43 44 45 46 47 49 50 52 53 54 55 56 57 58 59 60 61 63 64 65 67 68 69 71 74 75 76 78 79 81 83 84 85 87 88 89 91 92 93 94 95 96 97 98 99 101
Print [key0:key1]: *** lower bound 0
*** upper bound 26
 0 1 2 4 5 7 9 10 12 13 14 15 16 17 18 19 20 21 23 24
Print [key0:key1]: *** lower bound 53
*** upper bound 114
 53 54 55 56 57 58 59 60 61 63 64 65 67 68 69 71 74 75 76 78 79 81 83 84 85 87 88 89 91 92 93 94 95 96 97 98 99 101 103 104 105 106 107 108 110
Print [key0:key1]: *** lower bound 37
*** upper bound 163
 37 38 41 43 44 45 46 47 49 50 52 53 54 55 56 57 58 59 60 61 63 64 65 67 68 69 71 74 75 76 78 79 81 83 84 85 87 88 89 91 92 93 94 95 96 97 98 99 101 103 104 105 106 107 108 110 114 115 116 117 118 120 121 122 123 124 125 126 128 129 132 133 134 135 136 138 140 141 142 144 145 146 148 150 151 152 153 155 156 158 159 160 162
Print [key0:key1]: Print [key0:key1]: *** lower bound 116
*** upper bound 173
 116 117 118 120 121 122 123 124 125 126 128 129 132 133 134 135 136 138 140 141 142 144 145 146 148 150 151 152 153 155 156 158 159 160 162 163 164 165 166 168 170 171 172
Print [key0:key1]: *** lower bound 18
*** upper bound 120
 18 19 20 21 23 24 26 27 28 29 31 32 33 35 36 37 38 41 43 44 45 46 47 49 50 52 53 54 55 56 57 58 59 60 61 63 64 65 67 68 69 71 74 75 76 78 79 81 83 84 85 87 88 89 91 92 93 94 95 96 97 98 99 101 103 104 105 106 107 108 110 114 115 116 117 118
Print [key0:key1]: Print [key0:key1]: *** lower bound 101
*** upper bound 138
 101 103 104 105 106 107 108 110 114 115 116 117 118 120 121 122 123 124 125 126 128 129 132 133 134 135 136
Print [key0:key1]: *** lower bound 0
*** upper bound 84
 0 1 2 4 5 7 9 10 12 13 14 15 16 17 18 19 20 21 23 24 26 27 28 29 31 32 33 35 36 37 38 41 43 44 45 46 47 49 50 52 53 54 55 56 57 58 59 60 61 63 64 65 67 68 69 71 74 75 76 78 79 81 83
Print [key0:key1]: *** lower bound 91
*** upper bound 173
 91 92 93 94 95 96 97 98 99 101 103 104 105 106 107 108 110 114 115 116 117 118 120 121 122 123 124 125 126 128 129 132 133 134 135 136 138 140 141 142 144 145 146 148 150 151 152 153 155 156 158 159 160 162 163 164 165 166 168 170 171 172
Print [key0:key1]: Print [key0:key1]: Print [key0:key1]: *** lower bound 59
*** upper bound 101
 59 60 61 63 64 65 67 68 69 71 74 75 76 78 79 81 83 84 85 87 88 89 91 92 93 94 95 96 97 98 99
Print [key0:key1]: *** lower bound 0
*** upper bound 49
 0 1 2 4 5 7 9 10 12 13 14 15 16 17 18 19 20 21 23 24 26 27 28 29 31 32 33 35 36 37 38 41 43 44 45 46 47
Print [key0:key1]: Print [key0:key1]: *** lower bound 0
*** upper bound 28
 0 1 2 4 5 7 9 10 12 13 14 15 16 17 18 19 20 21 23 24 26 27
Print [key0:key1]: Print [key0:key1]: *** lower bound 95
*** upper bound 145
 95 96 97 98 99 101 103 104 105 106 107 108 110 114 115 116 117 118 120 121 122 123 124 125 126 128 129 132 133 134 135 136 138 140 141 142 144
Print [key0:key1]: *** lower bound 93
*** upper bound 138
 93 94 95 96 97 98 99 101 103 104 105 106 107 108 110 114 115 116 117 118 120 121 122 123 124 125 126 128 129 132 133 134 135 136
Print [key0:key1]: Print [key0:key1]: *** lower bound 0
*** upper bound 71
 0 1 2 4 5 7 9 10 12 13 14 15 16 17 18 19 20 21 23 24 26 27 28 29 31 32 33 35 36 37 38 41 43 44 45 46 47 49 50 52 53 54 55 56 57 58 59 60 61 63 64 65 67 68 69
Print [key0:key1]: *** lower bound 0
*** upper bound 56
 0 1 2 4 5 7 9 10 12 13 14 15 16 17 18 19 20 21 23 24 26 27 28 29 31 32 33 35 36 37 38 41 43 44 45 46 47 49 50 52 53 54 55
Print [key0:key1]: Print [key0:key1]: *** lower bound 55
*** upper bound 110
 55 56 57 58 59 60 61 63 64 65 67 68 69 71 74 75 76 78 79 81 83 84 85 87 88 89 91 92 93 94 95 96 97 98 99 101 103 104 105 106 107 108
Print [key0:key1]: Print [key0:key1]: *** lower bound 17
*** upper bound 57
 17 18 19 20 21 23 24 26 27 28 29 31 32 33 35 36 37 38 41 43 44 45 46 47 49 50 52 53 54 55 56
Print [key0:key1]: *** lower bound 68
*** upper bound 170
 68 69 71 74 75 76 78 79 81 83 84 85 87 88 89 91 92 93 94 95 96 97 98 99 101 103 104 105 106 107 108 110 114 115 116 117 118 120 121 122 123 124 125 126 128 129 132 133 134 135 136 138 140 141 142 144 145 146 148 150 151 152 153 155 156 158 159 160 162 163 164 165 166 168
Print [key0:key1]: Print [key0:key1]: *** lower bound 101
*** upper bound 145
 101 103 104 105 106 107 108 110 114 115 116 117 118 120 121 122 123 124 125 126 128 129 132 133 134 135 136 138 140 141 142 144
Print [key0:key1]: *** lower bound 120
*** upper bound 135
 120 121 122 123 124 125 126 128 129 132 133 134
Print [key0:key1]: Print [key0:key1]: Print [key0:key1]: Print [key0:key1]: Print [key0:key1]: Print [key0:key1]: *** lower bound 2
*** upper bound 144
 2 4 5 7 9 10 12 13 14 15 16 17 18 19 20 21 23 24 26 27 28 29 31 32 33 35 36 37 38 41 43 44 45 46 47 49 50 52 53 54 55 56 57 58 59 60 61 63 64 65 67 68 69 71 74 75 76 78 79 81 83 84 85 87 88 89 91 92 93 94 95 96 97 98 99 101 103 104 105 106 107 108 110 114 115 116 117 118 120 121 122 123 124 125 126 128 129 132 133 134 135 136 138 140 141 142
Print [key0:key1]: *** lower bound 0
*** upper bound 41
 0 1 2 4 5 7 9 10 12 13 14 15 16 17 18 19 20 21 23 24 26 27 28 29 31 32 33 35 36 37 38
Print [key0:key1]: *** lower bound 29
*** upper bound 140
 29 31 32 33 35 36 37 38 41 43 44 45 46 47 49 50 52 53 54 55 56 57 58 59 60 61 63 64 65 67 68 69 71 74 75 76 78 79 81 83 84 85 87 88 89 91 92 93 94 95 96 97 98 99 101 103 104 105 106 107 108 110 114 115 116 117 118 120 121 122 123 124 125 126 128 129 132 133 134 135 136 138
Print [key0:key1]: *** lower bound 83
*** upper bound 141
 83 84 85 87 88 89 91 92 93 94 95 96 97 98 99 101 103 104 105 106 107 108 110 114 115 116 117 118 120 121 122 123 124 125 126 128 129 132 133 134 135 136 138 140
Print [key0:key1]: *** lower bound 20
*** upper bound 93
 20 21 23 24 26 27 28 29 31 32 33 35 36 37 38 41 43 44 45 46 47 49 50 52 53 54 55 56 57 58 59 60 61 63 64 65 67 68 69 71 74 75 76 78 79 81 83 84 85 87 88 89 91 92
Print [key0:key1]: Print [key0:key1]: *** lower bound 21
*** upper bound 148
 21 23 24 26 27 28 29 31 32 33 35 36 37 38 41 43 44 45 46 47 49 50 52 53 54 55 56 57 58 59 60 61 63 64 65 67 68 69 71 74 75 76 78 79 81 83 84 85 87 88 89 91 92 93 94 95 96 97 98 99 101 103 104 105 106 107 108 110 114 115 116 117 118 120 121 122 123 124 125 126 128 129 132 133 134 135 136 138 140 141 142 144 145 146
Print [key0:key1]: Print [key0:key1]: Print [key0:key1]: Print [key0:key1]: *** lower bound 45
*** upper bound 87
 45 46 47 49 50 52 53 54 55 56 57 58 59 60 61 63 64 65 67 68 69 71 74 75 76 78 79 81 83 84 85
Print [key0:key1]: Print [key0:key1]: Print [key0:key1]: Print [key0:key1]: *** lower bound 0
*** upper bound 162
 0 1 2 4 5 7 9 10 12 13 14 15 16 17 18 19 20 21 23 24 26 27 28 29 31 32 33 35 36 37 38 41 43 44 45 46 47 49 50 52 53 54 55 56 57 58 59 60 61 63 64 65 67 68 69 71 74 75 76 78 79 81 83 84 85 87 88 89 91 92 93 94 95 96 97 98 99 101 103 104 105 106 107 108 110 114 115 116 117 118 120 121 122 123 124 125 126 128 129 132 133 134 135 136 138 140 141 142 144 145 146 148 150 151 152 153 155 156 158 159 160
Print [key0:key1]: *** lower bound 107
*** upper bound 152
 107 108 110 114 115 116 117 118 120 121 122 123 124 125 126 128 129 132 133 134 135 136 138 140 141 142 144 145 146 148 150 151
Print [key0:key1]: *** lower bound 17
*** upper bound 18
 17
Print [key0:key1]: Print [key0:key1]: *** lower bound 104
*** upper bound 128
 104 105 106 107 108 110 114 115 116 117 118 120 121 122 123 124 125 126
Print [key0:key1]: 
