 0 1 2 3 4 5 6 7 8 9 11 12 13 14 15 18 19 21 22 23 24 25 26 27 28 29 31 32 33 34 35 36 37 38 39 40 41 43 44 46 47 49 50 52 53 57 58 59 62 63 64 65 68 69 70 72 73 74 75 76 77 80 81 82 83 86 87 90 91 92 95 96 98 100 103 105 106 107 108 109 110 111 112 113 115 117 119 120 121 123 124 125 126 128 129 130 131 132 133 135 137 138 140 141 144 145 151 152 153 154 155 156 157 158 159 160 162 163 164 165 166 167 168 169 170 172 173 174 175 176 177 178 179 181 182 183 185 186 188 189 190 191 193 194 196 199 200 201 203 204 205 206 207 208 209 210 211 212 213 214 216 217 218 219 220 221 222 223 224 225 226 227 229 232 233 234 235 236 238 240 242 243 245 246 247 248 251 253 255 257 258 259 261 262 263 264 265 266 267 268 270 271 272 273 275 276 277 278 279 280 281 282 283 285 286 287 288 289 290 291 292 293 294 295 296 298 299 301 302 303 304 307 308 309 310 311 312 313 314 315 316 317 318 320 321 322 323 326 327 328 329 330 331 332 333 334 335 336 337 338 339 341 342 343 344 345 347 348 350 351 353 355 356 357 358 361 362 363 364 366 367 368 369 370 372 373 374 375 377 378 379 380 381 382 383 385 386 387 388 389 390 391 394 395 396 398 399 402 403 404 405 406 407 408 409 410 411 412 413 414 415 417 418 420 421 422 423 424 425 428 429 430 431 432 433 434 436 437 438 439 440 442 443 444 445 446 448 449 450 451 452 453 454 455 457 458 459 460 461 462 464 465 466 467 468 469 472 473 474 475 479 480 481 484 485 488 489 490 491 494 495 496 497 499 500 502 503 504 505 506 507 508 509 510 511 512 514 515 518 520 521 522 523 524 525 526 527 528 529 530 531 532 534 535 539 540 541 543 544 545 546 548 549 550 551 552 553 554 555 556 557 558 561 562 563 566 567 568 570 573 574 575 576 577 578 580 583 584 585 586 587 590 591 592 594 595 596 597 598 602 603 604 605 606 607 608 612 615 616 620 621 622 625 626 627 628 629 630 631 632 633 635 636 637 638 639 640 641 643 647 649 650 651 653 654 655 656 657 659 660 661 662 664 666 667 669 670 671 673 675 677 678 679 680 681 682 683 684 685 686 687 691 692 693 694 695 696 697 699 700 701 702 703 706 708 711 712 714 715 716 718 721 722 723 724 726 727 728 729 730 731 732 734 735 737 738 739 741 743 747 748 749
Print [key0:key1]: Print [key0:key1]: Print [key0:key1]: Print [key0:key1]: *** lower bound 6
*** upper bound 165
 6 7 8 9 11 12 13 14 15 18 19 21 22 23 24 25 26 27 28 29 31 32 33 34 35 36 37 38 39 40 41 43 44 46 47 49 50 52 53 57 58 59 62 63 64 65 68 69 70 72 73 74 75 76 77 80 81 82 83 86 87 90 91 92 95 96 98 100 103 105 106 107 108 109 110 111 112 113 115 117 119 120 121 123 124 125 126 128 129 130 131 132 133 135 137 138 140 141 144 145 151 152 153 154 155 156 157 158 159 160 162 163 164
Print [key0:key1]: Print [key0:key1]: *** lower bound 183
*** upper bound 568
 183 185 186 188 189 190 191 193 194 196 199 200 201 203 204 205 206 207 208 209 210 211 212 213 214 216 217 218 219 220 221 222 223 224 225 226 227 229 232 233 234 235 236 238 240 242 243 245 246 247 248 251 253 255 257 258 259 261 262 263 264 265 266 267 268 270 271 272 273 275 276 277 278 279 280 281 282 283 285 286 287 288 289 290 291 292 293 294 295 296 298 299 301 302 303 304 307 308 309 310 311 312 313 314 315 316 317 318 320 321 322 323 326 327 328 329 330 331 332 333 334 335 336 337 338 339 341 342 343 344 345 347 348 350 351 353 355 356 357 358 361 362 363 364 366 367 368 369 370 372 373 374 375 377 378 379 380 381 382 383 385 386 387 388 389 390 391 394 395 396 398 399 402 403 404 405 406 407 408 409 410 411 412 413 414 415 417 418 420 421 422 423 424 425 428 429 430 431 432 433 434 436 437 438 439 440 442 443 444 445 446 448 449 450 451 452 453 454 455 457 458 459 460 461 462 464 465 466 467 468 469 472 473 474 475 479 480 481 484 485 488 489 490 491 494 495 496 497 499 500 502 503 504 505 506 507 508 509 510 511 512 514 515 518 520 521 522 523 524 525 526 527 528 529 530 531 532 534 535 539 540 541 543 544 545 546 548 549 550 551 552 553 554 555 556 557 558 561 562 563 566 567
Print [key0:key1]: *** lower bound 186
*** upper bound 490
 186 188 189 190 191 193 194 196 199 200 201 203 204 205 206 207 208 209 210 211 212 213 214 216 217 218 219 220 221 222 223 224 225 226 227 229 232 233 234 235 236 238 240 242 243 245 246 247 248 251 253 255 257 258 259 261 262 263 264 265 266 267 268 270 271 272 273 275 276 277 278 279 280 281 282 283 285 286 287 288 289 290 291 292 293 294 295 296 298 299 301 302 303 304 307 308 309 310 311 312 313 314 315 316 317 318 320 321 322 323 326 327 328 329 330 331 332 333 334 335 336 337 338 339 341 342 343 344 345 347 348 350 351 353 355 356 357 358 361 362 363 364 366 367 368 369 370 372 373 374 375 377 378 379 380 381 382 383 385 386 387 388 389 390 391 394 395 396 398 399 402 403 404 405 406 407 408 409 410 411 412 413 414 415 417 418 420 421 422 423 424 425 428 429 430 431 432 433 434 436 437 438 439 440 442 443 444 445 446 448 449 450 451 452 453 454 455 457 458 459 460 461 462 464 465 466 467 468 469 472 473 474 475 479 480 481 484 485 488 489
Print [key0:key1]: *** lower bound 9
*** upper bound 527
 9 11 12 13 14 15 18 19 21 22 23 24 25 26 27 28 29 31 32 33 34 35 36 37 38 39 40 41 43 44 46 47 49 50 52 53 57 58 59 62 63 64 65 68 69 70 72 73 74 75 76 77 80 81 82 83 86 87 90 91 92 95 96 98 100 103 105 106 107 108 109 110 111 112 113 115 117 119 120 121 123 124 125 126 128 129 130 131 132 133 135 137 138 140 141 144 145 151 152 153 154 155 156 157 158 159 160 162 163 164 165 166 167 168 169 170 172 173 174 175 176 177 178 179 181 182 183 185 186 188 189 190 191 193 194 196 199 200 201 203 204 205 206 207 208 209 210 211 212 213 214 216 217 218 219 220 221 222 223 224 225 226 227 229 232 233 234 235 236 238 240 242 243 245 246 247 248 251 253 255 257 258 259 261 262 263 264 265 266 267 268 270 271 272 273 275 276 277 278 279 280 281 282 283 285 286 287 288 289 290 291 292 293 294 295 296 298 299 301 302 303 304 307 308 309 310 311 312 313 314 315 316 317 318 320 321 322 323 326 327 328 329 330 331 332 333 334 335 336 337 338 339 341 342 343 344 345 347 348 350 351 353 355 356 357 358 361 362 363 364 366 367 368 369 370 372 373 374 375 377 378 379 380 381 382 383 385 386 387 388 389 390 391 394 395 396 398 399 402 403 404 405 406 407 408 409 410 411 412 413 414 415 417 418 420 421 422 423 424 425 428 429 430 431 432 433 434 436 437 438 439 440 442 443 444 445 446 448 449 450 451 452 453 454 455 457 458 459 460 461 462 464 465 466 467 468 469 472 473 474 475 479 480 481 484 485 488 489 490 491 494 495 496 497 499 500 502 503 504 505 506 507 508 509 510 511 512 514 515 518 520 521 522 523 524 525 526
Print [key0:key1]: Print [key0:key1]: Print [key0:key1]: Print [key0:key1]: Print [key0:key1]: *** lower bound 103
*** upper bound 166
 103 105 106 107 108 109 110 111 112 113 115 117 119 120 121 123 124 125 126 128 129 130 131 132 133 135 137 138 140 141 144 145 151 152 153 154 155 156 157 158 159 160 162 163 164 165
Print [key0:key1]: *** lower bound 29
*** upper bound 238
 29 31 32 33 34 35 36 37 38 39 40 41 43 44 46 47 49 50 52 53 57 58 59 62 63 64 65 68 69 70 72 73 74 75 76 77 80 81 82 83 86 87 90 91 92 95 96 98 100 103 105 106 107 108 109 110 111 112 113 115 117 119 120 121 123 124 125 126 128 129 130 131 132 133 135 137 138 140 141 144 145 151 152 153 154 155 156 157 158 159 160 162 163 164 165 166 167 168 169 170 172 173 174 175 176 177 178 179 181 182 183 185 186 188 189 190 191 193 194 196 199 200 201 203 204 205 206 207 208 209 210 211 212 213 214 216 217 218 219 220 221 222 223 224 225 226 227 229 232 233 234 235 236
Print [key0:key1]: Print [key0:key1]: *** lower bound 62
*** upper bound 329
 62 63 64 65 68 69 70 72 73 74 75 76 77 80 81 82 83 86 87 90 91 92 95 96 98 100 103 105 106 107 108 109 110 111 112 113 115 117 119 120 121 123 124 125 126 128 129 130 131 132 133 135 137 138 140 141 144 145 151 152 153 154 155 156 157 158 159 160 162 163 164 165 166 167 168 169 170 172 173 174 175 176 177 178 179 181 182 183 185 186 188 189 190 191 193 194 196 199 200 201 203 204 205 206 207 208 209 210 211 212 213 214 216 217 218 219 220 221 222 223 224 225 226 227 229 232 233 234 235 236 238 240 242 243 245 246 247 248 251 253 255 257 258 259 261 262 263 264 265 266 267 268 270 271 272 273 275 276 277 278 279 280 281 282 283 285 286 287 288 289 290 291 292 293 294 295 296 298 299 301 302 303 304 307 308 309 310 311 312 313 314 315 316 317 318 320 321 322 323 326 327 328
Print [key0:key1]: Print [key0:key1]: Print [key0:key1]: *** lower bound 31
*** upper bound 62
 31 32 33 34 35 36 37 38 39 40 41 43 44 46 47 49 50 52 53 57 58 59
Print [key0:key1]: *** lower bound 169
*** upper bound 491
 169 170 172 173 174 175 176 177 178 179 181 182 183 185 186 188 189 190 191 193 194 196 199 200 201 203 204 205 206 207 208 209 210 211 212 213 214 216 217 218 219 220 221 222 223 224 225 226 227 229 232 233 234 235 236 238 240 242 243 245 246 247 248 251 253 255 257 258 259 261 262 263 264 265 266 267 268 270 271 272 273 275 276 277 278 279 280 281 282 283 285 286 287 288 289 290 291 292 293 294 295 296 298 299 301 302 303 304 307 308 309 310 311 312 313 314 315 316 317 318 320 321 322 323 326 327 328 329 330 331 332 333 334 335 336 337 338 339 341 342 343 344 345 347 348 350 351 353 355 356 357 358 361 362 363 364 366 367 368 369 370 372 373 374 375 377 378 379 380 381 382 383 385 386 387 388 389 390 391 394 395 396 398 399 402 403 404 405 406 407 408 409 410 411 412 413 414 415 417 418 420 421 422 423 424 425 428 429 430 431 432 433 434 436 437 438 439 440 442 443 444 445 446 448 449 450 451 452 453 454 455 457 458 459 460 461 462 464 465 466 467 468 469 472 473 474 475 479 480 481 484 485 488 489 490
Print [key0:key1]: *** lower bound 0
*** upper bound 177
 0 1 2 3 4 5 6 7 8 9 11 12 13 14 15 18 19 21 22 23 24 25 26 27 28 29 31 32 33 34 35 36 37 38 39 40 41 43 44 46 47 49 50 52 53 57 58 59 62 63 64 65 68 69 70 72 73 74 75 76 77 80 81 82 83 86 87 90 91 92 95 96 98 100 103 105 106 107 108 109 110 111 112 113 115 117 119 120 121 123 124 125 126 128 129 130 131 132 133 135 137 138 140 141 144 145 151 152 153 154 155 156 157 158 159 160 162 163 164 165 166 167 168 169 170 172 173 174 175 176
Print [key0:key1]: *** lower bound 509
*** upper bound 534
 509 510 511 512 514 515 518 520 521 522 523 524 525 526 527 528 529 530 531 532
Print [key0:key1]: Print [key0:key1]: Print [key0:key1]: *** lower bound 163
*** upper bound 196
 163 164 165 166 167 168 169 170 172 173 174 175 176 177 178 179 181 182 183 185 186 188 189 190 191 193 194
Print [key0:key1]: *** lower bound 95
*** upper bound 404
 95 96 98 100 103 105 106 107 108 109 110 111 112 113 115 117 119 120 121 123 124 125 126 128 129 130 131 132 133 135 137 138 140 141 144 145 151 152 153 154 155 156 157 158 159 160 162 163 164 165 166 167 168 169 170 172 173 174 175 176 177 178 179 181 182 183 185 186 188 189 190 191 193 194 196 199 200 201 203 204 205 206 207 208 209 210 211 212 213 214 216 217 218 219 220 221 222 223 224 225 226 227 229 232 233 234 235 236 238 240 242 243 245 246 247 248 251 253 255 257 258 259 261 262 263 264 265 266 267 268 270 271 272 273 275 276 277 278 279 280 281 282 283 285 286 287 288 289 290 291 292 293 294 295 296 298 299 301 302 303 304 307 308 309 310 311 312 313 314 315 316 317 318 320 321 322 323 326 327 328 329 330 331 332 333 334 335 336 337 338 339 341 342 343 344 345 347 348 350 351 353 355 356 357 358 361 362 363 364 366 367 368 369 370 372 373 374 375 377 378 379 380 381 382 383 385 386 387 388 389 390 391 394 395 396 398 399 402 403
Print [key0:key1]: *** lower bound 52
*** upper bound 391
 52 53 57 58 59 62 63 64 65 68 69 70 72 73 74 75 76 77 80 81 82 83 86 87 90 91 92 95 96 98 100 103 105 106 107 108 109 110 111 112 113 115 117 119 120 121 123 124 125 126 128 129 130 131 132 133 135 137 138 140 141 144 145 151 152 153 154 155 156 157 158 159 160 162 163 164 165 166 167 168 169 170 172 173 174 175 176 177 178 179 181 182 183 185 186 188 189 190 191 193 194 196 199 200 201 203 204 205 206 207 208 209 210 211 212 213 214 216 217 218 219 220 221 222 223 224 225 226 227 229 232 233 234 235 236 238 240 242 243 245 246 247 248 251 253 255 257 258 259 261 262 263 264 265 266 267 268 270 271 272 273 275 276 277 278 279 280 281 282 283 285 286 287 288 289 290 291 292 293 294 295 296 298 299 301 302 303 304 307 308 309 310 311 312 313 314 315 316 317 318 320 321 322 323 326 327 328 329 330 331 332 333 334 335 336 337 338 339 341 342 343 344 345 347 348 350 351 353 355 356 357 358 361 362 363 364 366 367 368 369 370 372 373 374 375 377 378 379 380 381 382 383 385 386 387 388 389 390
Print [key0:key1]: Print [key0:key1]: Print [key0:key1]: *** lower bound 144
*** upper bound 302
 144 145 151 152 153 154 155 156 157 158 159 160 162 163 164 165 166 167 168 169 170 172 173 174 175 176 177 178 179 181 182 183 185 186 188 189 190 191 193 194 196 199 200 201 203 204 205 206 207 208 209 210 211 212 213 214 216 217 218 219 220 221 222 223 224 225 226 227 229 232 233 234 235 236 238 240 242 243 245 246 247 248 251 253 255 257 258 259 261 262 263 264 265 266 267 268 270 271 272 273 275 276 277 278 279 280 281 282 283 285 286 287 288 289 290 291 292 293 294 295 296 298 299 301
Print [key0:key1]: *** lower bound 253
*** upper bound 264
 253 255 257 258 259 261 262 263
Print [key0:key1]: *** lower bound 402
*** upper bound 409
 402 403 404 405 406 407 408
Print [key0:key1]: *** lower bound 154
*** upper bound 398
 154 155 156 157 158 159 160 162 163 164 165 166 167 168 169 170 172 173 174 175 176 177 178 179 181 182 183 185 186 188 189 190 191 193 194 196 199 200 201 203 204 205 206 207 208 209 210 211 212 213 214 216 217 218 219 220 221 222 223 224 225 226 227 229 232 233 234 235 236 238 240 242 243 245 246 247 248 251 253 255 257 258 259 261 262 263 264 265 266 267 268 270 271 272 273 275 276 277 278 279 280 281 282 283 285 286 287 288 289 290 291 292 293 294 295 296 298 299 301 302 303 304 307 308 309 310 311 312 313 314 315 316 317 318 320 321 322 323 326 327 328 329 330 331 332 333 334 335 336 337 338 339 341 342 343 344 345 347 348 350 351 353 355 356 357 358 361 362 363 364 366 367 368 369 370 372 373 374 375 377 378 379 380 381 382 383 385 386 387 388 389 390 391 394 395 396
Print [key0:key1]: *** lower bound 440
*** upper bound 532
 440 442 443 444 445 446 448 449 450 451 452 453 454 455 457 458 459 460 461 462 464 465 466 467 468 469 472 473 474 475 479 480 481 484 485 488 489 490 491 494 495 496 497 499 500 502 503 504 505 506 507 508 509 510 511 512 514 515 518 520 521 522 523 524 525 526 527 528 529 530 531
Print [key0:key1]: *** lower bound 194
*** upper bound 341
 194 196 199 200 201 203 204 205 206 207 208 209 210 211 212 213 214 216 217 218 219 220 221 222 223 224 225 226 227 229 232 233 234 235 236 238 240 242 243 245 246 247 248 251 253 255 257 258 259 261 262 263 264 265 266 267 268 270 271 272 273 275 276 277 278 279 280 281 282 283 285 286 287 288 289 290 291 292 293 294 295 296 298 299 301 302 303 304 307 308 309 310 311 312 313 314 315 316 317 318 320 321 322 323 326 327 328 329 330 331 332 333 334 335 336 337 338 339
Print [key0:key1]: Print [key0:key1]: Print [key0:key1]: *** lower bound 473
*** upper bound 535
 473 474 475 479 480 481 484 485 488 489 490 491 494 495 496 497 499 500 502 503 504 505 506 507 508 509 510 511 512 514 515 518 520 521 522 523 524 525 526 527 528 529 530 531 532 534
Print [key0:key1]: *** lower bound 369
*** upper bound 489
 369 370 372 373 374 375 377 378 379 380 381 382 383 385 386 387 388 389 390 391 394 395 396 398 399 402 403 404 405 406 407 408 409 410 411 412 413 414 415 417 418 420 421 422 423 424 425 428 429 430 431 432 433 434 436 437 438 439 440 442 443 444 445 446 448 449 450 451 452 453 454 455 457 458 459 460 461 462 464 465 466 467 468 469 472 473 474 475 479 480 481 484 485 488
Print [key0:key1]: *** lower bound 270
*** upper bound 488
 270 271 272 273 275 276 277 278 279 280 281 282 283 285 286 287 288 289 290 291 292 293 294 295 296 298 299 301 302 303 304 307 308 309 310 311 312 313 314 315 316 317 318 320 321 322 323 326 327 328 329 330 331 332 333 334 335 336 337 338 339 341 342 343 344 345 347 348 350 351 353 355 356 357 358 361 362 363 364 366 367 368 369 370 372 373 374 375 377 378 379 380 381 382 383 385 386 387 388 389 390 391 394 395 396 398 399 402 403 404 405 406 407 408 409 410 411 412 413 414 415 417 418 420 421 422 423 424 425 428 429 430 431 432 433 434 436 437 438 439 440 442 443 444 445 446 448 449 450 451 452 453 454 455 457 458 459 460 461 462 464 465 466 467 468 469 472 473 474 475 479 480 481 484 485
Print [key0:key1]: Print [key0:key1]: *** lower bound 350
*** upper bound 502
 350 351 353 355 356 357 358 361 362 363 364 366 367 368 369 370 372 373 374 375 377 378 379 380 381 382 383 385 386 387 388 389 390 391 394 395 396 398 399 402 403 404 405 406 407 408 409 410 411 412 413 414 415 417 418 420 421 422 423 424 425 428 429 430 431 432 433 434 436 437 438 439 440 442 443 444 445 446 448 449 450 451 452 453 454 455 457 458 459 460 461 462 464 465 466 467 468 469 472 473 474 475 479 480 481 484 485 488 489 490 491 494 495 496 497 499 500
Print [key0:key1]: Print [key0:key1]: *** lower bound 68
*** upper bound 362
 68 69 70 72 73 74 75 76 77 80 81 82 83 86 87 90 91 92 95 96 98 100 103 105 106 107 108 109 110 111 112 113 115 117 119 120 121 123 124 125 126 128 129 130 131 132 133 135 137 138 140 141 144 145 151 152 153 154 155 156 157 158 159 160 162 163 164 165 166 167 168 169 170 172 173 174 175 176 177 178 179 181 182 183 185 186 188 189 190 191 193 194 196 199 200 201 203 204 205 206 207 208 209 210 211 212 213 214 216 217 218 219 220 221 222 223 224 225 226 227 229 232 233 234 235 236 238 240 242 243 245 246 247 248 251 253 255 257 258 259 261 262 263 264 265 266 267 268 270 271 272 273 275 276 277 278 279 280 281 282 283 285 286 287 288 289 290 291 292 293 294 295 296 298 299 301 302 303 304 307 308 309 310 311 312 313 314 315 316 317 318 320 321 322 323 326 327 328 329 330 331 332 333 334 335 336 337 338 339 341 342 343 344 345 347 348 350 351 353 355 356 357 358 361
Print [key0:key1]: *** lower bound 232
*** upper bound 258
 232 233 234 235 236 238 240 242 243 245 246 247 248 251 253 255 257
Print [key0:key1]: *** lower bound 196
*** upper bound 270
 196 199 200 201 203 204 205 206 207 208 209 210 211 212 213 214 216 217 218 219 220 221 222 223 224 225 226 227 229 232 233 234 235 236 238 240 242 243 245 246 247 248 251 253 255 257 258 259 261 262 263 264 265 266 267 268
Print [key0:key1]: Print [key0:key1]: *** lower bound 57
*** upper bound 165
 57 58 59 62 63 64 65 68 69 70 72 73 74 75 76 77 80 81 82 83 86 87 90 91 92 95 96 98 100 103 105 106 107 108 109 110 111 112 113 115 117 119 120 121 123 124 125 126 128 129 130 131 132 133 135 137 138 140 141 144 145 151 152 153 154 155 156 157 158 159 160 162 163 164
Print [key0:key1]: Print [key0:key1]: *** lower bound 110
*** upper bound 417
 110 111 112 113 115 117 119 120 121 123 124 125 126 128 129 130 131 132 133 135 137 138 140 141 144 145 151 152 153 154 155 156 157 158 159 160 162 163 164 165 166 167 168 169 170 172 173 174 175 176 177 178 179 181 182 183 185 186 188 189 190 191 193 194 196 199 200 201 203 204 205 206 207 208 209 210 211 212 213 214 216 217 218 219 220 221 222 223 224 225 226 227 229 232 233 234 235 236 238 240 242 243 245 246 247 248 251 253 255 257 258 259 261 262 263 264 265 266 267 268 270 271 272 273 275 276 277 278 279 280 281 282 283 285 286 287 288 289 290 291 292 293 294 295 296 298 299 301 302 303 304 307 308 309 310 311 312 313 314 315 316 317 318 320 321 322 323 326 327 328 329 330 331 332 333 334 335 336 337 338 339 341 342 343 344 345 347 348 350 351 353 355 356 357 358 361 362 363 364 366 367 368 369 370 372 373 374 375 377 378 379 380 381 382 383 385 386 387 388 389 390 391 394 395 396 398 399 402 403 404 405 406 407 408 409 410 411 412 413 414 415
Print [key0:key1]: *** lower bound 72
*** upper bound 100
 72 73 74 75 76 77 80 81 82 83 86 87 90 91 92 95 96 98
Print [key0:key1]: Print [key0:key1]: *** lower bound 2
*** upper bound 436
 2 3 4 5 6 7 8 9 11 12 13 14 15 18 19 21 22 23 24 25 26 27 28 29 31 32 33 34 35 36 37 38 39 40 41 43 44 46 47 49 50 52 53 57 58 59 62 63 64 65 68 69 70 72 73 74 75 76 77 80 81 82 83 86 87 90 91 92 95 96 98 100 103 105 106 107 108 109 110 111 112 113 115 117 119 120 121 123 124 125 126 128 129 130 131 132 133 135 137 138 140 141 144 145 151 152 153 154 155 156 157 158 159 160 162 163 164 165 166 167 168 169 170 172 173 174 175 176 177 178 179 181 182 183 185 186 188 189 190 191 193 194 196 199 200 201 203 204 205 206 207 208 209 210 211 212 213 214 216 217 218 219 220 221 222 223 224 225 226 227 229 232 233 234 235 236 238 240 242 243 245 246 247 248 251 253 255 257 258 259 261 262 263 264 265 266 267 268 270 271 272 273 275 276 277 278 279 280 281 282 283 285 286 287 288 289 290 291 292 293 294 295 296 298 299 301 302 303 304 307 308 309 310 311 312 313 314 315 316 317 318 320 321 322 323 326 327 328 329 330 331 332 333 334 335 336 337 338 339 341 342 343 344 345 347 348 350 351 353 355 356 357 358 361 362 363 364 366 367 368 369 370 372 373 374 375 377 378 379 380 381 382 383 385 386 387 388 389 390 391 394 395 396 398 399 402 403 404 405 406 407 408 409 410 411 412 413 414 415 417 418 420 421 422 423 424 425 428 429 430 431 432 433 434
Print [key0:key1]: *** lower bound 126
*** upper bound 357
 126 128 129 130 131 132 133 135 137 138 140 141 144 145 151 152 153 154 155 156 157 158 159 160 162 163 164 165 166 167 168 169 170 172 173 174 175 176 177 178 179 181 182 183 185 186 188 189 190 191 193 194 196 199 200 201 203 204 205 206 207 208 209 210 211 212 213 214 216 217 218 219 220 221 222 223 224 225 226 227 229 232 233 234 235 236 238 240 242 243 245 246 247 248 251 253 255 257 258 259 261 262 263 264 265 266 267 268 270 271 272 273 275 276 277 278 279 280 281 282 283 285 286 287 288 289 290 291 292 293 294 295 296 298 299 301 302 303 304 307 308 309 310 311 312 313 314 315 316 317 318 320 321 322 323 326 327 328 329 330 331 332 333 334 335 336 337 338 339 341 342 343 344 345 347 348 350 351 353 355 356
Print [key0:key1]: Print [key0:key1]: Print [key0:key1]: *** lower bound 95
*** upper bound 318
 95 96 98 100 103 105 106 107 108 109 110 111 112 113 115 117 119 120 121 123 124 125 126 128 129 130 131 132 133 135 137 138 140 141 144 145 151 152 153 154 155 156 157 158 159 160 162 163 164 165 166 167 168 169 170 172 173 174 175 176 177 178 179 181 182 183 185 186 188 189 190 191 193 194 196 199 200 201 203 204 205 206 207 208 209 210 211 212 213 214 216 217 218 219 220 221 222 223 224 225 226 227 229 232 233 234 235 236 238 240 242 243 245 246 247 248 251 253 255 257 258 259 261 262 263 264 265 266 267 268 270 271 272 273 275 276 277 278 279 280 281 282 283 285 286 287 288 289 290 291 292 293 294 295 296 298 299 301 302 303 304 307 308 309 310 311 312 313 314 315 316 317
Print [key0:key1]: Print [key0:key1]: Print [key0:key1]: Print [key0:key1]: *** lower bound 103
*** upper bound 372
 103 105 106 107 108 109 110 111 112 113 115 117 119 120 121 123 124 125 126 128 129 130 131 132 133 135 137 138 140 141 144 145 151 152 153 154 155 156 157 158 159 160 162 163 164 165 166 167 168 169 170 172 173 174 175 176 177 178 179 181 182 183 185 186 188 189 190 191 193 194 196 199 200 201 203 204 205 206 207 208 209 210 211 212 213 214 216 217 218 219 220 221 222 223 224 225 226 227 229 232 233 234 235 236 238 240 242 243 245 246 247 248 251 253 255 257 258 259 261 262 263 264 265 266 267 268 270 271 272 273 275 276 277 278 279 280 281 282 283 285 286 287 288 289 290 291 292 293 294 295 296 298 299 301 302 303 304 307 308 309 310 311 312 313 314 315 316 317 318 320 321 322 323 326 327 328 329 330 331 332 333 334 335 336 337 338 339 341 342 343 344 345 347 348 350 351 353 355 356 357 358 361 362 363 364 366 367 368 369 370
Print [key0:key1]: *** lower bound 35
*** upper bound 128
 35 36 37 38 39 40 41 43 44 46 47 49 50 52 53 57 58 59 62 63 64 65 68 69 70 72 73 74 75 76 77 80 81 82 83 86 87 90 91 92 95 96 98 100 103 105 106 107 108 109 110 111 112 113 115 117 119 120 121 123 124 125 126
Print [key0:key1]: *** lower bound 0
*** upper bound 196
 0 1 2 3 4 5 6 7 8 9 11 12 13 14 15 18 19 21 22 23 24 25 26 27 28 29 31 32 33 34 35 36 37 38 39 40 41 43 44 46 47 49 50 52 53 57 58 59 62 63 64 65 68 69 70 72 73 74 75 76 77 80 81 82 83 86 87 90 91 92 95 96 98 100 103 105 106 107 108 109 110 111 112 113 115 117 119 120 121 123 124 125 126 128 129 130 131 132 133 135 137 138 140 141 144 145 151 152 153 154 155 156 157 158 159 160 162 163 164 165 166 167 168 169 170 172 173 174 175 176 177 178 179 181 182 183 185 186 188 189 190 191 193 194
Print [key0:key1]: *** lower bound 80
*** upper bound 446
 80 81 82 83 86 87 90 91 92 95 96 98 100 103 105 106 107 108 109 110 111 112 113 115 117 119 120 121 123 124 125 126 128 129 130 131 132 133 135 137 138 140 141 144 145 151 152 153 154 155 156 157 158 159 160 162 163 164 165 166 167 168 169 170 172 173 174 175 176 177 178 179 181 182 183 185 186 188 189 190 191 193 194 196 199 200 201 203 204 205 206 207 208 209 210 211 212 213 214 216 217 218 219 220 221 222 223 224 225 226 227 229 232 233 234 235 236 238 240 242 243 245 246 247 248 251 253 255 257 258 259 261 262 263 264 265 266 267 268 270 271 272 273 275 276 277 278 279 280 281 282 283 285 286 287 288 289 290 291 292 293 294 295 296 298 299 301 302 303 304 307 308 309 310 311 312 313 314 315 316 317 318 320 321 322 323 326 327 328 329 330 331 332 333 334 335 336 337 338 339 341 342 343 344 345 347 348 350 351 353 355 356 357 358 361 362 363 364 366 367 368 369 370 372 373 374 375 377 378 379 380 381 382 383 385 386 387 388 389 390 391 394 395 396 398 399 402 403 404 405 406 407 408 409 410 411 412 413 414 415 417 418 420 421 422 423 424 425 428 429 430 431 432 433 434 436 437 438 439 440 442 443 444 445
Print [key0:key1]: Print [key0:key1]: Print [key0:key1]: *** lower bound 448
*** upper bound 472
 448 449 450 451 452 453 454 455 457 458 459 460 461 462 464 465 466 467 468 469
Print [key0:key1]: *** lower bound 362
*** upper bound 422
 362 363 364 366 367 368 369 370 372 373 374 375 377 378 379 380 381 382 383 385 386 387 388 389 390 391 394 395 396 398 399 402 403 404 405 406 407 408 409 410 411 412 413 414 415 417 418 420 421
Print [key0:key1]: Print [key0:key1]: *** lower bound 138
*** upper bound 420
 138 140 141 144 145 151 152 153 154 155 156 157 158 159 160 162 163 164 165 166 167 168 169 170 172 173 174 175 176 177 178 179 181 182 183 185 186 188 189 190 191 193 194 196 199 200 201 203 204 205 206 207 208 209 210 211 212 213 214 216 217 218 219 220 221 222 223 224 225 226 227 229 232 233 234 235 236 238 240 242 243 245 246 247 248 251 253 255 257 258 259 261 262 263 264 265 266 267 268 270 271 272 273 275 276 277 278 279 280 281 282 283 285 286 287 288 289 290 291 292 293 294 295 296 298 299 301 302 303 304 307 308 309 310 311 312 313 314 315 316 317 318 320 321 322 323 326 327 328 329 330 331 332 333 334 335 336 337 338 339 341 342 343 344 345 347 348 350 351 353 355 356 357 358 361 362 363 364 366 367 368 369 370 372 373 374 375 377 378 379 380 381 382 383 385 386 387 388 389 390 391 394 395 396 398 399 402 403 404 405 406 407 408 409 410 411 412 413 414 415 417 418
Print [key0:key1]: Print [key0:key1]: *** lower bound 366
*** upper bound 408
 366 367 368 369 370 372 373 374 375 377 378 379 380 381 382 383 385 386 387 388 389 390 391 394 395 396 398 399 402 403 404 405 406 407
Print [key0:key1]: *** lower bound 1
*** upper bound 348
 1 2 3 4 5 6 7 8 9 11 12 13 14 15 18 19 21 22 23 24 25 26 27 28 29 31 32 33 34 35 36 37 38 39 40 41 43 44 46 47 49 50 52 53 57 58 59 62 63 64 65 68 69 70 72 73 74 75 76 77 80 81 82 83 86 87 90 91 92 95 96 98 100 103 105 106 107 108 109 110 111 112 113 115 117 119 120 121 123 124 125 126 128 129 130 131 132 133 135 137 138 140 141 144 145 151 152 153 154 155 156 157 158 159 160 162 163 164 165 166 167 168 169 170 172 173 174 175 176 177 178 179 181 182 183 185 186 188 189 190 191 193 194 196 199 200 201 203 204 205 206 207 208 209 210 211 212 213 214 216 217 218 219 220 221 222 223 224 225 226 227 229 232 233 234 235 236 238 240 242 243 245 246 247 248 251 253 255 257 258 259 261 262 263 264 265 266 267 268 270 271 272 273 275 276 277 278 279 280 281 282 283 285 286 287 288 289 290 291 292 293 294 295 296 298 299 301 302 303 304 307 308 309 310 311 312 313 314 315 316 317 318 320 321 322 323 326 327 328 329 330 331 332 333 334 335 336 337 338 339 341 342 343 344 345 347
Print [key0:key1]: Print [key0:key1]: Print [key0:key1]: Print [key0:key1]: *** lower bound 188
*** upper bound 390
 188 189 190 191 193 194 196 199 200 201 203 204 205 206 207 208 209 210 211 212 213 214 216 217 218 219 220 221 222 223 224 225 226 227 229 232 233 234 235 236 238 240 242 243 245 246 247 248 251 253 255 257 258 259 261 262 263 264 265 266 267 268 270 271 272 273 275 276 277 278 279 280 281 282 283 285 286 287 288 289 290 291 292 293 294 295 296 298 299 301 302 303 304 307 308 309 310 311 312 313 314 315 316 317 318 320 321 322 323 326 327 328 329 330 331 332 333 334 335 336 337 338 339 341 342 343 344 345 347 348 350 351 353 355 356 357 358 361 362 363 364 366 367 368 369 370 372 373 374 375 377 378 379 380 381 382 383 385 386 387 388 389
Print [key0:key1]: Print [key0:key1]: Print [key0:key1]: *** lower bound 8
*** upper bound 356
 8 9 11 12 13 14 15 18 19 21 22 23 24 25 26 27 28 29 31 32 33 34 35 36 37 38 39 40 41 43 44 46 47 49 50 52 53 57 58 59 62 63 64 65 68 69 70 72 73 74 75 76 77 80 81 82 83 86 87 90 91 92 95 96 98 100 103 105 106 107 108 109 110 111 112 113 115 117 119 120 121 123 124 125 126 128 129 130 131 132 133 135 137 138 140 141 144 145 151 152 153 154 155 156 157 158 159 160 162 163 164 165 166 167 168 169 170 172 173 174 175 176 177 178 179 181 182 183 185 186 188 189 190 191 193 194 196 199 200 201 203 204 205 206 207 208 209 210 211 212 213 214 216 217 218 219 220 221 222 223 224 225 226 227 229 232 233 234 235 236 238 240 242 243 245 246 247 248 251 253 255 257 258 259 261 262 263 264 265 266 267 268 270 271 272 273 275 276 277 278 279 280 281 282 283 285 286 287 288 289 290 291 292 293 294 295 296 298 299 301 302 303 304 307 308 309 310 311 312 313 314 315 316 317 318 320 321 322 323 326 327 328 329 330 331 332 333 334 335 336 337 338 339 341 342 343 344 345 347 348 350 351 353 355
Print [key0:key1]: *** lower bound 181
*** upper bound 193
 181 182 183 185 186 188 189 190 191
Print [key0:key1]: *** lower bound 181
*** upper bound 428
 181 182 183 185 186 188 189 190 191 193 194 196 199 200 201 203 204 205 206 207 208 209 210 211 212 213 214 216 217 218 219 220 221 222 223 224 225 226 227 229 232 233 234 235 236 238 240 242 243 245 246 247 248 251 253 255 257 258 259 261 262 263 264 265 266 267 268 270 271 272 273 275 276 277 278 279 280 281 282 283 285 286 287 288 289 290 291 292 293 294 295 296 298 299 301 302 303 304 307 308 309 310 311 312 313 314 315 316 317 318 320 321 322 323 326 327 328 329 330 331 332 333 334 335 336 337 338 339 341 342 343 344 345 347 348 350 351 353 355 356 357 358 361 362 363 364 366 367 368 369 370 372 373 374 375 377 378 379 380 381 382 383 385 386 387 388 389 390 391 394 395 396 398 399 402 403 404 405 406 407 408 409 410 411 412 413 414 415 417 418 420 421 422 423 424 425
Print [key0:key1]: *** lower bound 458
*** upper bound 574
 458 459 460 461 462 464 465 466 467 468 469 472 473 474 475 479 480 481 484 485 488 489 490 491 494 495 496 497 499 500 502 503 504 505 506 507 508 509 510 511 512 514 515 518 520 521 522 523 524 525 526 527 528 529 530 531 532 534 535 539 540 541 543 544 545 546 548 549 550 551 552 553 554 555 556 557 558 561 562 563 566 567 568 570 573
Print [key0:key1]: Print [key0:key1]: *** lower bound 201
*** upper bound 465
 201 203 204 205 206 207 208 209 210 211 212 213 214 216 217 218 219 220 221 222 223 224 225 226 227 229 232 233 234 235 236 238 240 242 243 245 246 247 248 251 253 255 257 258 259 261 262 263 264 265 266 267 268 270 271 272 273 275 276 277 278 279 280 281 282 283 285 286 287 288 289 290 291 292 293 294 295 296 298 299 301 302 303 304 307 308 309 310 311 312 313 314 315 316 317 318 320 321 322 323 326 327 328 329 330 331 332 333 334 335 336 337 338 339 341 342 343 344 345 347 348 350 351 353 355 356 357 358 361 362 363 364 366 367 368 369 370 372 373 374 375 377 378 379 380 381 382 383 385 386 387 388 389 390 391 394 395 396 398 399 402 403 404 405 406 407 408 409 410 411 412 413 414 415 417 418 420 421 422 423 424 425 428 429 430 431 432 433 434 436 437 438 439 440 442 443 444 445 446 448 449 450 451 452 453 454 455 457 458 459 460 461 462 464
Print [key0:key1]: Print [key0:key1]: *** lower bound 135
*** upper bound 374
 135 137 138 140 141 144 145 151 152 153 154 155 156 157 158 159 160 162 163 164 165 166 167 168 169 170 172 173 174 175 176 177 178 179 181 182 183 185 186 188 189 190 191 193 194 196 199 200 201 203 204 205 206 207 208 209 210 211 212 213 214 216 217 218 219 220 221 222 223 224 225 226 227 229 232 233 234 235 236 238 240 242 243 245 246 247 248 251 253 255 257 258 259 261 262 263 264 265 266 267 268 270 271 272 273 275 276 277 278 279 280 281 282 283 285 286 287 288 289 290 291 292 293 294 295 296 298 299 301 302 303 304 307 308 309 310 311 312 313 314 315 316 317 318 320 321 322 323 326 327 328 329 330 331 332 333 334 335 336 337 338 339 341 342 343 344 345 347 348 350 351 353 355 356 357 358 361 362 363 364 366 367 368 369 370 372 373
Print [key0:key1]: *** lower bound 278
*** upper bound 322
 278 279 280 281 282 283 285 286 287 288 289 290 291 292 293 294 295 296 298 299 301 302 303 304 307 308 309 310 311 312 313 314 315 316 317 318 320 321
Print [key0:key1]: Print [key0:key1]: Print [key0:key1]: Print [key0:key1]: *** lower bound 234
*** upper bound 245
 234 235 236 238 240 242 243
Print [key0:key1]: Print [key0:key1]: *** lower bound 15
*** upper bound 457
 15 18 19 21 22 23 24 25 26 27 28 29 31 32 33 34 35 36 37 38 39 40 41 43 44 46 47 49 50 52 53 57 58 59 62 63 64 65 68 69 70 72 73 74 75 76 77 80 81 82 83 86 87 90 91 92 95 96 98 100 103 105 106 107 108 109 110 111 112 113 115 117 119 120 121 123 124 125 126 128 129 130 131 132 133 135 137 138 140 141 144 145 151 152 153 154 155 156 157 158 159 160 162 163 164 165 166 167 168 169 170 172 173 174 175 176 177 178 179 181 182 183 185 186 188 189 190 191 193 194 196 199 200 201 203 204 205 206 207 208 209 210 211 212 213 214 216 217 218 219 220 221 222 223 224 225 226 227 229 232 233 234 235 236 238 240 242 243 245 246 247 248 251 253 255 257 258 259 261 262 263 264 265 266 267 268 270 271 272 273 275 276 277 278 279 280 281 282 283 285 286 287 288 289 290 291 292 293 294 295 296 298 299 301 302 303 304 307 308 309 310 311 312 313 314 315 316 317 318 320 321 322 323 326 327 328 329 330 331 332 333 334 335 336 337 338 339 341 342 343 344 345 347 348 350 351 353 355 356 357 358 361 362 363 364 366 367 368 369 370 372 373 374 375 377 378 379 380 381 382 383 385 386 387 388 389 390 391 394 395 396 398 399 402 403 404 405 406 407 408 409 410 411 412 413 414 415 417 418 420 421 422 423 424 425 428 429 430 431 432 433 434 436 437 438 439 440 442 443 444 445 446 448 449 450 451 452 453 454 455
Print [key0:key1]: Print [key0:key1]: *** lower bound 438
*** upper bound 442
 438 439 440
Print [key0:key1]: Print [key0:key1]: Print [key0:key1]: *** lower bound 31
*** upper bound 234
 31 32 33 34 35 36 37 38 39 40 41 43 44 46 47 49 50 52 53 57 58 59 62 63 64 65 68 69 70 72 73 74 75 76 77 80 81 82 83 86 87 90 91 92 95 96 98 100 103 105 106 107 108 109 110 111 112 113 115 117 119 120 121 123 124 125 126 128 129 130 131 132 133 135 137 138 140 141 144 145 151 152 153 154 155 156 157 158 159 160 162 163 164 165 166 167 168 169 170 172 173 174 175 176 177 178 179 181 182 183 185 186 188 189 190 191 193 194 196 199 200 201 203 204 205 206 207 208 209 210 211 212 213 214 216 217 218 219 220 221 222 223 224 225 226 227 229 232 233
Print [key0:key1]: Print [key0:key1]: *** lower bound 159
*** upper bound 414
 159 160 162 163 164 165 166 167 168 169 170 172 173 174 175 176 177 178 179 181 182 183 185 186 188 189 190 191 193 194 196 199 200 201 203 204 205 206 207 208 209 210 211 212 213 214 216 217 218 219 220 221 222 223 224 225 226 227 229 232 233 234 235 236 238 240 242 243 245 246 247 248 251 253 255 257 258 259 261 262 263 264 265 266 267 268 270 271 272 273 275 276 277 278 279 280 281 282 283 285 286 287 288 289 290 291 292 293 294 295 296 298 299 301 302 303 304 307 308 309 310 311 312 313 314 315 316 317 318 320 321 322 323 326 327 328 329 330 331 332 333 334 335 336 337 338 339 341 342 343 344 345 347 348 350 351 353 355 356 357 358 361 362 363 364 366 367 368 369 370 372 373 374 375 377 378 379 380 381 382 383 385 386 387 388 389 390 391 394 395 396 398 399 402 403 404 405 406 407 408 409 410 411 412 413
Print [key0:key1]: *** lower bound 31
*** upper bound 577
 31 32 33 34 35 36 37 38 39 40 41 43 44 46 47 49 50 52 53 57 58 59 62 63 64 65 68 69 70 72 73 74 75 76 77 80 81 82 83 86 87 90 91 92 95 96 98 100 103 105 106 107 108 109 110 111 112 113 115 117 119 120 121 123 124 125 126 128 129 130 131 132 133 135 137 138 140 141 144 145 151 152 153 154 155 156 157 158 159 160 162 163 164 165 166 167 168 169 170 172 173 174 175 176 177 178 179 181 182 183 185 186 188 189 190 191 193 194 196 199 200 201 203 204 205 206 207 208 209 210 211 212 213 214 216 217 218 219 220 221 222 223 224 225 226 227 229 232 233 234 235 236 238 240 242 243 245 246 247 248 251 253 255 257 258 259 261 262 263 264 265 266 267 268 270 271 272 273 275 276 277 278 279 280 281 282 283 285 286 287 288 289 290 291 292 293 294 295 296 298 299 301 302 303 304 307 308 309 310 311 312 313 314 315 316 317 318 320 321 322 323 326 327 328 329 330 331 332 333 334 335 336 337 338 339 341 342 343 344 345 347 348 350 351 353 355 356 357 358 361 362 363 364 366 367 368 369 370 372 373 374 375 377 378 379 380 381 382 383 385 386 387 388 389 390 391 394 395 396 398 399 402 403 404 405 406 407 408 409 410 411 412 413 414 415 417 418 420 421 422 423 424 425 428 429 430 431 432 433 434 436 437 438 439 440 442 443 444 445 446 448 449 450 451 452 453 454 455 457 458 459 460 461 462 464 465 466 467 468 469 472 473 474 475 479 480 481 484 485 488 489 490 491 494 495 496 497 499 500 502 503 504 505 506 507 508 509 510 511 512 514 515 518 520 521 522 523 524 525 526 527 528 529 530 531 532 534 535 539 540 541 543 544 545 546 548 549 550 551 552 553 554 555 556 557 558 561 562 563 566 567 568 570 573 574 575 576
Print [key0:key1]: Print [key0:key1]: *** lower bound 34
*** upper bound 273
 34 35 36 37 38 39 40 41 43 44 46 47 49 50 52 53 57 58 59 62 63 64 65 68 69 70 72 73 74 75 76 77 80 81 82 83 86 87 90 91 92 95 96 98 100 103 105 106 107 108 109 110 111 112 113 115 117 119 120 121 123 124 125 126 128 129 130 131 132 133 135 137 138 140 141 144 145 151 152 153 154 155 156 157 158 159 160 162 163 164 165 166 167 168 169 170 172 173 174 175 176 177 178 179 181 182 183 185 186 188 189 190 191 193 194 196 199 200 201 203 204 205 206 207 208 209 210 211 212 213 214 216 217 218 219 220 221 222 223 224 225 226 227 229 232 233 234 235 236 238 240 242 243 245 246 247 248 251 253 255 257 258 259 261 262 263 264 265 266 267 268 270 271 272
Print [key0:key1]: Print [key0:key1]: Print [key0:key1]: Print [key0:key1]: Print [key0:key1]: *** lower bound 31
*** upper bound 225
 31 32 33 34 35 36 37 38 39 40 41 43 44 46 47 49 50 52 53 57 58 59 62 63 64 65 68 69 70 72 73 74 75 76 77 80 81 82 83 86 87 90 91 92 95 96 98 100 103 105 106 107 108 109 110 111 112 113 115 117 119 120 121 123 124 125 126 128 129 130 131 132 133 135 137 138 140 141 144 145 151 152 153 154 155 156 157 158 159 160 162 163 164 165 166 167 168 169 170 172 173 174 175 176 177 178 179 181 182 183 185 186 188 189 190 191 193 194 196 199 200 201 203 204 205 206 207 208 209 210 211 212 213 214 216 217 218 219 220 221 222 223 224
Print [key0:key1]: Print [key0:key1]: Print [key0:key1]: Print [key0:key1]: Print [key0:key1]: Print [key0:key1]: *** lower bound 484
*** upper bound 494
 484 485 488 489 490 491
Print [key0:key1]: Print [key0:key1]: Print [key0:key1]: Print [key0:key1]: *** lower bound 320
*** upper bound 472
 320 321 322 323 326 327 328 329 330 331 332 333 334 335 336 337 338 339 341 342 343 344 345 347 348 350 351 353 355 356 357 358 361 362 363 364 366 367 368 369 370 372 373 374 375 377 378 379 380 381 382 383 385 386 387 388 389 390 391 394 395 396 398 399 402 403 404 405 406 407 408 409 410 411 412 413 414 415 417 418 420 421 422 423 424 425 428 429 430 431 432 433 434 436 437 438 439 440 442 443 444 445 446 448 449 450 451 452 453 454 455 457 458 459 460 461 462 464 465 466 467 468 469
Print [key0:key1]: Print [key0:key1]: Print [key0:key1]: Print [key0:key1]: *** lower bound 0
*** upper bound 430
 0 1 2 3 4 5 6 7 8 9 11 12 13 14 15 18 19 21 22 23 24 25 26 27 28 29 31 32 33 34 35 36 37 38 39 40 41 43 44 46 47 49 50 52 53 57 58 59 62 63 64 65 68 69 70 72 73 74 75 76 77 80 81 82 83 86 87 90 91 92 95 96 98 100 103 105 106 107 108 109 110 111 112 113 115 117 119 120 121 123 124 125 126 128 129 130 131 132 133 135 137 138 140 141 144 145 151 152 153 154 155 156 157 158 159 160 162 163 164 165 166 167 168 169 170 172 173 174 175 176 177 178 179 181 182 183 185 186 188 189 190 191 193 194 196 199 200 201 203 204 205 206 207 208 209 210 211 212 213 214 216 217 218 219 220 221 222 223 224 225 226 227 229 232 233 234 235 236 238 240 242 243 245 246 247 248 251 253 255 257 258 259 261 262 263 264 265 266 267 268 270 271 272 273 275 276 277 278 279 280 281 282 283 285 286 287 288 289 290 291 292 293 294 295 296 298 299 301 302 303 304 307 308 309 310 311 312 313 314 315 316 317 318 320 321 322 323 326 327 328 329 330 331 332 333 334 335 336 337 338 339 341 342 343 344 345 347 348 350 351 353 355 356 357 358 361 362 363 364 366 367 368 369 370 372 373 374 375 377 378 379 380 381 382 383 385 386 387 388 389 390 391 394 395 396 398 399 402 403 404 405 406 407 408 409 410 411 412 413 414 415 417 418 420 421 422 423 424 425 428 429
Print [key0:key1]: Print [key0:key1]: Print [key0:key1]: *** lower bound 264
*** upper bound 298
 264 265 266 267 268 270 271 272 273 275 276 277 278 279 280 281 282 283 285 286 287 288 289 290 291 292 293 294 295 296
Print [key0:key1]: *** lower bound 0
*** upper bound 128
 0 1 2 3 4 5 6 7 8 9 11 12 13 14 15 18 19 21 22 23 24 25 26 27 28 29 31 32 33 34 35 36 37 38 39 40 41 43 44 46 47 49 50 52 53 57 58 59 62 63 64 65 68 69 70 72 73 74 75 76 77 80 81 82 83 86 87 90 91 92 95 96 98 100 103 105 106 107 108 109 110 111 112 113 115 117 119 120 121 123 124 125 126
Print [key0:key1]: *** lower bound 72
*** upper bound 504
 72 73 74 75 76 77 80 81 82 83 86 87 90 91 92 95 96 98 100 103 105 106 107 108 109 110 111 112 113 115 117 119 120 121 123 124 125 126 128 129 130 131 132 133 135 137 138 140 141 144 145 151 152 153 154 155 156 157 158 159 160 162 163 164 165 166 167 168 169 170 172 173 174 175 176 177 178 179 181 182 183 185 186 188 189 190 191 193 194 196 199 200 201 203 204 205 206 207 208 209 210 211 212 213 214 216 217 218 219 220 221 222 223 224 225 226 227 229 232 233 234 235 236 238 240 242 243 245 246 247 248 251 253 255 257 258 259 261 262 263 264 265 266 267 268 270 271 272 273 275 276 277 278 279 280 281 282 283 285 286 287 288 289 290 291 292 293 294 295 296 298 299 301 302 303 304 307 308 309 310 311 312 313 314 315 316 317 318 320 321 322 323 326 327 328 329 330 331 332 333 334 335 336 337 338 339 341 342 343 344 345 347 348 350 351 353 355 356 357 358 361 362 363 364 366 367 368 369 370 372 373 374 375 377 378 379 380 381 382 383 385 386 387 388 389 390 391 394 395 396 398 399 402 403 404 405 406 407 408 409 410 411 412 413 414 415 417 418 420 421 422 423 424 425 428 429 430 431 432 433 434 436 437 438 439 440 442 443 444 445 446 448 449 450 451 452 453 454 455 457 458 459 460 461 462 464 465 466 467 468 469 472 473 474 475 479 480 481 484 485 488 489 490 491 494 495 496 497 499 500 502 503
Print [key0:key1]: *** lower bound 402
*** upper bound 566
 402 403 404 405 406 407 408 409 410 411 412 413 414 415 417 418 420 421 422 423 424 425 428 429 430 431 432 433 434 436 437 438 439 440 442 443 444 445 446 448 449 450 451 452 453 454 455 457 458 459 460 461 462 464 465 466 467 468 469 472 473 474 475 479 480 481 484 485 488 489 490 491 494 495 496 497 499 500 502 503 504 505 506 507 508 509 510 511 512 514 515 518 520 521 522 523 524 525 526 527 528 529 530 531 532 534 535 539 540 541 543 544 545 546 548 549 550 551 552 553 554 555 556 557 558 561 562 563
Print [key0:key1]: Print [key0:key1]: Print [key0:key1]: *** lower bound 214
*** upper bound 396
 214 216 217 218 219 220 221 222 223 224 225 226 227 229 232 233 234 235 236 238 240 242 243 245 246 247 248 251 253 255 257 258 259 261 262 263 264 265 266 267 268 270 271 272 273 275 276 277 278 279 280 281 282 283 285 286 287 288 289 290 291 292 293 294 295 296 298 299 301 302 303 304 307 308 309 310 311 312 313 314 315 316 317 318 320 321 322 323 326 327 328 329 330 331 332 333 334 335 336 337 338 339 341 342 343 344 345 347 348 350 351 353 355 356 357 358 361 362 363 364 366 367 368 369 370 372 373 374 375 377 378 379 380 381 382 383 385 386 387 388 389 390 391 394 395
Print [key0:key1]: *** lower bound 90
*** upper bound 442
 90 91 92 95 96 98 100 103 105 106 107 108 109 110 111 112 113 115 117 119 120 121 123 124 125 126 128 129 130 131 132 133 135 137 138 140 141 144 145 151 152 153 154 155 156 157 158 159 160 162 163 164 165 166 167 168 169 170 172 173 174 175 176 177 178 179 181 182 183 185 186 188 189 190 191 193 194 196 199 200 201 203 204 205 206 207 208 209 210 211 212 213 214 216 217 218 219 220 221 222 223 224 225 226 227 229 232 233 234 235 236 238 240 242 243 245 246 247 248 251 253 255 257 258 259 261 262 263 264 265 266 267 268 270 271 272 273 275 276 277 278 279 280 281 282 283 285 286 287 288 289 290 291 292 293 294 295 296 298 299 301 302 303 304 307 308 309 310 311 312 313 314 315 316 317 318 320 321 322 323 326 327 328 329 330 331 332 333 334 335 336 337 338 339 341 342 343 344 345 347 348 350 351 353 355 356 357 358 361 362 363 364 366 367 368 369 370 372 373 374 375 377 378 379 380 381 382 383 385 386 387 388 389 390 391 394 395 396 398 399 402 403 404 405 406 407 408 409 410 411 412 413 414 415 417 418 420 421 422 423 424 425 428 429 430 431 432 433 434 436 437 438 439 440
Print [key0:key1]: Print [key0:key1]: *** lower bound 279
*** upper bound 318
 279 280 281 282 283 285 286 287 288 289 290 291 292 293 294 295 296 298 299 301 302 303 304 307 308 309 310 311 312 313 314 315 316 317
Print [key0:key1]: Print [key0:key1]: Print [key0:key1]: *** lower bound 11
*** upper bound 561
 11 12 13 14 15 18 19 21 22 23 24 25 26 27 28 29 31 32 33 34 35 36 37 38 39 40 41 43 44 46 47 49 50 52 53 57 58 59 62 63 64 65 68 69 70 72 73 74 75 76 77 80 81 82 83 86 87 90 91 92 95 96 98 100 103 105 106 107 108 109 110 111 112 113 115 117 119 120 121 123 124 125 126 128 129 130 131 132 133 135 137 138 140 141 144 145 151 152 153 154 155 156 157 158 159 160 162 163 164 165 166 167 168 169 170 172 173 174 175 176 177 178 179 181 182 183 185 186 188 189 190 191 193 194 196 199 200 201 203 204 205 206 207 208 209 210 211 212 213 214 216 217 218 219 220 221 222 223 224 225 226 227 229 232 233 234 235 236 238 240 242 243 245 246 247 248 251 253 255 257 258 259 261 262 263 264 265 266 267 268 270 271 272 273 275 276 277 278 279 280 281 282 283 285 286 287 288 289 290 291 292 293 294 295 296 298 299 301 302 303 304 307 308 309 310 311 312 313 314 315 316 317 318 320 321 322 323 326 327 328 329 330 331 332 333 334 335 336 337 338 339 341 342 343 344 345 347 348 350 351 353 355 356 357 358 361 362 363 364 366 367 368 369 370 372 373 374 375 377 378 379 380 381 382 383 385 386 387 388 389 390 391 394 395 396 398 399 402 403 404 405 406 407 408 409 410 411 412 413 414 415 417 418 420 421 422 423 424 425 428 429 430 431 432 433 434 436 437 438 439 440 442 443 444 445 446 448 449 450 451 452 453 454 455 457 458 459 460 461 462 464 465 466 467 468 469 472 473 474 475 479 480 481 484 485 488 489 490 491 494 495 496 497 499 500 502 503 504 505 506 507 508 509 510 511 512 514 515 518 520 521 522 523 524 525 526 527 528 529 530 531 532 534 535 539 540 541 543 544 545 546 548 549 550 551 552 553 554 555 556 557 558
Print [key0:key1]: Print [key0:key1]: Print [key0:key1]: *** lower bound 334
*** upper bound 557
 334 335 336 337 338 339 341 342 343 344 345 347 348 350 351 353 355 356 357 358 361 362 363 364 366 367 368 369 370 372 373 374 375 377 378 379 380 381 382 383 385 386 387 388 389 390 391 394 395 396 398 399 402 403 404 405 406 407 408 409 410 411 412 413 414 415 417 418 420 421 422 423 424 425 428 429 430 431 432 433 434 436 437 438 439 440 442 443 444 445 446 448 449 450 451 452 453 454 455 457 458 459 460 461 462 464 465 466 467 468 469 472 473 474 475 479 480 481 484 485 488 489 490 491 494 495 496 497 499 500 502 503 504 505 506 507 508 509 510 511 512 514 515 518 520 521 522 523 524 525 526 527 528 529 530 531 532 534 535 539 540 541 543 544 545 546 548 549 550 551 552 553 554 555 556
Print [key0:key1]: *** lower bound 199
*** upper bound 539
 199 200 201 203 204 205 206 207 208 209 210 211 212 213 214 216 217 218 219 220 221 222 223 224 225 226 227 229 232 233 234 235 236 238 240 242 243 245 246 247 248 251 253 255 257 258 259 261 262 263 264 265 266 267 268 270 271 272 273 275 276 277 278 279 280 281 282 283 285 286 287 288 289 290 291 292 293 294 295 296 298 299 301 302 303 304 307 308 309 310 311 312 313 314 315 316 317 318 320 321 322 323 326 327 328 329 330 331 332 333 334 335 336 337 338 339 341 342 343 344 345 347 348 350 351 353 355 356 357 358 361 362 363 364 366 367 368 369 370 372 373 374 375 377 378 379 380 381 382 383 385 386 387 388 389 390 391 394 395 396 398 399 402 403 404 405 406 407 408 409 410 411 412 413 414 415 417 418 420 421 422 423 424 425 428 429 430 431 432 433 434 436 437 438 439 440 442 443 444 445 446 448 449 450 451 452 453 454 455 457 458 459 460 461 462 464 465 466 467 468 469 472 473 474 475 479 480 481 484 485 488 489 490 491 494 495 496 497 499 500 502 503 504 505 506 507 508 509 510 511 512 514 515 518 520 521 522 523 524 525 526 527 528 529 530 531 532 534 535
Print [key0:key1]: *** lower bound 0
*** upper bound 174
 0 1 2 3 4 5 6 7 8 9 11 12 13 14 15 18 19 21 22 23 24 25 26 27 28 29 31 32 33 34 35 36 37 38 39 40 41 43 44 46 47 49 50 52 53 57 58 59 62 63 64 65 68 69 70 72 73 74 75 76 77 80 81 82 83 86 87 90 91 92 95 96 98 100 103 105 106 107 108 109 110 111 112 113 115 117 119 120 121 123 124 125 126 128 129 130 131 132 133 135 137 138 140 141 144 145 151 152 153 154 155 156 157 158 159 160 162 163 164 165 166 167 168 169 170 172 173
Print [key0:key1]: *** lower bound 123
*** upper bound 347
 123 124 125 126 128 129 130 131 132 133 135 137 138 140 141 144 145 151 152 153 154 155 156 157 158 159 160 162 163 164 165 166 167 168 169 170 172 173 174 175 176 177 178 179 181 182 183 185 186 188 189 190 191 193 194 196 199 200 201 203 204 205 206 207 208 209 210 211 212 213 214 216 217 218 219 220 221 222 223 224 225 226 227 229 232 233 234 235 236 238 240 242 243 245 246 247 248 251 253 255 257 258 259 261 262 263 264 265 266 267 268 270 271 272 273 275 276 277 278 279 280 281 282 283 285 286 287 288 289 290 291 292 293 294 295 296 298 299 301 302 303 304 307 308 309 310 311 312 313 314 315 316 317 318 320 321 322 323 326 327 328 329 330 331 332 333 334 335 336 337 338 339 341 342 343 344 345
Print [key0:key1]: *** lower bound 65
*** upper bound 168
 65 68 69 70 72 73 74 75 76 77 80 81 82 83 86 87 90 91 92 95 96 98 100 103 105 106 107 108 109 110 111 112 113 115 117 119 120 121 123 124 125 126 128 129 130 131 132 133 135 137 138 140 141 144 145 151 152 153 154 155 156 157 158 159 160 162 163 164 165 166 167
Print [key0:key1]: Print [key0:key1]: *** lower bound 257
*** upper bound 402
 257 258 259 261 262 263 264 265 266 267 268 270 271 272 273 275 276 277 278 279 280 281 282 283 285 286 287 288 289 290 291 292 293 294 295 296 298 299 301 302 303 304 307 308 309 310 311 312 313 314 315 316 317 318 320 321 322 323 326 327 328 329 330 331 332 333 334 335 336 337 338 339 341 342 343 344 345 347 348 350 351 353 355 356 357 358 361 362 363 364 366 367 368 369 370 372 373 374 375 377 378 379 380 381 382 383 385 386 387 388 389 390 391 394 395 396 398 399
Print [key0:key1]: *** lower bound 173
*** upper bound 232
 173 174 175 176 177 178 179 181 182 183 185 186 188 189 190 191 193 194 196 199 200 201 203 204 205 206 207 208 209 210 211 212 213 214 216 217 218 219 220 221 222 223 224 225 226 227 229
Print [key0:key1]: Print [key0:key1]: *** lower bound 37
*** upper bound 203
 37 38 39 40 41 43 44 46 47 49 50 52 53 57 58 59 62 63 64 65 68 69 70 72 73 74 75 76 77 80 81 82 83 86 87 90 91 92 95 96 98 100 103 105 106 107 108 109 110 111 112 113 115 117 119 120 121 123 124 125 126 128 129 130 131 132 133 135 137 138 140 141 144 145 151 152 153 154 155 156 157 158 159 160 162 163 164 165 166 167 168 169 170 172 173 174 175 176 177 178 179 181 182 183 185 186 188 189 190 191 193 194 196 199 200 201
Print [key0:key1]: *** lower bound 140
*** upper bound 568
 140 141 144 145 151 152 153 154 155 156 157 158 159 160 162 163 164 165 166 167 168 169 170 172 173 174 175 176 177 178 179 181 182 183 185 186 188 189 190 191 193 194 196 199 200 201 203 204 205 206 207 208 209 210 211 212 213 214 216 217 218 219 220 221 222 223 224 225 226 227 229 232 233 234 235 236 238 240 242 243 245 246 247 248 251 253 255 257 258 259 261 262 263 264 265 266 267 268 270 271 272 273 275 276 277 278 279 280 281 282 283 285 286 287 288 289 290 291 292 293 294 295 296 298 299 301 302 303 304 307 308 309 310 311 312 313 314 315 316 317 318 320 321 322 323 326 327 328 329 330 331 332 333 334 335 336 337 338 339 341 342 343 344 345 347 348 350 351 353 355 356 357 358 361 362 363 364 366 367 368 369 370 372 373 374 375 377 378 379 380 381 382 383 385 386 387 388 389 390 391 394 395 396 398 399 402 403 404 405 406 407 408 409 410 411 412 413 414 415 417 418 420 421 422 423 424 425 428 429 430 431 432 433 434 436 437 438 439 440 442 443 444 445 446 448 449 450 451 452 453 454 455 457 458 459 460 461 462 464 465 466 467 468 469 472 473 474 475 479 480 481 484 485 488 489 490 491 494 495 496 497 499 500 502 503 504 505 506 507 508 509 510 511 512 514 515 518 520 521 522 523 524 525 526 527 528 529 530 531 532 534 535 539 540 541 543 544 545 546 548 549 550 551 552 553 554 555 556 557 558 561 562 563 566 567
Print [key0:key1]: *** lower bound 0
*** upper bound 75
 0 1 2 3 4 5 6 7 8 9 11 12 13 14 15 18 19 21 22 23 24 25 26 27 28 29 31 32 33 34 35 36 37 38 39 40 41 43 44 46 47 49 50 52 53 57 58 59 62 63 64 65 68 69 70 72 73 74
Print [key0:key1]: *** lower bound 270
*** upper bound 451
 270 271 272 273 275 276 277 278 279 280 281 282 283 285 286 287 288 289 290 291 292 293 294 295 296 298 299 301 302 303 304 307 308 309 310 311 312 313 314 315 316 317 318 320 321 322 323 326 327 328 329 330 331 332 333 334 335 336 337 338 339 341 342 343 344 345 347 348 350 351 353 355 356 357 358 361 362 363 364 366 367 368 369 370 372 373 374 375 377 378 379 380 381 382 383 385 386 387 388 389 390 391 394 395 396 398 399 402 403 404 405 406 407 408 409 410 411 412 413 414 415 417 418 420 421 422 423 424 425 428 429 430 431 432 433 434 436 437 438 439 440 442 443 444 445 446 448 449 450
Print [key0:key1]: Print [key0:key1]: *** lower bound 95
*** upper bound 338
 95 96 98 100 103 105 106 107 108 109 110 111 112 113 115 117 119 120 121 123 124 125 126 128 129 130 131 132 133 135 137 138 140 141 144 145 151 152 153 154 155 156 157 158 159 160 162 163 164 165 166 167 168 169 170 172 173 174 175 176 177 178 179 181 182 183 185 186 188 189 190 191 193 194 196 199 200 201 203 204 205 206 207 208 209 210 211 212 213 214 216 217 218 219 220 221 222 223 224 225 226 227 229 232 233 234 235 236 238 240 242 243 245 246 247 248 251 253 255 257 258 259 261 262 263 264 265 266 267 268 270 271 272 273 275 276 277 278 279 280 281 282 283 285 286 287 288 289 290 291 292 293 294 295 296 298 299 301 302 303 304 307 308 309 310 311 312 313 314 315 316 317 318 320 321 322 323 326 327 328 329 330 331 332 333 334 335 336 337
Print [key0:key1]: Print [key0:key1]: Print [key0:key1]: Print [key0:key1]: Print [key0:key1]: *** lower bound 59
*** upper bound 523
 59 62 63 64 65 68 69 70 72 73 74 75 76 77 80 81 82 83 86 87 90 91 92 95 96 98 100 103 105 106 107 108 109 110 111 112 113 115 117 119 120 121 123 124 125 126 128 129 130 131 132 133 135 137 138 140 141 144 145 151 152 153 154 155 156 157 158 159 160 162 163 164 165 166 167 168 169 170 172 173 174 175 176 177 178 179 181 182 183 185 186 188 189 190 191 193 194 196 199 200 201 203 204 205 206 207 208 209 210 211 212 213 214 216 217 218 219 220 221 222 223 224 225 226 227 229 232 233 234 235 236 238 240 242 243 245 246 247 248 251 253 255 257 258 259 261 262 263 264 265 266 267 268 270 271 272 273 275 276 277 278 279 280 281 282 283 285 286 287 288 289 290 291 292 293 294 295 296 298 299 301 302 303 304 307 308 309 310 311 312 313 314 315 316 317 318 320 321 322 323 326 327 328 329 330 331 332 333 334 335 336 337 338 339 341 342 343 344 345 347 348 350 351 353 355 356 357 358 361 362 363 364 366 367 368 369 370 372 373 374 375 377 378 379 380 381 382 383 385 386 387 388 389 390 391 394 395 396 398 399 402 403 404 405 406 407 408 409 410 411 412 413 414 415 417 418 420 421 422 423 424 425 428 429 430 431 432 433 434 436 437 438 439 440 442 443 444 445 446 448 449 450 451 452 453 454 455 457 458 459 460 461 462 464 465 466 467 468 469 472 473 474 475 479 480 481 484 485 488 489 490 491 494 495 496 497 499 500 502 503 504 505 506 507 508 509 510 511 512 514 515 518 520 521 522
Print [key0:key1]: *** lower bound 341
*** upper bound 488
 341 342 343 344 345 347 348 350 351 353 355 356 357 358 361 362 363 364 366 367 368 369 370 372 373 374 375 377 378 379 380 381 382 383 385 386 387 388 389 390 391 394 395 396 398 399 402 403 404 405 406 407 408 409 410 411 412 413 414 415 417 418 420 421 422 423 424 425 428 429 430 431 432 433 434 436 437 438 439 440 442 443 444 445 446 448 449 450 451 452 453 454 455 457 458 459 460 461 462 464 465 466 467 468 469 472 473 474 475 479 480 481 484 485
Print [key0:key1]: *** lower bound 112
*** upper bound 473
 112 113 115 117 119 120 121 123 124 125 126 128 129 130 131 132 133 135 137 138 140 141 144 145 151 152 153 154 155 156 157 158 159 160 162 163 164 165 166 167 168 169 170 172 173 174 175 176 177 178 179 181 182 183 185 186 188 189 190 191 193 194 196 199 200 201 203 204 205 206 207 208 209 210 211 212 213 214 216 217 218 219 220 221 222 223 224 225 226 227 229 232 233 234 235 236 238 240 242 243 245 246 247 248 251 253 255 257 258 259 261 262 263 264 265 266 267 268 270 271 272 273 275 276 277 278 279 280 281 282 283 285 286 287 288 289 290 291 292 293 294 295 296 298 299 301 302 303 304 307 308 309 310 311 312 313 314 315 316 317 318 320 321 322 323 326 327 328 329 330 331 332 333 334 335 336 337 338 339 341 342 343 344 345 347 348 350 351 353 355 356 357 358 361 362 363 364 366 367 368 369 370 372 373 374 375 377 378 379 380 381 382 383 385 386 387 388 389 390 391 394 395 396 398 399 402 403 404 405 406 407 408 409 410 411 412 413 414 415 417 418 420 421 422 423 424 425 428 429 430 431 432 433 434 436 437 438 439 440 442 443 444 445 446 448 449 450 451 452 453 454 455 457 458 459 460 461 462 464 465 466 467 468 469 472
Print [key0:key1]: Print [key0:key1]: Print [key0:key1]: *** lower bound 119
*** upper bound 500
 119 120 121 123 124 125 126 128 129 130 131 132 133 135 137 138 140 141 144 145 151 152 153 154 155 156 157 158 159 160 162 163 164 165 166 167 168 169 170 172 173 174 175 176 177 178 179 181 182 183 185 186 188 189 190 191 193 194 196 199 200 201 203 204 205 206 207 208 209 210 211 212 213 214 216 217 218 219 220 221 222 223 224 225 226 227 229 232 233 234 235 236 238 240 242 243 245 246 247 248 251 253 255 257 258 259 261 262 263 264 265 266 267 268 270 271 272 273 275 276 277 278 279 280 281 282 283 285 286 287 288 289 290 291 292 293 294 295 296 298 299 301 302 303 304 307 308 309 310 311 312 313 314 315 316 317 318 320 321 322 323 326 327 328 329 330 331 332 333 334 335 336 337 338 339 341 342 343 344 345 347 348 350 351 353 355 356 357 358 361 362 363 364 366 367 368 369 370 372 373 374 375 377 378 379 380 381 382 383 385 386 387 388 389 390 391 394 395 396 398 399 402 403 404 405 406 407 408 409 410 411 412 413 414 415 417 418 420 421 422 423 424 425 428 429 430 431 432 433 434 436 437 438 439 440 442 443 444 445 446 448 449 450 451 452 453 454 455 457 458 459 460 461 462 464 465 466 467 468 469 472 473 474 475 479 480 481 484 485 488 489 490 491 494 495 496 497 499
Print [key0:key1]: Print [key0:key1]: *** lower bound 337
*** upper bound 414
 337 338 339 341 342 343 344 345 347 348 350 351 353 355 356 357 358 361 362 363 364 366 367 368 369 370 372 373 374 375 377 378 379 380 381 382 383 385 386 387 388 389 390 391 394 395 396 398 399 402 403 404 405 406 407 408 409 410 411 412 413
Print [key0:key1]: *** lower bound 29
*** upper bound 459
 29 31 32 33 34 35 36 37 38 39 40 41 43 44 46 47 49 50 52 53 57 58 59 62 63 64 65 68 69 70 72 73 74 75 76 77 80 81 82 83 86 87 90 91 92 95 96 98 100 103 105 106 107 108 109 110 111 112 113 115 117 119 120 121 123 124 125 126 128 129 130 131 132 133 135 137 138 140 141 144 145 151 152 153 154 155 156 157 158 159 160 162 163 164 165 166 167 168 169 170 172 173 174 175 176 177 178 179 181 182 183 185 186 188 189 190 191 193 194 196 199 200 201 203 204 205 206 207 208 209 210 211 212 213 214 216 217 218 219 220 221 222 223 224 225 226 227 229 232 233 234 235 236 238 240 242 243 245 246 247 248 251 253 255 257 258 259 261 262 263 264 265 266 267 268 270 271 272 273 275 276 277 278 279 280 281 282 283 285 286 287 288 289 290 291 292 293 294 295 296 298 299 301 302 303 304 307 308 309 310 311 312 313 314 315 316 317 318 320 321 322 323 326 327 328 329 330 331 332 333 334 335 336 337 338 339 341 342 343 344 345 347 348 350 351 353 355 356 357 358 361 362 363 364 366 367 368 369 370 372 373 374 375 377 378 379 380 381 382 383 385 386 387 388 389 390 391 394 395 396 398 399 402 403 404 405 406 407 408 409 410 411 412 413 414 415 417 418 420 421 422 423 424 425 428 429 430 431 432 433 434 436 437 438 439 440 442 443 444 445 446 448 449 450 451 452 453 454 455 457 458
Print [key0:key1]: *** lower bound 314
*** upper bound 494
 314 315 316 317 318 320 321 322 323 326 327 328 329 330 331 332 333 334 335 336 337 338 339 341 342 343 344 345 347 348 350 351 353 355 356 357 358 361 362 363 364 366 367 368 369 370 372 373 374 375 377 378 379 380 381 382 383 385 386 387 388 389 390 391 394 395 396 398 399 402 403 404 405 406 407 408 409 410 411 412 413 414 415 417 418 420 421 422 423 424 425 428 429 430 431 432 433 434 436 437 438 439 440 442 443 444 445 446 448 449 450 451 452 453 454 455 457 458 459 460 461 462 464 465 466 467 468 469 472 473 474 475 479 480 481 484 485 488 489 490 491
Print [key0:key1]: *** lower bound 76
*** upper bound 172
 76 77 80 81 82 83 86 87 90 91 92 95 96 98 100 103 105 106 107 108 109 110 111 112 113 115 117 119 120 121 123 124 125 126 128 129 130 131 132 133 135 137 138 140 141 144 145 151 152 153 154 155 156 157 158 159 160 162 163 164 165 166 167 168 169 170
Print [key0:key1]: Print [key0:key1]: Print [key0:key1]: *** lower bound 46
*** upper bound 90
 46 47 49 50 52 53 57 58 59 62 63 64 65 68 69 70 72 73 74 75 76 77 80 81 82 83 86 87
Print [key0:key1]: *** lower bound 379
*** upper bound 437
 379 380 381 382 383 385 386 387 388 389 390 391 394 395 396 398 399 402 403 404 405 406 407 408 409 410 411 412 413 414 415 417 418 420 421 422 423 424 425 428 429 430 431 432 433 434 436
Print [key0:key1]: Print [key0:key1]: Print [key0:key1]: Print [key0:key1]: Print [key0:key1]: Print [key0:key1]: Print [key0:key1]: Print [key0:key1]: *** lower bound 76
*** upper bound 156
 76 77 80 81 82 83 86 87 90 91 92 95 96 98 100 103 105 106 107 108 109 110 111 112 113 115 117 119 120 121 123 124 125 126 128 129 130 131 132 133 135 137 138 140 141 144 145 151 152 153 154 155
Print [key0:key1]: *** lower bound 57
*** upper bound 115
 57 58 59 62 63 64 65 68 69 70 72 73 74 75 76 77 80 81 82 83 86 87 90 91 92 95 96 98 100 103 105 106 107 108 109 110 111 112 113
Print [key0:key1]: *** lower bound 343
*** upper bound 503
 343 344 345 347 348 350 351 353 355 356 357 358 361 362 363 364 366 367 368 369 370 372 373 374 375 377 378 379 380 381 382 383 385 386 387 388 389 390 391 394 395 396 398 399 402 403 404 405 406 407 408 409 410 411 412 413 414 415 417 418 420 421 422 423 424 425 428 429 430 431 432 433 434 436 437 438 439 440 442 443 444 445 446 448 449 450 451 452 453 454 455 457 458 459 460 461 462 464 465 466 467 468 469 472 473 474 475 479 480 481 484 485 488 489 490 491 494 495 496 497 499 500 502
Print [key0:key1]: *** lower bound 247
*** upper bound 320
 247 248 251 253 255 257 258 259 261 262 263 264 265 266 267 268 270 271 272 273 275 276 277 278 279 280 281 282 283 285 286 287 288 289 290 291 292 293 294 295 296 298 299 301 302 303 304 307 308 309 310 311 312 313 314 315 316 317 318
Print [key0:key1]: *** lower bound 59
*** upper bound 316
 59 62 63 64 65 68 69 70 72 73 74 75 76 77 80 81 82 83 86 87 90 91 92 95 96 98 100 103 105 106 107 108 109 110 111 112 113 115 117 119 120 121 123 124 125 126 128 129 130 131 132 133 135 137 138 140 141 144 145 151 152 153 154 155 156 157 158 159 160 162 163 164 165 166 167 168 169 170 172 173 174 175 176 177 178 179 181 182 183 185 186 188 189 190 191 193 194 196 199 200 201 203 204 205 206 207 208 209 210 211 212 213 214 216 217 218 219 220 221 222 223 224 225 226 227 229 232 233 234 235 236 238 240 242 243 245 246 247 248 251 253 255 257 258 259 261 262 263 264 265 266 267 268 270 271 272 273 275 276 277 278 279 280 281 282 283 285 286 287 288 289 290 291 292 293 294 295 296 298 299 301 302 303 304 307 308 309 310 311 312 313 314 315
Print [key0:key1]: Print [key0:key1]: Print [key0:key1]: Print [key0:key1]: *** lower bound 58
*** upper bound 183
 58 59 62 63 64 65 68 69 70 72 73 74 75 76 77 80 81 82 83 86 87 90 91 92 95 96 98 100 103 105 106 107 108 109 110 111 112 113 115 117 119 120 121 123 124 125 126 128 129 130 131 132 133 135 137 138 140 141 144 145 151 152 153 154 155 156 157 158 159 160 162 163 164 165 166 167 168 169 170 172 173 174 175 176 177 178 179 181 182
Print [key0:key1]: *** lower bound 0
*** upper bound 495
 0 1 2 3 4 5 6 7 8 9 11 12 13 14 15 18 19 21 22 23 24 25 26 27 28 29 31 32 33 34 35 36 37 38 39 40 41 43 44 46 47 49 50 52 53 57 58 59 62 63 64 65 68 69 70 72 73 74 75 76 77 80 81 82 83 86 87 90 91 92 95 96 98 100 103 105 106 107 108 109 110 111 112 113 115 117 119 120 121 123 124 125 126 128 129 130 131 132 133 135 137 138 140 141 144 145 151 152 153 154 155 156 157 158 159 160 162 163 164 165 166 167 168 169 170 172 173 174 175 176 177 178 179 181 182 183 185 186 188 189 190 191 193 194 196 199 200 201 203 204 205 206 207 208 209 210 211 212 213 214 216 217 218 219 220 221 222 223 224 225 226 227 229 232 233 234 235 236 238 240 242 243 245 246 247 248 251 253 255 257 258 259 261 262 263 264 265 266 267 268 270 271 272 273 275 276 277 278 279 280 281 282 283 285 286 287 288 289 290 291 292 293 294 295 296 298 299 301 302 303 304 307 308 309 310 311 312 313 314 315 316 317 318 320 321 322 323 326 327 328 329 330 331 332 333 334 335 336 337 338 339 341 342 343 344 345 347 348 350 351 353 355 356 357 358 361 362 363 364 366 367 368 369 370 372 373 374 375 377 378 379 380 381 382 383 385 386 387 388 389 390 391 394 395 396 398 399 402 403 404 405 406 407 408 409 410 411 412 413 414 415 417 418 420 421 422 423 424 425 428 429 430 431 432 433 434 436 437 438 439 440 442 443 444 445 446 448 449 450 451 452 453 454 455 457 458 459 460 461 462 464 465 466 467 468 469 472 473 474 475 479 480 481 484 485 488 489 490 491 494
Print [key0:key1]: Print [key0:key1]: Print [key0:key1]: *** lower bound 326
*** upper bound 561
 326 327 328 329 330 331 332 333 334 335 336 337 338 339 341 342 343 344 345 347 348 350 351 353 355 356 357 358 361 362 363 364 366 367 368 369 370 372 373 374 375 377 378 379 380 381 382 383 385 386 387 388 389 390 391 394 395 396 398 399 402 403 404 405 406 407 408 409 410 411 412 413 414 415 417 418 420 421 422 423 424 425 428 429 430 431 432 433 434 436 437 438 439 440 442 443 444 445 446 448 449 450 451 452 453 454 455 457 458 459 460 461 462 464 465 466 467 468 469 472 473 474 475 479 480 481 484 485 488 489 490 491 494 495 496 497 499 500 502 503 504 505 506 507 508 509 510 511 512 514 515 518 520 521 522 523 524 525 526 527 528 529 530 531 532 534 535 539 540 541 543 544 545 546 548 549 550 551 552 553 554 555 556 557 558
Print [key0:key1]: *** lower bound 389
*** upper bound 473
 389 390 391 394 395 396 398 399 402 403 404 405 406 407 408 409 410 411 412 413 414 415 417 418 420 421 422 423 424 425 428 429 430 431 432 433 434 436 437 438 439 440 442 443 444 445 446 448 449 450 451 452 453 454 455 457 458 459 460 461 462 464 465 466 467 468 469 472
Print [key0:key1]: *** lower bound 41
*** upper bound 446
 41 43 44 46 47 49 50 52 53 57 58 59 62 63 64 65 68 69 70 72 73 74 75 76 77 80 81 82 83 86 87 90 91 92 95 96 98 100 103 105 106 107 108 109 110 111 112 113 115 117 119 120 121 123 124 125 126 128 129 130 131 132 133 135 137 138 140 141 144 145 151 152 153 154 155 156 157 158 159 160 162 163 164 165 166 167 168 169 170 172 173 174 175 176 177 178 179 181 182 183 185 186 188 189 190 191 193 194 196 199 200 201 203 204 205 206 207 208 209 210 211 212 213 214 216 217 218 219 220 221 222 223 224 225 226 227 229 232 233 234 235 236 238 240 242 243 245 246 247 248 251 253 255 257 258 259 261 262 263 264 265 266 267 268 270 271 272 273 275 276 277 278 279 280 281 282 283 285 286 287 288 289 290 291 292 293 294 295 296 298 299 301 302 303 304 307 308 309 310 311 312 313 314 315 316 317 318 320 321 322 323 326 327 328 329 330 331 332 333 334 335 336 337 338 339 341 342 343 344 345 347 348 350 351 353 355 356 357 358 361 362 363 364 366 367 368 369 370 372 373 374 375 377 378 379 380 381 382 383 385 386 387 388 389 390 391 394 395 396 398 399 402 403 404 405 406 407 408 409 410 411 412 413 414 415 417 418 420 421 422 423 424 425 428 429 430 431 432 433 434 436 437 438 439 440 442 443 444 445
Print [key0:key1]: Print [key0:key1]: *** lower bound 204
*** upper bound 552
 204 205 206 207 208 209 210 211 212 213 214 216 217 218 219 220 221 222 223 224 225 226 227 229 232 233 234 235 236 238 240 242 243 245 246 247 248 251 253 255 257 258 259 261 262 263 264 265 266 267 268 270 271 272 273 275 276 277 278 279 280 281 282 283 285 286 287 288 289 290 291 292 293 294 295 296 298 299 301 302 303 304 307 308 309 310 311 312 313 314 315 316 317 318 320 321 322 323 326 327 328 329 330 331 332 333 334 335 336 337 338 339 341 342 343 344 345 347 348 350 351 353 355 356 357 358 361 362 363 364 366 367 368 369 370 372 373 374 375 377 378 379 380 381 382 383 385 386 387 388 389 390 391 394 395 396 398 399 402 403 404 405 406 407 408 409 410 411 412 413 414 415 417 418 420 421 422 423 424 425 428 429 430 431 432 433 434 436 437 438 439 440 442 443 444 445 446 448 449 450 451 452 453 454 455 457 458 459 460 461 462 464 465 466 467 468 469 472 473 474 475 479 480 481 484 485 488 489 490 491 494 495 496 497 499 500 502 503 504 505 506 507 508 509 510 511 512 514 515 518 520 521 522 523 524 525 526 527 528 529 530 531 532 534 535 539 540 541 543 544 545 546 548 549 550 551
Print [key0:key1]: *** lower bound 128
*** upper bound 296
 128 129 130 131 132 133 135 137 138 140 141 144 145 151 152 153 154 155 156 157 158 159 160 162 163 164 165 166 167 168 169 170 172 173 174 175 176 177 178 179 181 182 183 185 186 188 189 190 191 193 194 196 199 200 201 203 204 205 206 207 208 209 210 211 212 213 214 216 217 218 219 220 221 222 223 224 225 226 227 229 232 233 234 235 236 238 240 242 243 245 246 247 248 251 253 255 257 258 259 261 262 263 264 265 266 267 268 270 271 272 273 275 276 277 278 279 280 281 282 283 285 286 287 288 289 290 291 292 293 294 295
Print [key0:key1]: *** lower bound 335
*** upper bound 370
 335 336 337 338 339 341 342 343 344 345 347 348 350 351 353 355 356 357 358 361 362 363 364 366 367 368 369
Print [key0:key1]: Print [key0:key1]: Print [key0:key1]: Print [key0:key1]: Print [key0:key1]: Print [key0:key1]: *** lower bound 106
*** upper bound 495
 106 107 108 109 110 111 112 113 115 117 119 120 121 123 124 125 126 128 129 130 131 132 133 135 137 138 140 141 144 145 151 152 153 154 155 156 157 158 159 160 162 163 164 165 166 167 168 169 170 172 173 174 175 176 177 178 179 181 182 183 185 186 188 189 190 191 193 194 196 199 200 201 203 204 205 206 207 208 209 210 211 212 213 214 216 217 218 219 220 221 222 223 224 225 226 227 229 232 233 234 235 236 238 240 242 243 245 246 247 248 251 253 255 257 258 259 261 262 263 264 265 266 267 268 270 271 272 273 275 276 277 278 279 280 281 282 283 285 286 287 288 289 290 291 292 293 294 295 296 298 299 301 302 303 304 307 308 309 310 311 312 313 314 315 316 317 318 320 321 322 323 326 327 328 329 330 331 332 333 334 335 336 337 338 339 341 342 343 344 345 347 348 350 351 353 355 356 357 358 361 362 363 364 366 367 368 369 370 372 373 374 375 377 378 379 380 381 382 383 385 386 387 388 389 390 391 394 395 396 398 399 402 403 404 405 406 407 408 409 410 411 412 413 414 415 417 418 420 421 422 423 424 425 428 429 430 431 432 433 434 436 437 438 439 440 442 443 444 445 446 448 449 450 451 452 453 454 455 457 458 459 460 461 462 464 465 466 467 468 469 472 473 474 475 479 480 481 484 485 488 489 490 491 494
Print [key0:key1]: Print [key0:key1]: *** lower bound 181
*** upper bound 361
 181 182 183 185 186 188 189 190 191 193 194 196 199 200 201 203 204 205 206 207 208 209 210 211 212 213 214 216 217 218 219 220 221 222 223 224 225 226 227 229 232 233 234 235 236 238 240 242 243 245 246 247 248 251 253 255 257 258 259 261 262 263 264 265 266 267 268 270 271 272 273 275 276 277 278 279 280 281 282 283 285 286 287 288 289 290 291 292 293 294 295 296 298 299 301 302 303 304 307 308 309 310 311 312 313 314 315 316 317 318 320 321 322 323 326 327 328 329 330 331 332 333 334 335 336 337 338 339 341 342 343 344 345 347 348 350 351 353 355 356 357 358
Print [key0:key1]: Print [key0:key1]: Print [key0:key1]: Print [key0:key1]: *** lower bound 283
*** upper bound 385
 283 285 286 287 288 289 290 291 292 293 294 295 296 298 299 301 302 303 304 307 308 309 310 311 312 313 314 315 316 317 318 320 321 322 323 326 327 328 329 330 331 332 333 334 335 336 337 338 339 341 342 343 344 345 347 348 350 351 353 355 356 357 358 361 362 363 364 366 367 368 369 370 372 373 374 375 377 378 379 380 381 382 383
Print [key0:key1]: Print [key0:key1]: *** lower bound 80
*** upper bound 225
 80 81 82 83 86 87 90 91 92 95 96 98 100 103 105 106 107 108 109 110 111 112 113 115 117 119 120 121 123 124 125 126 128 129 130 131 132 133 135 137 138 140 141 144 145 151 152 153 154 155 156 157 158 159 160 162 163 164 165 166 167 168 169 170 172 173 174 175 176 177 178 179 181 182 183 185 186 188 189 190 191 193 194 196 199 200 201 203 204 205 206 207 208 209 210 211 212 213 214 216 217 218 219 220 221 222 223 224
Print [key0:key1]: Print [key0:key1]: Print [key0:key1]: Print [key0:key1]: Print [key0:key1]: *** lower bound 115
*** upper bound 163
 115 117 119 120 121 123 124 125 126 128 129 130 131 132 133 135 137 138 140 141 144 145 151 152 153 154 155 156 157 158 159 160 162
Print [key0:key1]: Print [key0:key1]: Print [key0:key1]: *** lower bound 240
*** upper bound 299
 240 242 243 245 246 247 248 251 253 255 257 258 259 261 262 263 264 265 266 267 268 270 271 272 273 275 276 277 278 279 280 281 282 283 285 286 287 288 289 290 291 292 293 294 295 296 298
Print [key0:key1]: Print [key0:key1]: Print [key0:key1]: *** lower bound 386
*** upper bound 494
 386 387 388 389 390 391 394 395 396 398 399 402 403 404 405 406 407 408 409 410 411 412 413 414 415 417 418 420 421 422 423 424 425 428 429 430 431 432 433 434 436 437 438 439 440 442 443 444 445 446 448 449 450 451 452 453 454 455 457 458 459 460 461 462 464 465 466 467 468 469 472 473 474 475 479 480 481 484 485 488 489 490 491
Print [key0:key1]: Print [key0:key1]: Print [key0:key1]: *** lower bound 0
*** upper bound 217
 0 1 2 3 4 5 6 7 8 9 11 12 13 14 15 18 19 21 22 23 24 25 26 27 28 29 31 32 33 34 35 36 37 38 39 40 41 43 44 46 47 49 50 52 53 57 58 59 62 63 64 65 68 69 70 72 73 74 75 76 77 80 81 82 83 86 87 90 91 92 95 96 98 100 103 105 106 107 108 109 110 111 112 113 115 117 119 120 121 123 124 125 126 128 129 130 131 132 133 135 137 138 140 141 144 145 151 152 153 154 155 156 157 158 159 160 162 163 164 165 166 167 168 169 170 172 173 174 175 176 177 178 179 181 182 183 185 186 188 189 190 191 193 194 196 199 200 201 203 204 205 206 207 208 209 210 211 212 213 214 216
Print [key0:key1]: Print [key0:key1]: Print [key0:key1]: Print [key0:key1]: Print [key0:key1]: *** lower bound 286
*** upper bound 505
 286 287 288 289 290 291 292 293 294 295 296 298 299 301 302 303 304 307 308 309 310 311 312 313 314 315 316 317 318 320 321 322 323 326 327 328 329 330 331 332 333 334 335 336 337 338 339 341 342 343 344 345 347 348 350 351 353 355 356 357 358 361 362 363 364 366 367 368 369 370 372 373 374 375 377 378 379 380 381 382 383 385 386 387 388 389 390 391 394 395 396 398 399 402 403 404 405 406 407 408 409 410 411 412 413 414 415 417 418 420 421 422 423 424 425 428 429 430 431 432 433 434 436 437 438 439 440 442 443 444 445 446 448 449 450 451 452 453 454 455 457 458 459 460 461 462 464 465 466 467 468 469 472 473 474 475 479 480 481 484 485 488 489 490 491 494 495 496 497 499 500 502 503 504
Print [key0:key1]: Print [key0:key1]: *** lower bound 43
*** upper bound 95
 43 44 46 47 49 50 52 53 57 58 59 62 63 64 65 68 69 70 72 73 74 75 76 77 80 81 82 83 86 87 90 91 92
Print [key0:key1]: Print [key0:key1]: Print [key0:key1]: *** lower bound 165
*** upper bound 214
 165 166 167 168 169 170 172 173 174 175 176 177 178 179 181 182 183 185 186 188 189 190 191 193 194 196 199 200 201 203 204 205 206 207 208 209 210 211 212 213
Print [key0:key1]: *** lower bound 120
*** upper bound 530
 120 121 123 124 125 126 128 129 130 131 132 133 135 137 138 140 141 144 145 151 152 153 154 155 156 157 158 159 160 162 163 164 165 166 167 168 169 170 172 173 174 175 176 177 178 179 181 182 183 185 186 188 189 190 191 193 194 196 199 200 201 203 204 205 206 207 208 209 210 211 212 213 214 216 217 218 219 220 221 222 223 224 225 226 227 229 232 233 234 235 236 238 240 242 243 245 246 247 248 251 253 255 257 258 259 261 262 263 264 265 266 267 268 270 271 272 273 275 276 277 278 279 280 281 282 283 285 286 287 288 289 290 291 292 293 294 295 296 298 299 301 302 303 304 307 308 309 310 311 312 313 314 315 316 317 318 320 321 322 323 326 327 328 329 330 331 332 333 334 335 336 337 338 339 341 342 343 344 345 347 348 350 351 353 355 356 357 358 361 362 363 364 366 367 368 369 370 372 373 374 375 377 378 379 380 381 382 383 385 386 387 388 389 390 391 394 395 396 398 399 402 403 404 405 406 407 408 409 410 411 412 413 414 415 417 418 420 421 422 423 424 425 428 429 430 431 432 433 434 436 437 438 439 440 442 443 444 445 446 448 449 450 451 452 453 454 455 457 458 459 460 461 462 464 465 466 467 468 469 472 473 474 475 479 480 481 484 485 488 489 490 491 494 495 496 497 499 500 502 503 504 505 506 507 508 509 510 511 512 514 515 518 520 521 522 523 524 525 526 527 528 529
Print [key0:key1]: Print [key0:key1]: Print [key0:key1]: *** lower bound 105
*** upper bound 278
 105 106 107 108 109 110 111 112 113 115 117 119 120 121 123 124 125 126 128 129 130 131 132 133 135 137 138 140 141 144 145 151 152 153 154 155 156 157 158 159 160 162 163 164 165 166 167 168 169 170 172 173 174 175 176 177 178 179 181 182 183 185 186 188 189 190 191 193 194 196 199 200 201 203 204 205 206 207 208 209 210 211 212 213 214 216 217 218 219 220 221 222 223 224 225 226 227 229 232 233 234 235 236 238 240 242 243 245 246 247 248 251 253 255 257 258 259 261 262 263 264 265 266 267 268 270 271 272 273 275 276 277
Print [key0:key1]: Print [key0:key1]: *** lower bound 115
*** upper bound 342
 115 117 119 120 121 123 124 125 126 128 129 130 131 132 133 135 137 138 140 141 144 145 151 152 153 154 155 156 157 158 159 160 162 163 164 165 166 167 168 169 170 172 173 174 175 176 177 178 179 181 182 183 185 186 188 189 190 191 193 194 196 199 200 201 203 204 205 206 207 208 209 210 211 212 213 214 216 217 218 219 220 221 222 223 224 225 226 227 229 232 233 234 235 236 238 240 242 243 245 246 247 248 251 253 255 257 258 259 261 262 263 264 265 266 267 268 270 271 272 273 275 276 277 278 279 280 281 282 283 285 286 287 288 289 290 291 292 293 294 295 296 298 299 301 302 303 304 307 308 309 310 311 312 313 314 315 316 317 318 320 321 322 323 326 327 328 329 330 331 332 333 334 335 336 337 338 339 341
Print [key0:key1]: *** lower bound 204
*** upper bound 544
 204 205 206 207 208 209 210 211 212 213 214 216 217 218 219 220 221 222 223 224 225 226 227 229 232 233 234 235 236 238 240 242 243 245 246 247 248 251 253 255 257 258 259 261 262 263 264 265 266 267 268 270 271 272 273 275 276 277 278 279 280 281 282 283 285 286 287 288 289 290 291 292 293 294 295 296 298 299 301 302 303 304 307 308 309 310 311 312 313 314 315 316 317 318 320 321 322 323 326 327 328 329 330 331 332 333 334 335 336 337 338 339 341 342 343 344 345 347 348 350 351 353 355 356 357 358 361 362 363 364 366 367 368 369 370 372 373 374 375 377 378 379 380 381 382 383 385 386 387 388 389 390 391 394 395 396 398 399 402 403 404 405 406 407 408 409 410 411 412 413 414 415 417 418 420 421 422 423 424 425 428 429 430 431 432 433 434 436 437 438 439 440 442 443 444 445 446 448 449 450 451 452 453 454 455 457 458 459 460 461 462 464 465 466 467 468 469 472 473 474 475 479 480 481 484 485 488 489 490 491 494 495 496 497 499 500 502 503 504 505 506 507 508 509 510 511 512 514 515 518 520 521 522 523 524 525 526 527 528 529 530 531 532 534 535 539 540 541 543
Print [key0:key1]: *** lower bound 121
*** upper bound 298
 121 123 124 125 126 128 129 130 131 132 133 135 137 138 140 141 144 145 151 152 153 154 155 156 157 158 159 160 162 163 164 165 166 167 168 169 170 172 173 174 175 176 177 178 179 181 182 183 185 186 188 189 190 191 193 194 196 199 200 201 203 204 205 206 207 208 209 210 211 212 213 214 216 217 218 219 220 221 222 223 224 225 226 227 229 232 233 234 235 236 238 240 242 243 245 246 247 248 251 253 255 257 258 259 261 262 263 264 265 266 267 268 270 271 272 273 275 276 277 278 279 280 281 282 283 285 286 287 288 289 290 291 292 293 294 295 296
Print [key0:key1]: Print [key0:key1]: Print [key0:key1]: *** lower bound 131
*** upper bound 151
 131 132 133 135 137 138 140 141 144 145
Print [key0:key1]: Print [key0:key1]: Print [key0:key1]: *** lower bound 90
*** upper bound 103
 90 91 92 95 96 98 100
Print [key0:key1]: *** lower bound 331
*** upper bound 467
 331 332 333 334 335 336 337 338 339 341 342 343 344 345 347 348 350 351 353 355 356 357 358 361 362 363 364 366 367 368 369 370 372 373 374 375 377 378 379 380 381 382 383 385 386 387 388 389 390 391 394 395 396 398 399 402 403 404 405 406 407 408 409 410 411 412 413 414 415 417 418 420 421 422 423 424 425 428 429 430 431 432 433 434 436 437 438 439 440 442 443 444 445 446 448 449 450 451 452 453 454 455 457 458 459 460 461 462 464 465 466
Print [key0:key1]: *** lower bound 188
*** upper bound 583
 188 189 190 191 193 194 196 199 200 201 203 204 205 206 207 208 209 210 211 212 213 214 216 217 218 219 220 221 222 223 224 225 226 227 229 232 233 234 235 236 238 240 242 243 245 246 247 248 251 253 255 257 258 259 261 262 263 264 265 266 267 268 270 271 272 273 275 276 277 278 279 280 281 282 283 285 286 287 288 289 290 291 292 293 294 295 296 298 299 301 302 303 304 307 308 309 310 311 312 313 314 315 316 317 318 320 321 322 323 326 327 328 329 330 331 332 333 334 335 336 337 338 339 341 342 343 344 345 347 348 350 351 353 355 356 357 358 361 362 363 364 366 367 368 369 370 372 373 374 375 377 378 379 380 381 382 383 385 386 387 388 389 390 391 394 395 396 398 399 402 403 404 405 406 407 408 409 410 411 412 413 414 415 417 418 420 421 422 423 424 425 428 429 430 431 432 433 434 436 437 438 439 440 442 443 444 445 446 448 449 450 451 452 453 454 455 457 458 459 460 461 462 464 465 466 467 468 469 472 473 474 475 479 480 481 484 485 488 489 490 491 494 495 496 497 499 500 502 503 504 505 506 507 508 509 510 511 512 514 515 518 520 521 522 523 524 525 526 527 528 529 530 531 532 534 535 539 540 541 543 544 545 546 548 549 550 551 552 553 554 555 556 557 558 561 562 563 566 567 568 570 573 574 575 576 577 578 580
Print [key0:key1]: Print [key0:key1]: *** lower bound 14
*** upper bound 117
 14 15 18 19 21 22 23 24 25 26 27 28 29 31 32 33 34 35 36 37 38 39 40 41 43 44 46 47 49 50 52 53 57 58 59 62 63 64 65 68 69 70 72 73 74 75 76 77 80 81 82 83 86 87 90 91 92 95 96 98 100 103 105 106 107 108 109 110 111 112 113 115
Print [key0:key1]: *** lower bound 217
*** upper bound 479
 217 218 219 220 221 222 223 224 225 226 227 229 232 233 234 235 236 238 240 242 243 245 246 247 248 251 253 255 257 258 259 261 262 263 264 265 266 267 268 270 271 272 273 275 276 277 278 279 280 281 282 283 285 286 287 288 289 290 291 292 293 294 295 296 298 299 301 302 303 304 307 308 309 310 311 312 313 314 315 316 317 318 320 321 322 323 326 327 328 329 330 331 332 333 334 335 336 337 338 339 341 342 343 344 345 347 348 350 351 353 355 356 357 358 361 362 363 364 366 367 368 369 370 372 373 374 375 377 378 379 380 381 382 383 385 386 387 388 389 390 391 394 395 396 398 399 402 403 404 405 406 407 408 409 410 411 412 413 414 415 417 418 420 421 422 423 424 425 428 429 430 431 432 433 434 436 437 438 439 440 442 443 444 445 446 448 449 450 451 452 453 454 455 457 458 459 460 461 462 464 465 466 467 468 469 472 473 474 475
Print [key0:key1]: Print [key0:key1]: Print [key0:key1]: *** lower bound 14
*** upper bound 100
 14 15 18 19 21 22 23 24 25 26 27 28 29 31 32 33 34 35 36 37 38 39 40 41 43 44 46 47 49 50 52 53 57 58 59 62 63 64 65 68 69 70 72 73 74 75 76 77 80 81 82 83 86 87 90 91 92 95 96 98
Print [key0:key1]: *** lower bound 50
*** upper bound 179
 50 52 53 57 58 59 62 63 64 65 68 69 70 72 73 74 75 76 77 80 81 82 83 86 87 90 91 92 95 96 98 100 103 105 106 107 108 109 110 111 112 113 115 117 119 120 121 123 124 125 126 128 129 130 131 132 133 135 137 138 140 141 144 145 151 152 153 154 155 156 157 158 159 160 162 163 164 165 166 167 168 169 170 172 173 174 175 176 177 178
Print [key0:key1]: Print [key0:key1]: Print [key0:key1]: *** lower bound 307
*** upper bound 402
 307 308 309 310 311 312 313 314 315 316 317 318 320 321 322 323 326 327 328 329 330 331 332 333 334 335 336 337 338 339 341 342 343 344 345 347 348 350 351 353 355 356 357 358 361 362 363 364 366 367 368 369 370 372 373 374 375 377 378 379 380 381 382 383 385 386 387 388 389 390 391 394 395 396 398 399
Print [key0:key1]: Print [key0:key1]: *** lower bound 144
*** upper bound 429
 144 145 151 152 153 154 155 156 157 158 159 160 162 163 164 165 166 167 168 169 170 172 173 174 175 176 177 178 179 181 182 183 185 186 188 189 190 191 193 194 196 199 200 201 203 204 205 206 207 208 209 210 211 212 213 214 216 217 218 219 220 221 222 223 224 225 226 227 229 232 233 234 235 236 238 240 242 243 245 246 247 248 251 253 255 257 258 259 261 262 263 264 265 266 267 268 270 271 272 273 275 276 277 278 279 280 281 282 283 285 286 287 288 289 290 291 292 293 294 295 296 298 299 301 302 303 304 307 308 309 310 311 312 313 314 315 316 317 318 320 321 322 323 326 327 328 329 330 331 332 333 334 335 336 337 338 339 341 342 343 344 345 347 348 350 351 353 355 356 357 358 361 362 363 364 366 367 368 369 370 372 373 374 375 377 378 379 380 381 382 383 385 386 387 388 389 390 391 394 395 396 398 399 402 403 404 405 406 407 408 409 410 411 412 413 414 415 417 418 420 421 422 423 424 425 428
Print [key0:key1]: Print [key0:key1]: Print [key0:key1]: *** lower bound 27
*** upper bound 166
 27 28 29 31 32 33 34 35 36 37 38 39 40 41 43 44 46 47 49 50 52 53 57 58 59 62 63 64 65 68 69 70 72 73 74 75 76 77 80 81 82 83 86 87 90 91 92 95 96 98 100 103 105 106 107 108 109 110 111 112 113 115 117 119 120 121 123 124 125 126 128 129 130 131 132 133 135 137 138 140 141 144 145 151 152 153 154 155 156 157 158 159 160 162 163 164 165
Print [key0:key1]: Print [key0:key1]: *** lower bound 117
*** upper bound 530
 117 119 120 121 123 124 125 126 128 129 130 131 132 133 135 137 138 140 141 144 145 151 152 153 154 155 156 157 158 159 160 162 163 164 165 166 167 168 169 170 172 173 174 175 176 177 178 179 181 182 183 185 186 188 189 190 191 193 194 196 199 200 201 203 204 205 206 207 208 209 210 211 212 213 214 216 217 218 219 220 221 222 223 224 225 226 227 229 232 233 234 235 236 238 240 242 243 245 246 247 248 251 253 255 257 258 259 261 262 263 264 265 266 267 268 270 271 272 273 275 276 277 278 279 280 281 282 283 285 286 287 288 289 290 291 292 293 294 295 296 298 299 301 302 303 304 307 308 309 310 311 312 313 314 315 316 317 318 320 321 322 323 326 327 328 329 330 331 332 333 334 335 336 337 338 339 341 342 343 344 345 347 348 350 351 353 355 356 357 358 361 362 363 364 366 367 368 369 370 372 373 374 375 377 378 379 380 381 382 383 385 386 387 388 389 390 391 394 395 396 398 399 402 403 404 405 406 407 408 409 410 411 412 413 414 415 417 418 420 421 422 423 424 425 428 429 430 431 432 433 434 436 437 438 439 440 442 443 444 445 446 448 449 450 451 452 453 454 455 457 458 459 460 461 462 464 465 466 467 468 469 472 473 474 475 479 480 481 484 485 488 489 490 491 494 495 496 497 499 500 502 503 504 505 506 507 508 509 510 511 512 514 515 518 520 521 522 523 524 525 526 527 528 529
Print [key0:key1]: *** lower bound 107
*** upper bound 289
 107 108 109 110 111 112 113 115 117 119 120 121 123 124 125 126 128 129 130 131 132 133 135 137 138 140 141 144 145 151 152 153 154 155 156 157 158 159 160 162 163 164 165 166 167 168 169 170 172 173 174 175 176 177 178 179 181 182 183 185 186 188 189 190 191 193 194 196 199 200 201 203 204 205 206 207 208 209 210 211 212 213 214 216 217 218 219 220 221 222 223 224 225 226 227 229 232 233 234 235 236 238 240 242 243 245 246 247 248 251 253 255 257 258 259 261 262 263 264 265 266 267 268 270 271 272 273 275 276 277 278 279 280 281 282 283 285 286 287 288
Print [key0:key1]: *** lower bound 119
*** upper bound 442
 119 120 121 123 124 125 126 128 129 130 131 132 133 135 137 138 140 141 144 145 151 152 153 154 155 156 157 158 159 160 162 163 164 165 166 167 168 169 170 172 173 174 175 176 177 178 179 181 182 183 185 186 188 189 190 191 193 194 196 199 200 201 203 204 205 206 207 208 209 210 211 212 213 214 216 217 218 219 220 221 222 223 224 225 226 227 229 232 233 234 235 236 238 240 242 243 245 246 247 248 251 253 255 257 258 259 261 262 263 264 265 266 267 268 270 271 272 273 275 276 277 278 279 280 281 282 283 285 286 287 288 289 290 291 292 293 294 295 296 298 299 301 302 303 304 307 308 309 310 311 312 313 314 315 316 317 318 320 321 322 323 326 327 328 329 330 331 332 333 334 335 336 337 338 339 341 342 343 344 345 347 348 350 351 353 355 356 357 358 361 362 363 364 366 367 368 369 370 372 373 374 375 377 378 379 380 381 382 383 385 386 387 388 389 390 391 394 395 396 398 399 402 403 404 405 406 407 408 409 410 411 412 413 414 415 417 418 420 421 422 423 424 425 428 429 430 431 432 433 434 436 437 438 439 440
Print [key0:key1]: Print [key0:key1]: Print [key0:key1]: Print [key0:key1]: Print [key0:key1]: Print [key0:key1]: Print [key0:key1]: Print [key0:key1]: *** lower bound 0
*** upper bound 199
 0 1 2 3 4 5 6 7 8 9 11 12 13 14 15 18 19 21 22 23 24 25 26 27 28 29 31 32 33 34 35 36 37 38 39 40 41 43 44 46 47 49 50 52 53 57 58 59 62 63 64 65 68 69 70 72 73 74 75 76 77 80 81 82 83 86 87 90 91 92 95 96 98 100 103 105 106 107 108 109 110 111 112 113 115 117 119 120 121 123 124 125 126 128 129 130 131 132 133 135 137 138 140 141 144 145 151 152 153 154 155 156 157 158 159 160 162 163 164 165 166 167 168 169 170 172 173 174 175 176 177 178 179 181 182 183 185 186 188 189 190 191 193 194 196
Print [key0:key1]: 
