 0 1 3 4 5 7 8 9 10 11 13 15 18 19 20 21 26 27 28 29 30 32 33 34 36 37 39 40 43 45 46 47 49 50 51 52 53 55 56 57 58 59 60 61 62 63 64 65 66 67 68 69 70 71 72 74 75 76 78 80 81 82 83 86 88 89 90 92 95 101 102 103 105 106 109 112 113 114 115 117 118 119 120 121 122 123 125 126 127 128 129 130 131 132 133 134 136 137 138 139 140 142 144 146 147 149 150 151 152 155 156 157 158 159 160 161 162 164 167 169 170 171 172 176 177 179 180 181 182 183 184 185 187 188 189 190 191 192 194 195 196 197 198 199 200 202 203 204 205 206 207 208 209 210 212 213 214 215 217 220 221 223 225 226 227 228 229 230 231 233 234 235 236 237 238 239 240 241 245 246 247 248 250 251 252 253 255 256 257 258 259 262 263 264 265 266 267 269 270 271 272 273 274 275 276 278 279 280 282 285 286 287 288 289 290 292 294 295 296 297 298 299 300 301 302 308 309 310 312 313 314 315 316 317 318 319 320 322 324 325 326 327 328 330 332 334 335 337 338 339 340 341 342 343 344 345 346 348 350 351 352 354 355 356 359 360 361 364 365 366 367 368 369 371 373 374 375 376 377 378 379 380 381 384 385 386 387 388 389 392 393 394 396 398 400 401 403 404 405 408 409 411 412 413 414 415 416 417 418 419 420 421 423 424 425 426 429 430 431 432 433 434 435 436 437 438 439 440 442 443 444 445 446 447 448 449 450
Print [key0:key1]: *** lower bound 26
*** upper bound 71
 26 27 28 29 30 32 33 34 36 37 39 40 43 45 46 47 49 50 51 52 53 55 56 57 58 59 60 61 62 63 64 65 66 67 68 69 70
Print [key0:key1]: Print [key0:key1]: Print [key0:key1]: *** lower bound 301
*** upper bound 339
 301 302 308 309 310 312 313 314 315 316 317 318 319 320 322 324 325 326 327 328 330 332 334 335 337 338
Print [key0:key1]: *** lower bound 52
*** upper bound 223
 52 53 55 56 57 58 59 60 61 62 63 64 65 66 67 68 69 70 71 72 74 75 76 78 80 81 82 83 86 88 89 90 92 95 101 102 103 105 106 109 112 113 114 115 117 118 119 120 121 122 123 125 126 127 128 129 130 131 132 133 134 136 137 138 139 140 142 144 146 147 149 150 151 152 155 156 157 158 159 160 161 162 164 167 169 170 171 172 176 177 179 180 181 182 183 184 185 187 188 189 190 191 192 194 195 196 197 198 199 200 202 203 204 205 206 207 208 209 210 212 213 214 215 217 220 221
Print [key0:key1]: *** lower bound 30
*** upper bound 184
 30 32 33 34 36 37 39 40 43 45 46 47 49 50 51 52 53 55 56 57 58 59 60 61 62 63 64 65 66 67 68 69 70 71 72 74 75 76 78 80 81 82 83 86 88 89 90 92 95 101 102 103 105 106 109 112 113 114 115 117 118 119 120 121 122 123 125 126 127 128 129 130 131 132 133 134 136 137 138 139 140 142 144 146 147 149 150 151 152 155 156 157 158 159 160 161 162 164 167 169 170 171 172 176 177 179 180 181 182 183
Print [key0:key1]: Print [key0:key1]: *** lower bound 32
*** upper bound 101
 32 33 34 36 37 39 40 43 45 46 47 49 50 51 52 53 55 56 57 58 59 60 61 62 63 64 65 66 67 68 69 70 71 72 74 75 76 78 80 81 82 83 86 88 89 90 92 95
Print [key0:key1]: *** lower bound 55
*** upper bound 339
 55 56 57 58 59 60 61 62 63 64 65 66 67 68 69 70 71 72 74 75 76 78 80 81 82 83 86 88 89 90 92 95 101 102 103 105 106 109 112 113 114 115 117 118 119 120 121 122 123 125 126 127 128 129 130 131 132 133 134 136 137 138 139 140 142 144 146 147 149 150 151 152 155 156 157 158 159 160 161 162 164 167 169 170 171 172 176 177 179 180 181 182 183 184 185 187 188 189 190 191 192 194 195 196 197 198 199 200 202 203 204 205 206 207 208 209 210 212 213 214 215 217 220 221 223 225 226 227 228 229 230 231 233 234 235 236 237 238 239 240 241 245 246 247 248 250 251 252 253 255 256 257 258 259 262 263 264 265 266 267 269 270 271 272 273 274 275 276 278 279 280 282 285 286 287 288 289 290 292 294 295 296 297 298 299 300 301 302 308 309 310 312 313 314 315 316 317 318 319 320 322 324 325 326 327 328 330 332 334 335 337 338
Print [key0:key1]: *** lower bound 13
*** upper bound 285
 13 15 18 19 20 21 26 27 28 29 30 32 33 34 36 37 39 40 43 45 46 47 49 50 51 52 53 55 56 57 58 59 60 61 62 63 64 65 66 67 68 69 70 71 72 74 75 76 78 80 81 82 83 86 88 89 90 92 95 101 102 103 105 106 109 112 113 114 115 117 118 119 120 121 122 123 125 126 127 128 129 130 131 132 133 134 136 137 138 139 140 142 144 146 147 149 150 151 152 155 156 157 158 159 160 161 162 164 167 169 170 171 172 176 177 179 180 181 182 183 184 185 187 188 189 190 191 192 194 195 196 197 198 199 200 202 203 204 205 206 207 208 209 210 212 213 214 215 217 220 221 223 225 226 227 228 229 230 231 233 234 235 236 237 238 239 240 241 245 246 247 248 250 251 252 253 255 256 257 258 259 262 263 264 265 266 267 269 270 271 272 273 274 275 276 278 279 280 282
Print [key0:key1]: *** lower bound 101
*** upper bound 262
 101 102 103 105 106 109 112 113 114 115 117 118 119 120 121 122 123 125 126 127 128 129 130 131 132 133 134 136 137 138 139 140 142 144 146 147 149 150 151 152 155 156 157 158 159 160 161 162 164 167 169 170 171 172 176 177 179 180 181 182 183 184 185 187 188 189 190 191 192 194 195 196 197 198 199 200 202 203 204 205 206 207 208 209 210 212 213 214 215 217 220 221 223 225 226 227 228 229 230 231 233 234 235 236 237 238 239 240 241 245 246 247 248 250 251 252 253 255 256 257 258 259
Print [key0:key1]: Print [key0:key1]: *** lower bound 13
*** upper bound 348
 13 15 18 19 20 21 26 27 28 29 30 32 33 34 36 37 39 40 43 45 46 47 49 50 51 52 53 55 56 57 58 59 60 61 62 63 64 65 66 67 68 69 70 71 72 74 75 76 78 80 81 82 83 86 88 89 90 92 95 101 102 103 105 106 109 112 113 114 115 117 118 119 120 121 122 123 125 126 127 128 129 130 131 132 133 134 136 137 138 139 140 142 144 146 147 149 150 151 152 155 156 157 158 159 160 161 162 164 167 169 170 171 172 176 177 179 180 181 182 183 184 185 187 188 189 190 191 192 194 195 196 197 198 199 200 202 203 204 205 206 207 208 209 210 212 213 214 215 217 220 221 223 225 226 227 228 229 230 231 233 234 235 236 237 238 239 240 241 245 246 247 248 250 251 252 253 255 256 257 258 259 262 263 264 265 266 267 269 270 271 272 273 274 275 276 278 279 280 282 285 286 287 288 289 290 292 294 295 296 297 298 299 300 301 302 308 309 310 312 313 314 315 316 317 318 319 320 322 324 325 326 327 328 330 332 334 335 337 338 339 340 341 342 343 344 345 346
Print [key0:key1]: *** lower bound 70
*** upper bound 270
 70 71 72 74 75 76 78 80 81 82 83 86 88 89 90 92 95 101 102 103 105 106 109 112 113 114 115 117 118 119 120 121 122 123 125 126 127 128 129 130 131 132 133 134 136 137 138 139 140 142 144 146 147 149 150 151 152 155 156 157 158 159 160 161 162 164 167 169 170 171 172 176 177 179 180 181 182 183 184 185 187 188 189 190 191 192 194 195 196 197 198 199 200 202 203 204 205 206 207 208 209 210 212 213 214 215 217 220 221 223 225 226 227 228 229 230 231 233 234 235 236 237 238 239 240 241 245 246 247 248 250 251 252 253 255 256 257 258 259 262 263 264 265 266 267 269
Print [key0:key1]: Print [key0:key1]: *** lower bound 226
*** upper bound 343
 226 227 228 229 230 231 233 234 235 236 237 238 239 240 241 245 246 247 248 250 251 252 253 255 256 257 258 259 262 263 264 265 266 267 269 270 271 272 273 274 275 276 278 279 280 282 285 286 287 288 289 290 292 294 295 296 297 298 299 300 301 302 308 309 310 312 313 314 315 316 317 318 319 320 322 324 325 326 327 328 330 332 334 335 337 338 339 340 341 342
Print [key0:key1]: *** lower bound 0
*** upper bound 133
 0 1 3 4 5 7 8 9 10 11 13 15 18 19 20 21 26 27 28 29 30 32 33 34 36 37 39 40 43 45 46 47 49 50 51 52 53 55 56 57 58 59 60 61 62 63 64 65 66 67 68 69 70 71 72 74 75 76 78 80 81 82 83 86 88 89 90 92 95 101 102 103 105 106 109 112 113 114 115 117 118 119 120 121 122 123 125 126 127 128 129 130 131 132
Print [key0:key1]: *** lower bound 69
*** upper bound 210
 69 70 71 72 74 75 76 78 80 81 82 83 86 88 89 90 92 95 101 102 103 105 106 109 112 113 114 115 117 118 119 120 121 122 123 125 126 127 128 129 130 131 132 133 134 136 137 138 139 140 142 144 146 147 149 150 151 152 155 156 157 158 159 160 161 162 164 167 169 170 171 172 176 177 179 180 181 182 183 184 185 187 188 189 190 191 192 194 195 196 197 198 199 200 202 203 204 205 206 207 208 209
Print [key0:key1]: Print [key0:key1]: Print [key0:key1]: *** lower bound 0
*** upper bound 231
 0 1 3 4 5 7 8 9 10 11 13 15 18 19 20 21 26 27 28 29 30 32 33 34 36 37 39 40 43 45 46 47 49 50 51 52 53 55 56 57 58 59 60 61 62 63 64 65 66 67 68 69 70 71 72 74 75 76 78 80 81 82 83 86 88 89 90 92 95 101 102 103 105 106 109 112 113 114 115 117 118 119 120 121 122 123 125 126 127 128 129 130 131 132 133 134 136 137 138 139 140 142 144 146 147 149 150 151 152 155 156 157 158 159 160 161 162 164 167 169 170 171 172 176 177 179 180 181 182 183 184 185 187 188 189 190 191 192 194 195 196 197 198 199 200 202 203 204 205 206 207 208 209 210 212 213 214 215 217 220 221 223 225 226 227 228 229 230
Print [key0:key1]: Print [key0:key1]: Print [key0:key1]: *** lower bound 49
*** upper bound 225
 49 50 51 52 53 55 56 57 58 59 60 61 62 63 64 65 66 67 68 69 70 71 72 74 75 76 78 80 81 82 83 86 88 89 90 92 95 101 102 103 105 106 109 112 113 114 115 117 118 119 120 121 122 123 125 126 127 128 129 130 131 132 133 134 136 137 138 139 140 142 144 146 147 149 150 151 152 155 156 157 158 159 160 161 162 164 167 169 170 171 172 176 177 179 180 181 182 183 184 185 187 188 189 190 191 192 194 195 196 197 198 199 200 202 203 204 205 206 207 208 209 210 212 213 214 215 217 220 221 223
Print [key0:key1]: *** lower bound 57
*** upper bound 69
 57 58 59 60 61 62 63 64 65 66 67 68
Print [key0:key1]: Print [key0:key1]: Print [key0:key1]: Print [key0:key1]: *** lower bound 29
*** upper bound 95
 29 30 32 33 34 36 37 39 40 43 45 46 47 49 50 51 52 53 55 56 57 58 59 60 61 62 63 64 65 66 67 68 69 70 71 72 74 75 76 78 80 81 82 83 86 88 89 90 92
Print [key0:key1]: Print [key0:key1]: Print [key0:key1]: *** lower bound 78
*** upper bound 280
 78 80 81 82 83 86 88 89 90 92 95 101 102 103 105 106 109 112 113 114 115 117 118 119 120 121 122 123 125 126 127 128 129 130 131 132 133 134 136 137 138 139 140 142 144 146 147 149 150 151 152 155 156 157 158 159 160 161 162 164 167 169 170 171 172 176 177 179 180 181 182 183 184 185 187 188 189 190 191 192 194 195 196 197 198 199 200 202 203 204 205 206 207 208 209 210 212 213 214 215 217 220 221 223 225 226 227 228 229 230 231 233 234 235 236 237 238 239 240 241 245 246 247 248 250 251 252 253 255 256 257 258 259 262 263 264 265 266 267 269 270 271 272 273 274 275 276 278 279
Print [key0:key1]: *** lower bound 118
*** upper bound 313
 118 119 120 121 122 123 125 126 127 128 129 130 131 132 133 134 136 137 138 139 140 142 144 146 147 149 150 151 152 155 156 157 158 159 160 161 162 164 167 169 170 171 172 176 177 179 180 181 182 183 184 185 187 188 189 190 191 192 194 195 196 197 198 199 200 202 203 204 205 206 207 208 209 210 212 213 214 215 217 220 221 223 225 226 227 228 229 230 231 233 234 235 236 237 238 239 240 241 245 246 247 248 250 251 252 253 255 256 257 258 259 262 263 264 265 266 267 269 270 271 272 273 274 275 276 278 279 280 282 285 286 287 288 289 290 292 294 295 296 297 298 299 300 301 302 308 309 310 312
Print [key0:key1]: *** lower bound 189
*** upper bound 282
 189 190 191 192 194 195 196 197 198 199 200 202 203 204 205 206 207 208 209 210 212 213 214 215 217 220 221 223 225 226 227 228 229 230 231 233 234 235 236 237 238 239 240 241 245 246 247 248 250 251 252 253 255 256 257 258 259 262 263 264 265 266 267 269 270 271 272 273 274 275 276 278 279 280
Print [key0:key1]: Print [key0:key1]: Print [key0:key1]: *** lower bound 194
*** upper bound 265
 194 195 196 197 198 199 200 202 203 204 205 206 207 208 209 210 212 213 214 215 217 220 221 223 225 226 227 228 229 230 231 233 234 235 236 237 238 239 240 241 245 246 247 248 250 251 252 253 255 256 257 258 259 262 263 264
Print [key0:key1]: *** lower bound 217
*** upper bound 259
 217 220 221 223 225 226 227 228 229 230 231 233 234 235 236 237 238 239 240 241 245 246 247 248 250 251 252 253 255 256 257 258
Print [key0:key1]: *** lower bound 40
*** upper bound 322
 40 43 45 46 47 49 50 51 52 53 55 56 57 58 59 60 61 62 63 64 65 66 67 68 69 70 71 72 74 75 76 78 80 81 82 83 86 88 89 90 92 95 101 102 103 105 106 109 112 113 114 115 117 118 119 120 121 122 123 125 126 127 128 129 130 131 132 133 134 136 137 138 139 140 142 144 146 147 149 150 151 152 155 156 157 158 159 160 161 162 164 167 169 170 171 172 176 177 179 180 181 182 183 184 185 187 188 189 190 191 192 194 195 196 197 198 199 200 202 203 204 205 206 207 208 209 210 212 213 214 215 217 220 221 223 225 226 227 228 229 230 231 233 234 235 236 237 238 239 240 241 245 246 247 248 250 251 252 253 255 256 257 258 259 262 263 264 265 266 267 269 270 271 272 273 274 275 276 278 279 280 282 285 286 287 288 289 290 292 294 295 296 297 298 299 300 301 302 308 309 310 312 313 314 315 316 317 318 319 320
Print [key0:key1]: *** lower bound 45
*** upper bound 314
 45 46 47 49 50 51 52 53 55 56 57 58 59 60 61 62 63 64 65 66 67 68 69 70 71 72 74 75 76 78 80 81 82 83 86 88 89 90 92 95 101 102 103 105 106 109 112 113 114 115 117 118 119 120 121 122 123 125 126 127 128 129 130 131 132 133 134 136 137 138 139 140 142 144 146 147 149 150 151 152 155 156 157 158 159 160 161 162 164 167 169 170 171 172 176 177 179 180 181 182 183 184 185 187 188 189 190 191 192 194 195 196 197 198 199 200 202 203 204 205 206 207 208 209 210 212 213 214 215 217 220 221 223 225 226 227 228 229 230 231 233 234 235 236 237 238 239 240 241 245 246 247 248 250 251 252 253 255 256 257 258 259 262 263 264 265 266 267 269 270 271 272 273 274 275 276 278 279 280 282 285 286 287 288 289 290 292 294 295 296 297 298 299 300 301 302 308 309 310 312 313
Print [key0:key1]: *** lower bound 185
*** upper bound 266
 185 187 188 189 190 191 192 194 195 196 197 198 199 200 202 203 204 205 206 207 208 209 210 212 213 214 215 217 220 221 223 225 226 227 228 229 230 231 233 234 235 236 237 238 239 240 241 245 246 247 248 250 251 252 253 255 256 257 258 259 262 263 264 265
Print [key0:key1]: Print [key0:key1]: *** lower bound 13
*** upper bound 335
 13 15 18 19 20 21 26 27 28 29 30 32 33 34 36 37 39 40 43 45 46 47 49 50 51 52 53 55 56 57 58 59 60 61 62 63 64 65 66 67 68 69 70 71 72 74 75 76 78 80 81 82 83 86 88 89 90 92 95 101 102 103 105 106 109 112 113 114 115 117 118 119 120 121 122 123 125 126 127 128 129 130 131 132 133 134 136 137 138 139 140 142 144 146 147 149 150 151 152 155 156 157 158 159 160 161 162 164 167 169 170 171 172 176 177 179 180 181 182 183 184 185 187 188 189 190 191 192 194 195 196 197 198 199 200 202 203 204 205 206 207 208 209 210 212 213 214 215 217 220 221 223 225 226 227 228 229 230 231 233 234 235 236 237 238 239 240 241 245 246 247 248 250 251 252 253 255 256 257 258 259 262 263 264 265 266 267 269 270 271 272 273 274 275 276 278 279 280 282 285 286 287 288 289 290 292 294 295 296 297 298 299 300 301 302 308 309 310 312 313 314 315 316 317 318 319 320 322 324 325 326 327 328 330 332 334
Print [key0:key1]: *** lower bound 161
*** upper bound 276
 161 162 164 167 169 170 171 172 176 177 179 180 181 182 183 184 185 187 188 189 190 191 192 194 195 196 197 198 199 200 202 203 204 205 206 207 208 209 210 212 213 214 215 217 220 221 223 225 226 227 228 229 230 231 233 234 235 236 237 238 239 240 241 245 246 247 248 250 251 252 253 255 256 257 258 259 262 263 264 265 266 267 269 270 271 272 273 274 275
Print [key0:key1]: Print [key0:key1]: Print [key0:key1]: Print [key0:key1]: *** lower bound 13
*** upper bound 240
 13 15 18 19 20 21 26 27 28 29 30 32 33 34 36 37 39 40 43 45 46 47 49 50 51 52 53 55 56 57 58 59 60 61 62 63 64 65 66 67 68 69 70 71 72 74 75 76 78 80 81 82 83 86 88 89 90 92 95 101 102 103 105 106 109 112 113 114 115 117 118 119 120 121 122 123 125 126 127 128 129 130 131 132 133 134 136 137 138 139 140 142 144 146 147 149 150 151 152 155 156 157 158 159 160 161 162 164 167 169 170 171 172 176 177 179 180 181 182 183 184 185 187 188 189 190 191 192 194 195 196 197 198 199 200 202 203 204 205 206 207 208 209 210 212 213 214 215 217 220 221 223 225 226 227 228 229 230 231 233 234 235 236 237 238 239
Print [key0:key1]: Print [key0:key1]: *** lower bound 74
*** upper bound 270
 74 75 76 78 80 81 82 83 86 88 89 90 92 95 101 102 103 105 106 109 112 113 114 115 117 118 119 120 121 122 123 125 126 127 128 129 130 131 132 133 134 136 137 138 139 140 142 144 146 147 149 150 151 152 155 156 157 158 159 160 161 162 164 167 169 170 171 172 176 177 179 180 181 182 183 184 185 187 188 189 190 191 192 194 195 196 197 198 199 200 202 203 204 205 206 207 208 209 210 212 213 214 215 217 220 221 223 225 226 227 228 229 230 231 233 234 235 236 237 238 239 240 241 245 246 247 248 250 251 252 253 255 256 257 258 259 262 263 264 265 266 267 269
Print [key0:key1]: *** lower bound 27
*** upper bound 177
 27 28 29 30 32 33 34 36 37 39 40 43 45 46 47 49 50 51 52 53 55 56 57 58 59 60 61 62 63 64 65 66 67 68 69 70 71 72 74 75 76 78 80 81 82 83 86 88 89 90 92 95 101 102 103 105 106 109 112 113 114 115 117 118 119 120 121 122 123 125 126 127 128 129 130 131 132 133 134 136 137 138 139 140 142 144 146 147 149 150 151 152 155 156 157 158 159 160 161 162 164 167 169 170 171 172 176
Print [key0:key1]: Print [key0:key1]: *** lower bound 142
*** upper bound 146
 142 144
Print [key0:key1]: *** lower bound 295
*** upper bound 308
 295 296 297 298 299 300 301 302
Print [key0:key1]: Print [key0:key1]: *** lower bound 0
*** upper bound 7
 0 1 3 4 5
Print [key0:key1]: *** lower bound 142
*** upper bound 198
 142 144 146 147 149 150 151 152 155 156 157 158 159 160 161 162 164 167 169 170 171 172 176 177 179 180 181 182 183 184 185 187 188 189 190 191 192 194 195 196 197
Print [key0:key1]: Print [key0:key1]: *** lower bound 9
*** upper bound 167
 9 10 11 13 15 18 19 20 21 26 27 28 29 30 32 33 34 36 37 39 40 43 45 46 47 49 50 51 52 53 55 56 57 58 59 60 61 62 63 64 65 66 67 68 69 70 71 72 74 75 76 78 80 81 82 83 86 88 89 90 92 95 101 102 103 105 106 109 112 113 114 115 117 118 119 120 121 122 123 125 126 127 128 129 130 131 132 133 134 136 137 138 139 140 142 144 146 147 149 150 151 152 155 156 157 158 159 160 161 162 164
Print [key0:key1]: Print [key0:key1]: *** lower bound 34
*** upper bound 57
 34 36 37 39 40 43 45 46 47 49 50 51 52 53 55 56
Print [key0:key1]: *** lower bound 36
*** upper bound 250
 36 37 39 40 43 45 46 47 49 50 51 52 53 55 56 57 58 59 60 61 62 63 64 65 66 67 68 69 70 71 72 74 75 76 78 80 81 82 83 86 88 89 90 92 95 101 102 103 105 106 109 112 113 114 115 117 118 119 120 121 122 123 125 126 127 128 129 130 131 132 133 134 136 137 138 139 140 142 144 146 147 149 150 151 152 155 156 157 158 159 160 161 162 164 167 169 170 171 172 176 177 179 180 181 182 183 184 185 187 188 189 190 191 192 194 195 196 197 198 199 200 202 203 204 205 206 207 208 209 210 212 213 214 215 217 220 221 223 225 226 227 228 229 230 231 233 234 235 236 237 238 239 240 241 245 246 247 248
Print [key0:key1]: Print [key0:key1]: *** lower bound 142
*** upper bound 229
 142 144 146 147 149 150 151 152 155 156 157 158 159 160 161 162 164 167 169 170 171 172 176 177 179 180 181 182 183 184 185 187 188 189 190 191 192 194 195 196 197 198 199 200 202 203 204 205 206 207 208 209 210 212 213 214 215 217 220 221 223 225 226 227 228
Print [key0:key1]: *** lower bound 4
*** upper bound 346
 4 5 7 8 9 10 11 13 15 18 19 20 21 26 27 28 29 30 32 33 34 36 37 39 40 43 45 46 47 49 50 51 52 53 55 56 57 58 59 60 61 62 63 64 65 66 67 68 69 70 71 72 74 75 76 78 80 81 82 83 86 88 89 90 92 95 101 102 103 105 106 109 112 113 114 115 117 118 119 120 121 122 123 125 126 127 128 129 130 131 132 133 134 136 137 138 139 140 142 144 146 147 149 150 151 152 155 156 157 158 159 160 161 162 164 167 169 170 171 172 176 177 179 180 181 182 183 184 185 187 188 189 190 191 192 194 195 196 197 198 199 200 202 203 204 205 206 207 208 209 210 212 213 214 215 217 220 221 223 225 226 227 228 229 230 231 233 234 235 236 237 238 239 240 241 245 246 247 248 250 251 252 253 255 256 257 258 259 262 263 264 265 266 267 269 270 271 272 273 274 275 276 278 279 280 282 285 286 287 288 289 290 292 294 295 296 297 298 299 300 301 302 308 309 310 312 313 314 315 316 317 318 319 320 322 324 325 326 327 328 330 332 334 335 337 338 339 340 341 342 343 344 345
Print [key0:key1]: *** lower bound 13
*** upper bound 180
 13 15 18 19 20 21 26 27 28 29 30 32 33 34 36 37 39 40 43 45 46 47 49 50 51 52 53 55 56 57 58 59 60 61 62 63 64 65 66 67 68 69 70 71 72 74 75 76 78 80 81 82 83 86 88 89 90 92 95 101 102 103 105 106 109 112 113 114 115 117 118 119 120 121 122 123 125 126 127 128 129 130 131 132 133 134 136 137 138 139 140 142 144 146 147 149 150 151 152 155 156 157 158 159 160 161 162 164 167 169 170 171 172 176 177 179
Print [key0:key1]: Print [key0:key1]: *** lower bound 5
*** upper bound 7
 5
Print [key0:key1]: Print [key0:key1]: Print [key0:key1]: *** lower bound 233
*** upper bound 236
 233 234 235
Print [key0:key1]: Print [key0:key1]: *** lower bound 0
*** upper bound 200
 0 1 3 4 5 7 8 9 10 11 13 15 18 19 20 21 26 27 28 29 30 32 33 34 36 37 39 40 43 45 46 47 49 50 51 52 53 55 56 57 58 59 60 61 62 63 64 65 66 67 68 69 70 71 72 74 75 76 78 80 81 82 83 86 88 89 90 92 95 101 102 103 105 106 109 112 113 114 115 117 118 119 120 121 122 123 125 126 127 128 129 130 131 132 133 134 136 137 138 139 140 142 144 146 147 149 150 151 152 155 156 157 158 159 160 161 162 164 167 169 170 171 172 176 177 179 180 181 182 183 184 185 187 188 189 190 191 192 194 195 196 197 198 199
Print [key0:key1]: *** lower bound 0
*** upper bound 194
 0 1 3 4 5 7 8 9 10 11 13 15 18 19 20 21 26 27 28 29 30 32 33 34 36 37 39 40 43 45 46 47 49 50 51 52 53 55 56 57 58 59 60 61 62 63 64 65 66 67 68 69 70 71 72 74 75 76 78 80 81 82 83 86 88 89 90 92 95 101 102 103 105 106 109 112 113 114 115 117 118 119 120 121 122 123 125 126 127 128 129 130 131 132 133 134 136 137 138 139 140 142 144 146 147 149 150 151 152 155 156 157 158 159 160 161 162 164 167 169 170 171 172 176 177 179 180 181 182 183 184 185 187 188 189 190 191 192
Print [key0:key1]: Print [key0:key1]: Print [key0:key1]: Print [key0:key1]: *** lower bound 49
*** upper bound 157
 49 50 51 52 53 55 56 57 58 59 60 61 62 63 64 65 66 67 68 69 70 71 72 74 75 76 78 80 81 82 83 86 88 89 90 92 95 101 102 103 105 106 109 112 113 114 115 117 118 119 120 121 122 123 125 126 127 128 129 130 131 132 133 134 136 137 138 139 140 142 144 146 147 149 150 151 152 155 156
Print [key0:key1]: *** lower bound 259
*** upper bound 313
 259 262 263 264 265 266 267 269 270 271 272 273 274 275 276 278 279 280 282 285 286 287 288 289 290 292 294 295 296 297 298 299 300 301 302 308 309 310 312
Print [key0:key1]: Print [key0:key1]: Print [key0:key1]: *** lower bound 103
*** upper bound 294
 103 105 106 109 112 113 114 115 117 118 119 120 121 122 123 125 126 127 128 129 130 131 132 133 134 136 137 138 139 140 142 144 146 147 149 150 151 152 155 156 157 158 159 160 161 162 164 167 169 170 171 172 176 177 179 180 181 182 183 184 185 187 188 189 190 191 192 194 195 196 197 198 199 200 202 203 204 205 206 207 208 209 210 212 213 214 215 217 220 221 223 225 226 227 228 229 230 231 233 234 235 236 237 238 239 240 241 245 246 247 248 250 251 252 253 255 256 257 258 259 262 263 264 265 266 267 269 270 271 272 273 274 275 276 278 279 280 282 285 286 287 288 289 290 292
Print [key0:key1]: *** lower bound 18
*** upper bound 239
 18 19 20 21 26 27 28 29 30 32 33 34 36 37 39 40 43 45 46 47 49 50 51 52 53 55 56 57 58 59 60 61 62 63 64 65 66 67 68 69 70 71 72 74 75 76 78 80 81 82 83 86 88 89 90 92 95 101 102 103 105 106 109 112 113 114 115 117 118 119 120 121 122 123 125 126 127 128 129 130 131 132 133 134 136 137 138 139 140 142 144 146 147 149 150 151 152 155 156 157 158 159 160 161 162 164 167 169 170 171 172 176 177 179 180 181 182 183 184 185 187 188 189 190 191 192 194 195 196 197 198 199 200 202 203 204 205 206 207 208 209 210 212 213 214 215 217 220 221 223 225 226 227 228 229 230 231 233 234 235 236 237 238
Print [key0:key1]: *** lower bound 40
*** upper bound 288
 40 43 45 46 47 49 50 51 52 53 55 56 57 58 59 60 61 62 63 64 65 66 67 68 69 70 71 72 74 75 76 78 80 81 82 83 86 88 89 90 92 95 101 102 103 105 106 109 112 113 114 115 117 118 119 120 121 122 123 125 126 127 128 129 130 131 132 133 134 136 137 138 139 140 142 144 146 147 149 150 151 152 155 156 157 158 159 160 161 162 164 167 169 170 171 172 176 177 179 180 181 182 183 184 185 187 188 189 190 191 192 194 195 196 197 198 199 200 202 203 204 205 206 207 208 209 210 212 213 214 215 217 220 221 223 225 226 227 228 229 230 231 233 234 235 236 237 238 239 240 241 245 246 247 248 250 251 252 253 255 256 257 258 259 262 263 264 265 266 267 269 270 271 272 273 274 275 276 278 279 280 282 285 286 287
Print [key0:key1]: Print [key0:key1]: *** lower bound 146
*** upper bound 194
 146 147 149 150 151 152 155 156 157 158 159 160 161 162 164 167 169 170 171 172 176 177 179 180 181 182 183 184 185 187 188 189 190 191 192
Print [key0:key1]: Print [key0:key1]: Print [key0:key1]: *** lower bound 19
*** upper bound 63
 19 20 21 26 27 28 29 30 32 33 34 36 37 39 40 43 45 46 47 49 50 51 52 53 55 56 57 58 59 60 61 62
Print [key0:key1]: *** lower bound 117
*** upper bound 162
 117 118 119 120 121 122 123 125 126 127 128 129 130 131 132 133 134 136 137 138 139 140 142 144 146 147 149 150 151 152 155 156 157 158 159 160 161
Print [key0:key1]: *** lower bound 32
*** upper bound 223
 32 33 34 36 37 39 40 43 45 46 47 49 50 51 52 53 55 56 57 58 59 60 61 62 63 64 65 66 67 68 69 70 71 72 74 75 76 78 80 81 82 83 86 88 89 90 92 95 101 102 103 105 106 109 112 113 114 115 117 118 119 120 121 122 123 125 126 127 128 129 130 131 132 133 134 136 137 138 139 140 142 144 146 147 149 150 151 152 155 156 157 158 159 160 161 162 164 167 169 170 171 172 176 177 179 180 181 182 183 184 185 187 188 189 190 191 192 194 195 196 197 198 199 200 202 203 204 205 206 207 208 209 210 212 213 214 215 217 220 221
Print [key0:key1]: Print [key0:key1]: Print [key0:key1]: Print [key0:key1]: Print [key0:key1]: Print [key0:key1]: Print [key0:key1]: Print [key0:key1]: Print [key0:key1]: Print [key0:key1]: Print [key0:key1]: Print [key0:key1]: Print [key0:key1]: *** lower bound 18
*** upper bound 299
 18 19 20 21 26 27 28 29 30 32 33 34 36 37 39 40 43 45 46 47 49 50 51 52 53 55 56 57 58 59 60 61 62 63 64 65 66 67 68 69 70 71 72 74 75 76 78 80 81 82 83 86 88 89 90 92 95 101 102 103 105 106 109 112 113 114 115 117 118 119 120 121 122 123 125 126 127 128 129 130 131 132 133 134 136 137 138 139 140 142 144 146 147 149 150 151 152 155 156 157 158 159 160 161 162 164 167 169 170 171 172 176 177 179 180 181 182 183 184 185 187 188 189 190 191 192 194 195 196 197 198 199 200 202 203 204 205 206 207 208 209 210 212 213 214 215 217 220 221 223 225 226 227 228 229 230 231 233 234 235 236 237 238 239 240 241 245 246 247 248 250 251 252 253 255 256 257 258 259 262 263 264 265 266 267 269 270 271 272 273 274 275 276 278 279 280 282 285 286 287 288 289 290 292 294 295 296 297 298
Print [key0:key1]: *** lower bound 65
*** upper bound 310
 65 66 67 68 69 70 71 72 74 75 76 78 80 81 82 83 86 88 89 90 92 95 101 102 103 105 106 109 112 113 114 115 117 118 119 120 121 122 123 125 126 127 128 129 130 131 132 133 134 136 137 138 139 140 142 144 146 147 149 150 151 152 155 156 157 158 159 160 161 162 164 167 169 170 171 172 176 177 179 180 181 182 183 184 185 187 188 189 190 191 192 194 195 196 197 198 199 200 202 203 204 205 206 207 208 209 210 212 213 214 215 217 220 221 223 225 226 227 228 229 230 231 233 234 235 236 237 238 239 240 241 245 246 247 248 250 251 252 253 255 256 257 258 259 262 263 264 265 266 267 269 270 271 272 273 274 275 276 278 279 280 282 285 286 287 288 289 290 292 294 295 296 297 298 299 300 301 302 308 309
Print [key0:key1]: *** lower bound 78
*** upper bound 162
 78 80 81 82 83 86 88 89 90 92 95 101 102 103 105 106 109 112 113 114 115 117 118 119 120 121 122 123 125 126 127 128 129 130 131 132 133 134 136 137 138 139 140 142 144 146 147 149 150 151 152 155 156 157 158 159 160 161
Print [key0:key1]: *** lower bound 181
*** upper bound 210
 181 182 183 184 185 187 188 189 190 191 192 194 195 196 197 198 199 200 202 203 204 205 206 207 208 209
Print [key0:key1]: *** lower bound 119
*** upper bound 187
 119 120 121 122 123 125 126 127 128 129 130 131 132 133 134 136 137 138 139 140 142 144 146 147 149 150 151 152 155 156 157 158 159 160 161 162 164 167 169 170 171 172 176 177 179 180 181 182 183 184 185
Print [key0:key1]: *** lower bound 81
*** upper bound 203
 81 82 83 86 88 89 90 92 95 101 102 103 105 106 109 112 113 114 115 117 118 119 120 121 122 123 125 126 127 128 129 130 131 132 133 134 136 137 138 139 140 142 144 146 147 149 150 151 152 155 156 157 158 159 160 161 162 164 167 169 170 171 172 176 177 179 180 181 182 183 184 185 187 188 189 190 191 192 194 195 196 197 198 199 200 202
Print [key0:key1]: *** lower bound 15
*** upper bound 167
 15 18 19 20 21 26 27 28 29 30 32 33 34 36 37 39 40 43 45 46 47 49 50 51 52 53 55 56 57 58 59 60 61 62 63 64 65 66 67 68 69 70 71 72 74 75 76 78 80 81 82 83 86 88 89 90 92 95 101 102 103 105 106 109 112 113 114 115 117 118 119 120 121 122 123 125 126 127 128 129 130 131 132 133 134 136 137 138 139 140 142 144 146 147 149 150 151 152 155 156 157 158 159 160 161 162 164
Print [key0:key1]: Print [key0:key1]: *** lower bound 0
*** upper bound 21
 0 1 3 4 5 7 8 9 10 11 13 15 18 19 20
Print [key0:key1]: Print [key0:key1]: Print [key0:key1]: *** lower bound 86
*** upper bound 312
 86 88 89 90 92 95 101 102 103 105 106 109 112 113 114 115 117 118 119 120 121 122 123 125 126 127 128 129 130 131 132 133 134 136 137 138 139 140 142 144 146 147 149 150 151 152 155 156 157 158 159 160 161 162 164 167 169 170 171 172 176 177 179 180 181 182 183 184 185 187 188 189 190 191 192 194 195 196 197 198 199 200 202 203 204 205 206 207 208 209 210 212 213 214 215 217 220 221 223 225 226 227 228 229 230 231 233 234 235 236 237 238 239 240 241 245 246 247 248 250 251 252 253 255 256 257 258 259 262 263 264 265 266 267 269 270 271 272 273 274 275 276 278 279 280 282 285 286 287 288 289 290 292 294 295 296 297 298 299 300 301 302 308 309 310
Print [key0:key1]: *** lower bound 112
*** upper bound 149
 112 113 114 115 117 118 119 120 121 122 123 125 126 127 128 129 130 131 132 133 134 136 137 138 139 140 142 144 146 147
Print [key0:key1]: Print [key0:key1]: Print [key0:key1]: Print [key0:key1]: *** lower bound 95
*** upper bound 101
 95
Print [key0:key1]: *** lower bound 310
*** upper bound 342
 310 312 313 314 315 316 317 318 319 320 322 324 325 326 327 328 330 332 334 335 337 338 339 340 341
Print [key0:key1]: Print [key0:key1]: *** lower bound 0
*** upper bound 338
 0 1 3 4 5 7 8 9 10 11 13 15 18 19 20 21 26 27 28 29 30 32 33 34 36 37 39 40 43 45 46 47 49 50 51 52 53 55 56 57 58 59 60 61 62 63 64 65 66 67 68 69 70 71 72 74 75 76 78 80 81 82 83 86 88 89 90 92 95 101 102 103 105 106 109 112 113 114 115 117 118 119 120 121 122 123 125 126 127 128 129 130 131 132 133 134 136 137 138 139 140 142 144 146 147 149 150 151 152 155 156 157 158 159 160 161 162 164 167 169 170 171 172 176 177 179 180 181 182 183 184 185 187 188 189 190 191 192 194 195 196 197 198 199 200 202 203 204 205 206 207 208 209 210 212 213 214 215 217 220 221 223 225 226 227 228 229 230 231 233 234 235 236 237 238 239 240 241 245 246 247 248 250 251 252 253 255 256 257 258 259 262 263 264 265 266 267 269 270 271 272 273 274 275 276 278 279 280 282 285 286 287 288 289 290 292 294 295 296 297 298 299 300 301 302 308 309 310 312 313 314 315 316 317 318 319 320 322 324 325 326 327 328 330 332 334 335 337
Print [key0:key1]: *** lower bound 0
*** upper bound 258
 0 1 3 4 5 7 8 9 10 11 13 15 18 19 20 21 26 27 28 29 30 32 33 34 36 37 39 40 43 45 46 47 49 50 51 52 53 55 56 57 58 59 60 61 62 63 64 65 66 67 68 69 70 71 72 74 75 76 78 80 81 82 83 86 88 89 90 92 95 101 102 103 105 106 109 112 113 114 115 117 118 119 120 121 122 123 125 126 127 128 129 130 131 132 133 134 136 137 138 139 140 142 144 146 147 149 150 151 152 155 156 157 158 159 160 161 162 164 167 169 170 171 172 176 177 179 180 181 182 183 184 185 187 188 189 190 191 192 194 195 196 197 198 199 200 202 203 204 205 206 207 208 209 210 212 213 214 215 217 220 221 223 225 226 227 228 229 230 231 233 234 235 236 237 238 239 240 241 245 246 247 248 250 251 252 253 255 256 257
Print [key0:key1]: Print [key0:key1]: *** lower bound 95
*** upper bound 237
 95 101 102 103 105 106 109 112 113 114 115 117 118 119 120 121 122 123 125 126 127 128 129 130 131 132 133 134 136 137 138 139 140 142 144 146 147 149 150 151 152 155 156 157 158 159 160 161 162 164 167 169 170 171 172 176 177 179 180 181 182 183 184 185 187 188 189 190 191 192 194 195 196 197 198 199 200 202 203 204 205 206 207 208 209 210 212 213 214 215 217 220 221 223 225 226 227 228 229 230 231 233 234 235 236
Print [key0:key1]: *** lower bound 149
*** upper bound 246
 149 150 151 152 155 156 157 158 159 160 161 162 164 167 169 170 171 172 176 177 179 180 181 182 183 184 185 187 188 189 190 191 192 194 195 196 197 198 199 200 202 203 204 205 206 207 208 209 210 212 213 214 215 217 220 221 223 225 226 227 228 229 230 231 233 234 235 236 237 238 239 240 241 245
Print [key0:key1]: *** lower bound 231
*** upper bound 287
 231 233 234 235 236 237 238 239 240 241 245 246 247 248 250 251 252 253 255 256 257 258 259 262 263 264 265 266 267 269 270 271 272 273 274 275 276 278 279 280 282 285 286
Print [key0:key1]: *** lower bound 0
*** upper bound 69
 0 1 3 4 5 7 8 9 10 11 13 15 18 19 20 21 26 27 28 29 30 32 33 34 36 37 39 40 43 45 46 47 49 50 51 52 53 55 56 57 58 59 60 61 62 63 64 65 66 67 68
Print [key0:key1]: *** lower bound 158
*** upper bound 355
 158 159 160 161 162 164 167 169 170 171 172 176 177 179 180 181 182 183 184 185 187 188 189 190 191 192 194 195 196 197 198 199 200 202 203 204 205 206 207 208 209 210 212 213 214 215 217 220 221 223 225 226 227 228 229 230 231 233 234 235 236 237 238 239 240 241 245 246 247 248 250 251 252 253 255 256 257 258 259 262 263 264 265 266 267 269 270 271 272 273 274 275 276 278 279 280 282 285 286 287 288 289 290 292 294 295 296 297 298 299 300 301 302 308 309 310 312 313 314 315 316 317 318 319 320 322 324 325 326 327 328 330 332 334 335 337 338 339 340 341 342 343 344 345 346 348 350 351 352 354
Print [key0:key1]: Print [key0:key1]: *** lower bound 51
*** upper bound 317
 51 52 53 55 56 57 58 59 60 61 62 63 64 65 66 67 68 69 70 71 72 74 75 76 78 80 81 82 83 86 88 89 90 92 95 101 102 103 105 106 109 112 113 114 115 117 118 119 120 121 122 123 125 126 127 128 129 130 131 132 133 134 136 137 138 139 140 142 144 146 147 149 150 151 152 155 156 157 158 159 160 161 162 164 167 169 170 171 172 176 177 179 180 181 182 183 184 185 187 188 189 190 191 192 194 195 196 197 198 199 200 202 203 204 205 206 207 208 209 210 212 213 214 215 217 220 221 223 225 226 227 228 229 230 231 233 234 235 236 237 238 239 240 241 245 246 247 248 250 251 252 253 255 256 257 258 259 262 263 264 265 266 267 269 270 271 272 273 274 275 276 278 279 280 282 285 286 287 288 289 290 292 294 295 296 297 298 299 300 301 302 308 309 310 312 313 314 315 316
Print [key0:key1]: *** lower bound 86
*** upper bound 322
 86 88 89 90 92 95 101 102 103 105 106 109 112 113 114 115 117 118 119 120 121 122 123 125 126 127 128 129 130 131 132 133 134 136 137 138 139 140 142 144 146 147 149 150 151 152 155 156 157 158 159 160 161 162 164 167 169 170 171 172 176 177 179 180 181 182 183 184 185 187 188 189 190 191 192 194 195 196 197 198 199 200 202 203 204 205 206 207 208 209 210 212 213 214 215 217 220 221 223 225 226 227 228 229 230 231 233 234 235 236 237 238 239 240 241 245 246 247 248 250 251 252 253 255 256 257 258 259 262 263 264 265 266 267 269 270 271 272 273 274 275 276 278 279 280 282 285 286 287 288 289 290 292 294 295 296 297 298 299 300 301 302 308 309 310 312 313 314 315 316 317 318 319 320
Print [key0:key1]: *** lower bound 74
*** upper bound 295
 74 75 76 78 80 81 82 83 86 88 89 90 92 95 101 102 103 105 106 109 112 113 114 115 117 118 119 120 121 122 123 125 126 127 128 129 130 131 132 133 134 136 137 138 139 140 142 144 146 147 149 150 151 152 155 156 157 158 159 160 161 162 164 167 169 170 171 172 176 177 179 180 181 182 183 184 185 187 188 189 190 191 192 194 195 196 197 198 199 200 202 203 204 205 206 207 208 209 210 212 213 214 215 217 220 221 223 225 226 227 228 229 230 231 233 234 235 236 237 238 239 240 241 245 246 247 248 250 251 252 253 255 256 257 258 259 262 263 264 265 266 267 269 270 271 272 273 274 275 276 278 279 280 282 285 286 287 288 289 290 292 294
Print [key0:key1]: Print [key0:key1]: *** lower bound 13
*** upper bound 67
 13 15 18 19 20 21 26 27 28 29 30 32 33 34 36 37 39 40 43 45 46 47 49 50 51 52 53 55 56 57 58 59 60 61 62 63 64 65 66
Print [key0:key1]: *** lower bound 195
*** upper bound 274
 195 196 197 198 199 200 202 203 204 205 206 207 208 209 210 212 213 214 215 217 220 221 223 225 226 227 228 229 230 231 233 234 235 236 237 238 239 240 241 245 246 247 248 250 251 252 253 255 256 257 258 259 262 263 264 265 266 267 269 270 271 272 273
Print [key0:key1]: Print [key0:key1]: Print [key0:key1]: Print [key0:key1]: *** lower bound 60
*** upper bound 138
 60 61 62 63 64 65 66 67 68 69 70 71 72 74 75 76 78 80 81 82 83 86 88 89 90 92 95 101 102 103 105 106 109 112 113 114 115 117 118 119 120 121 122 123 125 126 127 128 129 130 131 132 133 134 136 137
Print [key0:key1]: *** lower bound 0
*** upper bound 149
 0 1 3 4 5 7 8 9 10 11 13 15 18 19 20 21 26 27 28 29 30 32 33 34 36 37 39 40 43 45 46 47 49 50 51 52 53 55 56 57 58 59 60 61 62 63 64 65 66 67 68 69 70 71 72 74 75 76 78 80 81 82 83 86 88 89 90 92 95 101 102 103 105 106 109 112 113 114 115 117 118 119 120 121 122 123 125 126 127 128 129 130 131 132 133 134 136 137 138 139 140 142 144 146 147
Print [key0:key1]: Print [key0:key1]: Print [key0:key1]: Print [key0:key1]: Print [key0:key1]: Print [key0:key1]: *** lower bound 39
*** upper bound 265
 39 40 43 45 46 47 49 50 51 52 53 55 56 57 58 59 60 61 62 63 64 65 66 67 68 69 70 71 72 74 75 76 78 80 81 82 83 86 88 89 90 92 95 101 102 103 105 106 109 112 113 114 115 117 118 119 120 121 122 123 125 126 127 128 129 130 131 132 133 134 136 137 138 139 140 142 144 146 147 149 150 151 152 155 156 157 158 159 160 161 162 164 167 169 170 171 172 176 177 179 180 181 182 183 184 185 187 188 189 190 191 192 194 195 196 197 198 199 200 202 203 204 205 206 207 208 209 210 212 213 214 215 217 220 221 223 225 226 227 228 229 230 231 233 234 235 236 237 238 239 240 241 245 246 247 248 250 251 252 253 255 256 257 258 259 262 263 264
Print [key0:key1]: *** lower bound 155
*** upper bound 292
 155 156 157 158 159 160 161 162 164 167 169 170 171 172 176 177 179 180 181 182 183 184 185 187 188 189 190 191 192 194 195 196 197 198 199 200 202 203 204 205 206 207 208 209 210 212 213 214 215 217 220 221 223 225 226 227 228 229 230 231 233 234 235 236 237 238 239 240 241 245 246 247 248 250 251 252 253 255 256 257 258 259 262 263 264 265 266 267 269 270 271 272 273 274 275 276 278 279 280 282 285 286 287 288 289 290
Print [key0:key1]: *** lower bound 32
*** upper bound 298
 32 33 34 36 37 39 40 43 45 46 47 49 50 51 52 53 55 56 57 58 59 60 61 62 63 64 65 66 67 68 69 70 71 72 74 75 76 78 80 81 82 83 86 88 89 90 92 95 101 102 103 105 106 109 112 113 114 115 117 118 119 120 121 122 123 125 126 127 128 129 130 131 132 133 134 136 137 138 139 140 142 144 146 147 149 150 151 152 155 156 157 158 159 160 161 162 164 167 169 170 171 172 176 177 179 180 181 182 183 184 185 187 188 189 190 191 192 194 195 196 197 198 199 200 202 203 204 205 206 207 208 209 210 212 213 214 215 217 220 221 223 225 226 227 228 229 230 231 233 234 235 236 237 238 239 240 241 245 246 247 248 250 251 252 253 255 256 257 258 259 262 263 264 265 266 267 269 270 271 272 273 274 275 276 278 279 280 282 285 286 287 288 289 290 292 294 295 296 297
Print [key0:key1]: *** lower bound 101
*** upper bound 177
 101 102 103 105 106 109 112 113 114 115 117 118 119 120 121 122 123 125 126 127 128 129 130 131 132 133 134 136 137 138 139 140 142 144 146 147 149 150 151 152 155 156 157 158 159 160 161 162 164 167 169 170 171 172 176
Print [key0:key1]: Print [key0:key1]: *** lower bound 149
*** upper bound 220
 149 150 151 152 155 156 157 158 159 160 161 162 164 167 169 170 171 172 176 177 179 180 181 182 183 184 185 187 188 189 190 191 192 194 195 196 197 198 199 200 202 203 204 205 206 207 208 209 210 212 213 214 215 217
Print [key0:key1]: *** lower bound 0
*** upper bound 61
 0 1 3 4 5 7 8 9 10 11 13 15 18 19 20 21 26 27 28 29 30 32 33 34 36 37 39 40 43 45 46 47 49 50 51 52 53 55 56 57 58 59 60
Print [key0:key1]: *** lower bound 160
*** upper bound 262
 160 161 162 164 167 169 170 171 172 176 177 179 180 181 182 183 184 185 187 188 189 190 191 192 194 195 196 197 198 199 200 202 203 204 205 206 207 208 209 210 212 213 214 215 217 220 221 223 225 226 227 228 229 230 231 233 234 235 236 237 238 239 240 241 245 246 247 248 250 251 252 253 255 256 257 258 259
Print [key0:key1]: *** lower bound 136
*** upper bound 203
 136 137 138 139 140 142 144 146 147 149 150 151 152 155 156 157 158 159 160 161 162 164 167 169 170 171 172 176 177 179 180 181 182 183 184 185 187 188 189 190 191 192 194 195 196 197 198 199 200 202
Print [key0:key1]: *** lower bound 114
*** upper bound 319
 114 115 117 118 119 120 121 122 123 125 126 127 128 129 130 131 132 133 134 136 137 138 139 140 142 144 146 147 149 150 151 152 155 156 157 158 159 160 161 162 164 167 169 170 171 172 176 177 179 180 181 182 183 184 185 187 188 189 190 191 192 194 195 196 197 198 199 200 202 203 204 205 206 207 208 209 210 212 213 214 215 217 220 221 223 225 226 227 228 229 230 231 233 234 235 236 237 238 239 240 241 245 246 247 248 250 251 252 253 255 256 257 258 259 262 263 264 265 266 267 269 270 271 272 273 274 275 276 278 279 280 282 285 286 287 288 289 290 292 294 295 296 297 298 299 300 301 302 308 309 310 312 313 314 315 316 317 318
Print [key0:key1]: Print [key0:key1]: *** lower bound 194
*** upper bound 251
 194 195 196 197 198 199 200 202 203 204 205 206 207 208 209 210 212 213 214 215 217 220 221 223 225 226 227 228 229 230 231 233 234 235 236 237 238 239 240 241 245 246 247 248 250
Print [key0:key1]: *** lower bound 53
*** upper bound 229
 53 55 56 57 58 59 60 61 62 63 64 65 66 67 68 69 70 71 72 74 75 76 78 80 81 82 83 86 88 89 90 92 95 101 102 103 105 106 109 112 113 114 115 117 118 119 120 121 122 123 125 126 127 128 129 130 131 132 133 134 136 137 138 139 140 142 144 146 147 149 150 151 152 155 156 157 158 159 160 161 162 164 167 169 170 171 172 176 177 179 180 181 182 183 184 185 187 188 189 190 191 192 194 195 196 197 198 199 200 202 203 204 205 206 207 208 209 210 212 213 214 215 217 220 221 223 225 226 227 228
Print [key0:key1]: *** lower bound 247
*** upper bound 308
 247 248 250 251 252 253 255 256 257 258 259 262 263 264 265 266 267 269 270 271 272 273 274 275 276 278 279 280 282 285 286 287 288 289 290 292 294 295 296 297 298 299 300 301 302
Print [key0:key1]: *** lower bound 7
*** upper bound 13
 7 8 9 10 11
Print [key0:key1]: *** lower bound 1
*** upper bound 63
 1 3 4 5 7 8 9 10 11 13 15 18 19 20 21 26 27 28 29 30 32 33 34 36 37 39 40 43 45 46 47 49 50 51 52 53 55 56 57 58 59 60 61 62
Print [key0:key1]: *** lower bound 0
*** upper bound 32
 0 1 3 4 5 7 8 9 10 11 13 15 18 19 20 21 26 27 28 29 30
Print [key0:key1]: *** lower bound 187
*** upper bound 223
 187 188 189 190 191 192 194 195 196 197 198 199 200 202 203 204 205 206 207 208 209 210 212 213 214 215 217 220 221
Print [key0:key1]: Print [key0:key1]: *** lower bound 185
*** upper bound 287
 185 187 188 189 190 191 192 194 195 196 197 198 199 200 202 203 204 205 206 207 208 209 210 212 213 214 215 217 220 221 223 225 226 227 228 229 230 231 233 234 235 236 237 238 239 240 241 245 246 247 248 250 251 252 253 255 256 257 258 259 262 263 264 265 266 267 269 270 271 272 273 274 275 276 278 279 280 282 285 286
Print [key0:key1]: Print [key0:key1]: 
