 0 1 2 4 5 7 8 9 10 11 12 15 16 17 18 20 21 23 24 26 27 28 29 33 34 35 36 37 38 39 40 41 43 46 47 49 50 51 52 53 55 56 57 58 59 60 61 62 63 64 65 66 67 68 69 71 72 73 74 77 79 80 81 82 83 84 85 86 87 88 89 91 92 93 94 95 97 98 100 101 102 104 105 106 109 111 112 113 116 117 118 119 121 122 123 124 125 126 127 129 130 132 133 134 136 137 139 141 142 143 145 146 147 148 150 151 152 153 157 158 159 160 161 162 164 166 169 171 172 175 176 177 178 179 182 183 184 185 186 187 189 192 194 195 196 197 198 199 200 201 202 203 204 205 206 207 208 209 210 211 212 214 216 218 219 220 221 222 223 225 226 227 229 230 231 233 235 236 237 238
Print [key0:key1]: *** lower bound 0
*** upper bound 116
 0 1 2 4 5 7 8 9 10 11 12 15 16 17 18 20 21 23 24 26 27 28 29 33 34 35 36 37 38 39 40 41 43 46 47 49 50 51 52 53 55 56 57 58 59 60 61 62 63 64 65 66 67 68 69 71 72 73 74 77 79 80 81 82 83 84 85 86 87 88 89 91 92 93 94 95 97 98 100 101 102 104 105 106 109 111 112 113
Print [key0:key1]: Print [key0:key1]: Print [key0:key1]: *** lower bound 79
*** upper bound 95
 79 80 81 82 83 84 85 86 87 88 89 91 92 93 94
Print [key0:key1]: *** lower bound 77
*** upper bound 159
 77 79 80 81 82 83 84 85 86 87 88 89 91 92 93 94 95 97 98 100 101 102 104 105 106 109 111 112 113 116 117 118 119 121 122 123 124 125 126 127 129 130 132 133 134 136 137 139 141 142 143 145 146 147 148 150 151 152 153 157 158
Print [key0:key1]: *** lower bound 73
*** upper bound 169
 73 74 77 79 80 81 82 83 84 85 86 87 88 89 91 92 93 94 95 97 98 100 101 102 104 105 106 109 111 112 113 116 117 118 119 121 122 123 124 125 126 127 129 130 132 133 134 136 137 139 141 142 143 145 146 147 148 150 151 152 153 157 158 159 160 161 162 164 166
Print [key0:key1]: Print [key0:key1]: *** lower bound 81
*** upper bound 171
 81 82 83 84 85 86 87 88 89 91 92 93 94 95 97 98 100 101 102 104 105 106 109 111 112 113 116 117 118 119 121 122 123 124 125 126 127 129 130 132 133 134 136 137 139 141 142 143 145 146 147 148 150 151 152 153 157 158 159 160 161 162 164 166 169
Print [key0:key1]: Print [key0:key1]: Print [key0:key1]: Print [key0:key1]: Print [key0:key1]: Print [key0:key1]: *** lower bound 118
*** upper bound 133
 118 119 121 122 123 124 125 126 127 129 130 132
Print [key0:key1]: *** lower bound 132
*** upper bound 164
 132 133 134 136 137 139 141 142 143 145 146 147 148 150 151 152 153 157 158 159 160 161 162
Print [key0:key1]: *** lower bound 92
*** upper bound 169
 92 93 94 95 97 98 100 101 102 104 105 106 109 111 112 113 116 117 118 119 121 122 123 124 125 126 127 129 130 132 133 134 136 137 139 141 142 143 145 146 147 148 150 151 152 153 157 158 159 160 161 162 164 166
Print [key0:key1]: *** lower bound 72
*** upper bound 175
 72 73 74 77 79 80 81 82 83 84 85 86 87 88 89 91 92 93 94 95 97 98 100 101 102 104 105 106 109 111 112 113 116 117 118 119 121 122 123 124 125 126 127 129 130 132 133 134 136 137 139 141 142 143 145 146 147 148 150 151 152 153 157 158 159 160 161 162 164 166 169 171 172
Print [key0:key1]: Print [key0:key1]: *** lower bound 33
*** upper bound 192
 33 34 35 36 37 38 39 40 41 43 46 47 49 50 51 52 53 55 56 57 58 59 60 61 62 63 64 65 66 67 68 69 71 72 73 74 77 79 80 81 82 83 84 85 86 87 88 89 91 92 93 94 95 97 98 100 101 102 104 105 106 109 111 112 113 116 117 118 119 121 122 123 124 125 126 127 129 130 132 133 134 136 137 139 141 142 143 145 146 147 148 150 151 152 153 157 158 159 160 161 162 164 166 169 171 172 175 176 177 178 179 182 183 184 185 186 187 189
Print [key0:key1]: *** lower bound 116
*** upper bound 136
 116 117 118 119 121 122 123 124 125 126 127 129 130 132 133 134
Print [key0:key1]: Print [key0:key1]: Print [key0:key1]: *** lower bound 0
*** upper bound 41
 0 1 2 4 5 7 8 9 10 11 12 15 16 17 18 20 21 23 24 26 27 28 29 33 34 35 36 37 38 39 40
Print [key0:key1]: *** lower bound 127
*** upper bound 192
 127 129 130 132 133 134 136 137 139 141 142 143 145 146 147 148 150 151 152 153 157 158 159 160 161 162 164 166 169 171 172 175 176 177 178 179 182 183 184 185 186 187 189
Print [key0:key1]: *** lower bound 23
*** upper bound 50
 23 24 26 27 28 29 33 34 35 36 37 38 39 40 41 43 46 47 49
Print [key0:key1]: Print [key0:key1]: *** lower bound 1
*** upper bound 116
 1 2 4 5 7 8 9 10 11 12 15 16 17 18 20 21 23 24 26 27 28 29 33 34 35 36 37 38 39 40 41 43 46 47 49 50 51 52 53 55 56 57 58 59 60 61 62 63 64 65 66 67 68 69 71 72 73 74 77 79 80 81 82 83 84 85 86 87 88 89 91 92 93 94 95 97 98 100 101 102 104 105 106 109 111 112 113
Print [key0:key1]: *** lower bound 0
*** upper bound 182
 0 1 2 4 5 7 8 9 10 11 12 15 16 17 18 20 21 23 24 26 27 28 29 33 34 35 36 37 38 39 40 41 43 46 47 49 50 51 52 53 55 56 57 58 59 60 61 62 63 64 65 66 67 68 69 71 72 73 74 77 79 80 81 82 83 84 85 86 87 88 89 91 92 93 94 95 97 98 100 101 102 104 105 106 109 111 112 113 116 117 118 119 121 122 123 124 125 126 127 129 130 132 133 134 136 137 139 141 142 143 145 146 147 148 150 151 152 153 157 158 159 160 161 162 164 166 169 171 172 175 176 177 178 179
Print [key0:key1]: Print [key0:key1]: Print [key0:key1]: *** lower bound 113
*** upper bound 151
 113 116 117 118 119 121 122 123 124 125 126 127 129 130 132 133 134 136 137 139 141 142 143 145 146 147 148 150
Print [key0:key1]: *** lower bound 0
*** upper bound 105
 0 1 2 4 5 7 8 9 10 11 12 15 16 17 18 20 21 23 24 26 27 28 29 33 34 35 36 37 38 39 40 41 43 46 47 49 50 51 52 53 55 56 57 58 59 60 61 62 63 64 65 66 67 68 69 71 72 73 74 77 79 80 81 82 83 84 85 86 87 88 89 91 92 93 94 95 97 98 100 101 102 104
Print [key0:key1]: *** lower bound 67
*** upper bound 198
 67 68 69 71 72 73 74 77 79 80 81 82 83 84 85 86 87 88 89 91 92 93 94 95 97 98 100 101 102 104 105 106 109 111 112 113 116 117 118 119 121 122 123 124 125 126 127 129 130 132 133 134 136 137 139 141 142 143 145 146 147 148 150 151 152 153 157 158 159 160 161 162 164 166 169 171 172 175 176 177 178 179 182 183 184 185 186 187 189 192 194 195 196 197
Print [key0:key1]: Print [key0:key1]: Print [key0:key1]: *** lower bound 150
*** upper bound 151
 150
Print [key0:key1]: *** lower bound 65
*** upper bound 92
 65 66 67 68 69 71 72 73 74 77 79 80 81 82 83 84 85 86 87 88 89 91
Print [key0:key1]: Print [key0:key1]: Print [key0:key1]: *** lower bound 116
*** upper bound 178
 116 117 118 119 121 122 123 124 125 126 127 129 130 132 133 134 136 137 139 141 142 143 145 146 147 148 150 151 152 153 157 158 159 160 161 162 164 166 169 171 172 175 176 177
Print [key0:key1]: Print [key0:key1]: *** lower bound 104
*** upper bound 127
 104 105 106 109 111 112 113 116 117 118 119 121 122 123 124 125 126
Print [key0:key1]: Print [key0:key1]: Print [key0:key1]: *** lower bound 147
*** upper bound 161
 147 148 150 151 152 153 157 158 159 160
Print [key0:key1]: *** lower bound 37
*** upper bound 92
 37 38 39 40 41 43 46 47 49 50 51 52 53 55 56 57 58 59 60 61 62 63 64 65 66 67 68 69 71 72 73 74 77 79 80 81 82 83 84 85 86 87 88 89 91
Print [key0:key1]: *** lower bound 46
*** upper bound 47
 46
Print [key0:key1]: Print [key0:key1]: *** lower bound 101
*** upper bound 161
 101 102 104 105 106 109 111 112 113 116 117 118 119 121 122 123 124 125 126 127 129 130 132 133 134 136 137 139 141 142 143 145 146 147 148 150 151 152 153 157 158 159 160
Print [key0:key1]: *** lower bound 104
*** upper bound 116
 104 105 106 109 111 112 113
Print [key0:key1]: *** lower bound 28
*** upper bound 147
 28 29 33 34 35 36 37 38 39 40 41 43 46 47 49 50 51 52 53 55 56 57 58 59 60 61 62 63 64 65 66 67 68 69 71 72 73 74 77 79 80 81 82 83 84 85 86 87 88 89 91 92 93 94 95 97 98 100 101 102 104 105 106 109 111 112 113 116 117 118 119 121 122 123 124 125 126 127 129 130 132 133 134 136 137 139 141 142 143 145 146
Print [key0:key1]: Print [key0:key1]: *** lower bound 136
*** upper bound 175
 136 137 139 141 142 143 145 146 147 148 150 151 152 153 157 158 159 160 161 162 164 166 169 171 172
Print [key0:key1]: *** lower bound 0
*** upper bound 104
 0 1 2 4 5 7 8 9 10 11 12 15 16 17 18 20 21 23 24 26 27 28 29 33 34 35 36 37 38 39 40 41 43 46 47 49 50 51 52 53 55 56 57 58 59 60 61 62 63 64 65 66 67 68 69 71 72 73 74 77 79 80 81 82 83 84 85 86 87 88 89 91 92 93 94 95 97 98 100 101 102
Print [key0:key1]: *** lower bound 89
*** upper bound 148
 89 91 92 93 94 95 97 98 100 101 102 104 105 106 109 111 112 113 116 117 118 119 121 122 123 124 125 126 127 129 130 132 133 134 136 137 139 141 142 143 145 146 147
Print [key0:key1]: Print [key0:key1]: *** lower bound 8
*** upper bound 89
 8 9 10 11 12 15 16 17 18 20 21 23 24 26 27 28 29 33 34 35 36 37 38 39 40 41 43 46 47 49 50 51 52 53 55 56 57 58 59 60 61 62 63 64 65 66 67 68 69 71 72 73 74 77 79 80 81 82 83 84 85 86 87 88
Print [key0:key1]: *** lower bound 49
*** upper bound 160
 49 50 51 52 53 55 56 57 58 59 60 61 62 63 64 65 66 67 68 69 71 72 73 74 77 79 80 81 82 83 84 85 86 87 88 89 91 92 93 94 95 97 98 100 101 102 104 105 106 109 111 112 113 116 117 118 119 121 122 123 124 125 126 127 129 130 132 133 134 136 137 139 141 142 143 145 146 147 148 150 151 152 153 157 158 159
Print [key0:key1]: *** lower bound 33
*** upper bound 139
 33 34 35 36 37 38 39 40 41 43 46 47 49 50 51 52 53 55 56 57 58 59 60 61 62 63 64 65 66 67 68 69 71 72 73 74 77 79 80 81 82 83 84 85 86 87 88 89 91 92 93 94 95 97 98 100 101 102 104 105 106 109 111 112 113 116 117 118 119 121 122 123 124 125 126 127 129 130 132 133 134 136 137
Print [key0:key1]: Print [key0:key1]: *** lower bound 147
*** upper bound 183
 147 148 150 151 152 153 157 158 159 160 161 162 164 166 169 171 172 175 176 177 178 179 182
Print [key0:key1]: *** lower bound 134
*** upper bound 169
 134 136 137 139 141 142 143 145 146 147 148 150 151 152 153 157 158 159 160 161 162 164 166
Print [key0:key1]: *** lower bound 79
*** upper bound 121
 79 80 81 82 83 84 85 86 87 88 89 91 92 93 94 95 97 98 100 101 102 104 105 106 109 111 112 113 116 117 118 119
Print [key0:key1]: *** lower bound 58
*** upper bound 92
 58 59 60 61 62 63 64 65 66 67 68 69 71 72 73 74 77 79 80 81 82 83 84 85 86 87 88 89 91
Print [key0:key1]: Print [key0:key1]: *** lower bound 0
*** upper bound 80
 0 1 2 4 5 7 8 9 10 11 12 15 16 17 18 20 21 23 24 26 27 28 29 33 34 35 36 37 38 39 40 41 43 46 47 49 50 51 52 53 55 56 57 58 59 60 61 62 63 64 65 66 67 68 69 71 72 73 74 77 79
Print [key0:key1]: Print [key0:key1]: Print [key0:key1]: Print [key0:key1]: Print [key0:key1]: *** lower bound 97
*** upper bound 195
 97 98 100 101 102 104 105 106 109 111 112 113 116 117 118 119 121 122 123 124 125 126 127 129 130 132 133 134 136 137 139 141 142 143 145 146 147 148 150 151 152 153 157 158 159 160 161 162 164 166 169 171 172 175 176 177 178 179 182 183 184 185 186 187 189 192 194
Print [key0:key1]: *** lower bound 123
*** upper bound 197
 123 124 125 126 127 129 130 132 133 134 136 137 139 141 142 143 145 146 147 148 150 151 152 153 157 158 159 160 161 162 164 166 169 171 172 175 176 177 178 179 182 183 184 185 186 187 189 192 194 195 196
Print [key0:key1]: Print [key0:key1]: Print [key0:key1]: *** lower bound 0
*** upper bound 34
 0 1 2 4 5 7 8 9 10 11 12 15 16 17 18 20 21 23 24 26 27 28 29 33
Print [key0:key1]: Print [key0:key1]: Print [key0:key1]: *** lower bound 73
*** upper bound 186
 73 74 77 79 80 81 82 83 84 85 86 87 88 89 91 92 93 94 95 97 98 100 101 102 104 105 106 109 111 112 113 116 117 118 119 121 122 123 124 125 126 127 129 130 132 133 134 136 137 139 141 142 143 145 146 147 148 150 151 152 153 157 158 159 160 161 162 164 166 169 171 172 175 176 177 178 179 182 183 184 185
Print [key0:key1]: Print [key0:key1]: Print [key0:key1]: Print [key0:key1]: Print [key0:key1]: *** lower bound 20
*** upper bound 157
 20 21 23 24 26 27 28 29 33 34 35 36 37 38 39 40 41 43 46 47 49 50 51 52 53 55 56 57 58 59 60 61 62 63 64 65 66 67 68 69 71 72 73 74 77 79 80 81 82 83 84 85 86 87 88 89 91 92 93 94 95 97 98 100 101 102 104 105 106 109 111 112 113 116 117 118 119 121 122 123 124 125 126 127 129 130 132 133 134 136 137 139 141 142 143 145 146 147 148 150 151 152 153
Print [key0:key1]: Print [key0:key1]: Print [key0:key1]: *** lower bound 26
*** upper bound 133
 26 27 28 29 33 34 35 36 37 38 39 40 41 43 46 47 49 50 51 52 53 55 56 57 58 59 60 61 62 63 64 65 66 67 68 69 71 72 73 74 77 79 80 81 82 83 84 85 86 87 88 89 91 92 93 94 95 97 98 100 101 102 104 105 106 109 111 112 113 116 117 118 119 121 122 123 124 125 126 127 129 130 132
Print [key0:key1]: *** lower bound 53
*** upper bound 195
 53 55 56 57 58 59 60 61 62 63 64 65 66 67 68 69 71 72 73 74 77 79 80 81 82 83 84 85 86 87 88 89 91 92 93 94 95 97 98 100 101 102 104 105 106 109 111 112 113 116 117 118 119 121 122 123 124 125 126 127 129 130 132 133 134 136 137 139 141 142 143 145 146 147 148 150 151 152 153 157 158 159 160 161 162 164 166 169 171 172 175 176 177 178 179 182 183 184 185 186 187 189 192 194
Print [key0:key1]: *** lower bound 0
*** upper bound 97
 0 1 2 4 5 7 8 9 10 11 12 15 16 17 18 20 21 23 24 26 27 28 29 33 34 35 36 37 38 39 40 41 43 46 47 49 50 51 52 53 55 56 57 58 59 60 61 62 63 64 65 66 67 68 69 71 72 73 74 77 79 80 81 82 83 84 85 86 87 88 89 91 92 93 94 95
Print [key0:key1]: Print [key0:key1]: Print [key0:key1]: 
