READ
| --------------------------- |
| 0  0  0 | 0  0  0 | 0  2  0 |
| 7  1  0 | 3  0  0 | 0  0  4 |
| 4  0  0 | 0  0  0 | 8  0  0 |
| --------------------------- |
| 6  0  0 | 0  0  0 | 7  8  0 |
| 0  0  5 | 0  0  7 | 0  0  1 |
| 1  7  0 | 0  6  8 | 0  0  5 |
| --------------------------- |
| 0  0  0 | 0  5  3 | 4  0  8 |
| 0  0  0 | 2  0  1 | 0  5  0 |
| 0  0  0 | 0  8  0 | 0  6  0 |
| --------------------------- |
SOLVE
| --------------------------- |
| 9  5  3 | 8  7  4 | 1  2  6 |
| 7  1  8 | 3  2  6 | 5  9  4 |
| 4  6  2 | 1  9  5 | 8  7  3 |
| --------------------------- |
| 6  3  4 | 5  1  2 | 7  8  9 |
| 8  2  5 | 9  3  7 | 6  4  1 |
| 1  7  9 | 4  6  8 | 2  3  5 |
| --------------------------- |
| 2  9  7 | 6  5  3 | 4  1  8 |
| 3  8  6 | 2  4  1 | 9  5  7 |
| 5  4  1 | 7  8  9 | 3  6  2 |
| --------------------------- |
Time: 0.71 msec (0.000714 sec)
