READ
| --------------------------- |
| 0  3  0 | 0  0  0 | 1  0  2 |
| 8  0  5 | 0  0  2 | 0  0  0 |
| 0  0  2 | 1  0  0 | 4  8  0 |
| --------------------------- |
| 6  0  1 | 0  5  0 | 9  0  0 |
| 0  0  0 | 0  0  0 | 0  1  0 |
| 0  0  0 | 3  2  0 | 7  0  0 |
| --------------------------- |
| 0  0  7 | 5  8  0 | 0  0  0 |
| 0  9  0 | 0  0  0 | 0  0  0 |
| 0  0  0 | 7  0  4 | 3  0  0 |
| --------------------------- |
SOLVE
| --------------------------- |
| 9  3  4 | 8  7  6 | 1  5  2 |
| 8  1  5 | 9  4  2 | 6  3  7 |
| 7  6  2 | 1  3  5 | 4  8  9 |
| --------------------------- |
| 6  7  1 | 4  5  8 | 9  2  3 |
| 4  2  3 | 6  9  7 | 8  1  5 |
| 5  8  9 | 3  2  1 | 7  4  6 |
| --------------------------- |
| 3  4  7 | 5  8  9 | 2  6  1 |
| 1  9  8 | 2  6  3 | 5  7  4 |
| 2  5  6 | 7  1  4 | 3  9  8 |
| --------------------------- |
Time: 3.39 msec (0.003389 sec)
