READ
| --------------------------- |
| 0  0  5 | 0  0  8 | 0  7  0 |
| 0  0  0 | 0  4  0 | 2  0  9 |
| 0  1  4 | 0  3  0 | 0  0  0 |
| --------------------------- |
| 0  0  0 | 0  0  6 | 0  2  0 |
| 0  6  3 | 4  0  0 | 0  0  7 |
| 0  0  1 | 0  0  0 | 9  0  0 |
| --------------------------- |
| 0  0  9 | 5  0  0 | 0  3  0 |
| 5  0  0 | 0  8  0 | 0  0  4 |
| 0  8  6 | 0  9  0 | 0  0  0 |
| --------------------------- |
SOLVE
Made it passed the for loop!
| --------------------------- |
| 0  0  5 | 0  0  8 | 0  7  0 |
| 0  0  0 | 0  4  0 | 2  0  9 |
| 0  1  4 | 0  3  0 | 0  0  0 |
| --------------------------- |
| 0  0  0 | 0  0  6 | 0  2  0 |
| 0  6  3 | 4  0  0 | 0  0  7 |
| 0  0  1 | 0  0  0 | 9  0  0 |
| --------------------------- |
| 0  0  9 | 5  0  0 | 0  3  0 |
| 5  0  0 | 0  8  0 | 0  0  4 |
| 0  8  6 | 0  9  0 | 0  0  0 |
| --------------------------- |
