READ
| --------------------------- |
| 6  0  0 | 9  0  8 | 0  2  0 |
| 0  0  7 | 6  0  0 | 0  4  0 |
| 0  9  0 | 0  0  0 | 0  0  0 |
| --------------------------- |
| 0  4  0 | 0  0  0 | 0  0  9 |
| 0  6  0 | 0  0  0 | 2  5  0 |
| 9  0  1 | 0  3  0 | 0  0  7 |
| --------------------------- |
| 0  0  0 | 0  7  2 | 3  0  5 |
| 0  0  0 | 0  0  6 | 0  0  0 |
| 0  0  0 | 0  4  0 | 0  0  8 |
| --------------------------- |
SOLVE
| --------------------------- |
| 6  1  4 | 9  5  8 | 7  2  3 |
| 8  5  7 | 6  2  3 | 9  4  1 |
| 3  9  2 | 7  1  4 | 5  8  6 |
| --------------------------- |
| 5  4  8 | 2  6  7 | 1  3  9 |
| 7  6  3 | 8  9  1 | 2  5  4 |
| 9  2  1 | 4  3  5 | 8  6  7 |
| --------------------------- |
| 4  8  6 | 1  7  2 | 3  9  5 |
| 1  3  9 | 5  8  6 | 4  7  2 |
| 2  7  5 | 3  4  9 | 6  1  8 |
| --------------------------- |
Time: 1.00 msec (0.001001 sec)
