READ
| --------------------------- |
| 0  4  0 | 0  0  3 | 2  0  0 |
| 0  0  8 | 0  1  0 | 0  3  6 |
| 0  0  0 | 8  9  0 | 0  5  0 |
| --------------------------- |
| 0  0  0 | 0  0  6 | 5  0  4 |
| 0  0  0 | 7  0  0 | 0  0  0 |
| 0  0  0 | 0  2  0 | 6  9  0 |
| --------------------------- |
| 0  0  0 | 3  0  7 | 0  0  0 |
| 1  2  5 | 0  0  8 | 0  0  0 |
| 4  7  0 | 0  0  0 | 0  0  0 |
| --------------------------- |
SOLVE
| --------------------------- |
| 5  4  1 | 6  7  3 | 2  8  9 |
| 7  9  8 | 5  1  2 | 4  3  6 |
| 3  6  2 | 8  9  4 | 7  5  1 |
| --------------------------- |
| 2  3  9 | 1  8  6 | 5  7  4 |
| 6  5  4 | 7  3  9 | 8  1  2 |
| 8  1  7 | 4  2  5 | 6  9  3 |
| --------------------------- |
| 9  8  6 | 3  4  7 | 1  2  5 |
| 1  2  5 | 9  6  8 | 3  4  7 |
| 4  7  3 | 2  5  1 | 9  6  8 |
| --------------------------- |
Time: 1.58 msec (0.001576 sec)
