READ
| --------------------------- |
| 2  0  1 | 0  0  0 | 4  0  0 |
| 0  0  4 | 0  0  9 | 7  0  1 |
| 0  9  0 | 0  0  0 | 0  5  6 |
| --------------------------- |
| 0  0  0 | 2  1  0 | 5  0  0 |
| 0  0  0 | 9  0  0 | 0  4  8 |
| 7  0  5 | 0  0  8 | 0  0  0 |
| --------------------------- |
| 0  0  0 | 0  0  0 | 0  0  0 |
| 0  0  7 | 0  4  0 | 0  0  0 |
| 0  5  0 | 0  0  0 | 0  6  9 |
| --------------------------- |
SOLVE
| --------------------------- |
| 2  7  1 | 8  6  5 | 4  9  3 |
| 5  6  4 | 3  2  9 | 7  8  1 |
| 3  9  8 | 4  7  1 | 2  5  6 |
| --------------------------- |
| 6  8  9 | 2  1  4 | 5  3  7 |
| 1  2  3 | 9  5  7 | 6  4  8 |
| 7  4  5 | 6  3  8 | 9  1  2 |
| --------------------------- |
| 8  1  6 | 5  9  2 | 3  7  4 |
| 9  3  7 | 1  4  6 | 8  2  5 |
| 4  5  2 | 7  8  3 | 1  6  9 |
| --------------------------- |
Time: 0.60 msec (0.000602 sec)
