READ
| --------------------------- |
| 8  0  0 | 0  0  0 | 9  0  0 |
| 0  5  0 | 4  0  0 | 0  8  0 |
| 9  0  0 | 0  5  0 | 1  3  0 |
| --------------------------- |
| 0  0  0 | 0  0  0 | 8  0  0 |
| 3  0  0 | 0  0  4 | 0  9  0 |
| 4  0  7 | 0  8  3 | 0  2  0 |
| --------------------------- |
| 0  0  6 | 8  0  0 | 0  0  0 |
| 0  0  0 | 9  2  0 | 6  0  0 |
| 0  0  0 | 0  0  0 | 3  0  0 |
| --------------------------- |
SOLVE
Made it passed the for loop!
| --------------------------- |
| 8  0  0 | 0  0  0 | 9  0  0 |
| 0  5  0 | 4  0  0 | 0  8  0 |
| 9  0  0 | 0  5  0 | 1  3  0 |
| --------------------------- |
| 0  0  0 | 0  0  0 | 8  0  0 |
| 3  0  0 | 0  0  4 | 0  9  0 |
| 4  0  7 | 0  8  3 | 0  2  0 |
| --------------------------- |
| 0  0  6 | 8  0  0 | 0  0  0 |
| 0  0  0 | 9  2  0 | 6  0  0 |
| 0  0  0 | 0  0  0 | 3  0  0 |
| --------------------------- |
