READ
| --------------------------- |
| 0  0  0 | 5  0  0 | 0  0  0 |
| 0  0  0 | 0  0  6 | 0  0  7 |
| 9  5  7 | 0  3  0 | 0  0  0 |
| --------------------------- |
| 0  0  0 | 6  0  0 | 0  4  8 |
| 6  0  5 | 0  0  0 | 0  0  1 |
| 0  4  0 | 1  2  0 | 0  0  9 |
| --------------------------- |
| 0  0  9 | 0  0  0 | 0  0  6 |
| 0  0  4 | 0  9  2 | 0  0  0 |
| 7  2  0 | 0  0  8 | 0  0  0 |
| --------------------------- |
SOLVE
Made it passed the for loop!
| --------------------------- |
| 0  0  0 | 5  0  0 | 0  0  0 |
| 0  0  0 | 0  0  6 | 0  0  7 |
| 9  5  7 | 0  3  0 | 0  0  0 |
| --------------------------- |
| 0  0  0 | 6  0  0 | 0  4  8 |
| 6  0  5 | 0  0  0 | 0  0  1 |
| 0  4  0 | 1  2  0 | 0  0  9 |
| --------------------------- |
| 0  0  9 | 0  0  0 | 0  0  6 |
| 0  0  4 | 0  9  2 | 0  0  0 |
| 7  2  0 | 0  0  8 | 0  0  0 |
| --------------------------- |
