READ
| --------------------------- |
| 0  0  0 | 5  0  0 | 0  0  0 |
| 0  0  0 | 0  0  0 | 0  8  3 |
| 0  3  0 | 0  0  0 | 9  0  0 |
| --------------------------- |
| 0  0  4 | 0  2  1 | 0  3  0 |
| 1  0  0 | 0  0  0 | 0  0  2 |
| 6  0  0 | 9  4  0 | 1  0  8 |
| --------------------------- |
| 0  7  9 | 0  0  4 | 0  0  0 |
| 5  8  1 | 0  0  0 | 0  0  0 |
| 0  0  0 | 2  8  0 | 0  0  0 |
| --------------------------- |
SOLVE
Made it passed the for loop!
| --------------------------- |
| 0  0  0 | 5  0  0 | 0  0  0 |
| 0  0  0 | 0  0  0 | 0  8  3 |
| 0  3  0 | 0  0  0 | 9  0  0 |
| --------------------------- |
| 0  0  4 | 0  2  1 | 0  3  0 |
| 1  0  0 | 0  0  0 | 0  0  2 |
| 6  0  0 | 9  4  0 | 1  0  8 |
| --------------------------- |
| 0  7  9 | 0  0  4 | 0  0  0 |
| 5  8  1 | 0  0  0 | 0  0  0 |
| 0  0  0 | 2  8  0 | 0  0  0 |
| --------------------------- |
