READ
| --------------------------- |
| 0  0  0 | 5  8  0 | 4  0  0 |
| 0  4  0 | 0  0  0 | 0  0  5 |
| 0  0  8 | 0  3  0 | 6  0  7 |
| --------------------------- |
| 0  7  0 | 0  0  2 | 0  0  0 |
| 0  0  3 | 0  0  0 | 0  0  4 |
| 2  0  0 | 4  0  0 | 0  0  0 |
| --------------------------- |
| 6  0  0 | 0  0  0 | 0  8  9 |
| 1  0  5 | 2  0  0 | 0  0  0 |
| 0  0  9 | 0  7  8 | 0  0  0 |
| --------------------------- |
SOLVE
| --------------------------- |
| 7  9  2 | 5  8  6 | 4  3  1 |
| 3  4  6 | 7  2  1 | 8  9  5 |
| 5  1  8 | 9  3  4 | 6  2  7 |
| --------------------------- |
| 9  7  4 | 8  1  2 | 3  5  6 |
| 8  5  3 | 6  9  7 | 2  1  4 |
| 2  6  1 | 4  5  3 | 9  7  8 |
| --------------------------- |
| 6  2  7 | 3  4  5 | 1  8  9 |
| 1  8  5 | 2  6  9 | 7  4  3 |
| 4  3  9 | 1  7  8 | 5  6  2 |
| --------------------------- |
Time: 2.99 msec (0.002986 sec)
