READ
| --------------------------- |
| 0  0  0 | 0  6  0 | 0  9  0 |
| 0  0  0 | 0  1  0 | 6  7  0 |
| 0  0  6 | 0  0  0 | 2  5  3 |
| --------------------------- |
| 0  7  8 | 0  0  0 | 0  0  0 |
| 0  0  5 | 0  9  2 | 0  0  0 |
| 0  0  0 | 0  0  0 | 0  0  9 |
| --------------------------- |
| 8  6  0 | 0  0  3 | 0  0  0 |
| 1  0  2 | 0  0  4 | 5  3  0 |
| 0  0  0 | 0  7  0 | 0  0  0 |
| --------------------------- |
SOLVE
Made it passed the for loop!
| --------------------------- |
| 0  0  0 | 0  6  0 | 0  9  0 |
| 0  0  0 | 0  1  0 | 6  7  0 |
| 0  0  6 | 0  0  0 | 2  5  3 |
| --------------------------- |
| 0  7  8 | 0  0  0 | 0  0  0 |
| 0  0  5 | 0  9  2 | 0  0  0 |
| 0  0  0 | 0  0  0 | 0  0  9 |
| --------------------------- |
| 8  6  0 | 0  0  3 | 0  0  0 |
| 1  0  2 | 0  0  4 | 5  3  0 |
| 0  0  0 | 0  7  0 | 0  0  0 |
| --------------------------- |
