READ
| --------------------------- |
| 7  0  0 | 0  9  0 | 0  1  0 |
| 0  0  0 | 0  2  0 | 0  9  8 |
| 5  0  0 | 8  0  0 | 0  0  4 |
| --------------------------- |
| 8  0  0 | 6  0  0 | 0  0  0 |
| 0  0  0 | 1  0  7 | 0  0  0 |
| 0  9  7 | 0  0  0 | 0  0  0 |
| --------------------------- |
| 0  0  0 | 0  4  0 | 6  0  2 |
| 0  0  0 | 0  0  6 | 8  0  0 |
| 0  5  2 | 0  0  0 | 0  0  9 |
| --------------------------- |
SOLVE
Made it passed the for loop!
| --------------------------- |
| 7  0  0 | 0  9  0 | 0  1  0 |
| 0  0  0 | 0  2  0 | 0  9  8 |
| 5  0  0 | 8  0  0 | 0  0  4 |
| --------------------------- |
| 8  0  0 | 6  0  0 | 0  0  0 |
| 0  0  0 | 1  0  7 | 0  0  0 |
| 0  9  7 | 0  0  0 | 0  0  0 |
| --------------------------- |
| 0  0  0 | 0  4  0 | 6  0  2 |
| 0  0  0 | 0  0  6 | 8  0  0 |
| 0  5  2 | 0  0  0 | 0  0  9 |
| --------------------------- |
