READ
| --------------------------- |
| 0  0  9 | 0  0  0 | 0  0  0 |
| 8  0  0 | 0  0  0 | 4  6  0 |
| 0  0  6 | 0  0  0 | 0  3  8 |
| --------------------------- |
| 0  0  0 | 7  6  4 | 0  0  0 |
| 0  0  7 | 0  0  0 | 0  0  0 |
| 4  0  0 | 3  8  0 | 0  5  0 |
| --------------------------- |
| 0  7  1 | 5  0  0 | 6  0  0 |
| 0  0  0 | 8  0  0 | 0  0  1 |
| 0  0  3 | 2  0  0 | 0  0  5 |
| --------------------------- |
SOLVE
| --------------------------- |
| 1  4  9 | 6  3  8 | 5  2  7 |
| 8  3  5 | 1  7  2 | 4  6  9 |
| 7  2  6 | 4  5  9 | 1  3  8 |
| --------------------------- |
| 5  1  8 | 7  6  4 | 2  9  3 |
| 3  6  7 | 9  2  5 | 8  1  4 |
| 4  9  2 | 3  8  1 | 7  5  6 |
| --------------------------- |
| 9  7  1 | 5  4  3 | 6  8  2 |
| 2  5  4 | 8  9  6 | 3  7  1 |
| 6  8  3 | 2  1  7 | 9  4  5 |
| --------------------------- |
Time: 4.25 msec (0.004254 sec)
