READ
| --------------------------- |
| 7  0  3 | 0  0  0 | 0  0  0 |
| 0  0  0 | 9  0  0 | 0  0  4 |
| 6  0  5 | 0  4  0 | 0  7  0 |
| --------------------------- |
| 3  0  0 | 1  0  0 | 0  0  8 |
| 4  0  0 | 0  2  5 | 0  0  0 |
| 0  0  0 | 0  0  0 | 0  0  0 |
| --------------------------- |
| 0  0  0 | 0  5  0 | 0  6  0 |
| 0  2  4 | 0  7  0 | 5  0  0 |
| 0  7  0 | 8  0  0 | 2  9  0 |
| --------------------------- |
SOLVE
| --------------------------- |
| 7  4  3 | 5  8  2 | 6  1  9 |
| 2  1  8 | 9  6  7 | 3  5  4 |
| 6  9  5 | 3  4  1 | 8  7  2 |
| --------------------------- |
| 3  5  2 | 1  9  6 | 7  4  8 |
| 4  8  9 | 7  2  5 | 1  3  6 |
| 1  6  7 | 4  3  8 | 9  2  5 |
| --------------------------- |
| 8  3  1 | 2  5  9 | 4  6  7 |
| 9  2  4 | 6  7  3 | 5  8  1 |
| 5  7  6 | 8  1  4 | 2  9  3 |
| --------------------------- |
Time: 0.85 msec (0.000849 sec)
