READ
| --------------------------- |
| 0  0  6 | 3  0  0 | 4  5  0 |
| 0  5  0 | 0  0  0 | 0  0  0 |
| 1  0  7 | 0  0  0 | 0  0  6 |
| --------------------------- |
| 0  0  0 | 0  0  4 | 0  6  9 |
| 3  0  8 | 0  0  0 | 0  0  5 |
| 0  0  0 | 0  0  0 | 8  0  0 |
| --------------------------- |
| 0  0  0 | 0  0  6 | 0  8  0 |
| 9  0  0 | 0  1  0 | 3  0  0 |
| 0  4  1 | 5  0  0 | 0  0  0 |
| --------------------------- |
SOLVE
| --------------------------- |
| 2  8  6 | 3  9  1 | 4  5  7 |
| 4  5  9 | 6  2  7 | 1  3  8 |
| 1  3  7 | 4  8  5 | 9  2  6 |
| --------------------------- |
| 5  1  2 | 8  3  4 | 7  6  9 |
| 3  7  8 | 1  6  9 | 2  4  5 |
| 6  9  4 | 7  5  2 | 8  1  3 |
| --------------------------- |
| 7  2  3 | 9  4  6 | 5  8  1 |
| 9  6  5 | 2  1  8 | 3  7  4 |
| 8  4  1 | 5  7  3 | 6  9  2 |
| --------------------------- |
Time: 1.86 msec (0.001858 sec)
