READ
| --------------------------- |
| 5  0  0 | 0  0  0 | 0  0  0 |
| 0  4  3 | 0  0  0 | 0  0  1 |
| 0  0  0 | 0  0  0 | 3  0  0 |
| --------------------------- |
| 8  0  0 | 6  4  0 | 0  9  0 |
| 6  2  0 | 0  0  0 | 7  0  0 |
| 9  0  0 | 0  5  0 | 0  0  0 |
| --------------------------- |
| 0  0  9 | 1  0  2 | 0  3  0 |
| 4  0  0 | 0  0  3 | 0  0  0 |
| 0  0  1 | 0  0  8 | 0  0  5 |
| --------------------------- |
SOLVE
| --------------------------- |
| 5  9  6 | 3  1  4 | 8  2  7 |
| 2  4  3 | 7  8  6 | 9  5  1 |
| 1  7  8 | 9  2  5 | 3  4  6 |
| --------------------------- |
| 8  3  7 | 6  4  1 | 5  9  2 |
| 6  2  5 | 8  3  9 | 7  1  4 |
| 9  1  4 | 2  5  7 | 6  8  3 |
| --------------------------- |
| 7  5  9 | 1  6  2 | 4  3  8 |
| 4  8  2 | 5  7  3 | 1  6  9 |
| 3  6  1 | 4  9  8 | 2  7  5 |
| --------------------------- |
Time: 1.30 msec (0.001301 sec)
