READ
| --------------------------- |
| 0  0  0 | 6  0  0 | 0  0  0 |
| 0  0  8 | 0  0  0 | 9  6  0 |
| 2  0  0 | 0  0  0 | 0  8  0 |
| --------------------------- |
| 0  0  0 | 0  9  0 | 1  2  0 |
| 0  7  0 | 0  2  3 | 0  0  8 |
| 0  0  0 | 8  0  0 | 0  9  0 |
| --------------------------- |
| 0  0  7 | 0  6  4 | 0  5  0 |
| 0  0  5 | 3  0  0 | 0  0  1 |
| 0  9  6 | 0  7  0 | 0  0  0 |
| --------------------------- |
SOLVE
| --------------------------- |
| 9  4  3 | 6  5  8 | 7  1  2 |
| 7  5  8 | 4  1  2 | 9  6  3 |
| 2  6  1 | 9  3  7 | 4  8  5 |
| --------------------------- |
| 3  8  4 | 7  9  5 | 1  2  6 |
| 6  7  9 | 1  2  3 | 5  4  8 |
| 5  1  2 | 8  4  6 | 3  9  7 |
| --------------------------- |
| 1  3  7 | 2  6  4 | 8  5  9 |
| 4  2  5 | 3  8  9 | 6  7  1 |
| 8  9  6 | 5  7  1 | 2  3  4 |
| --------------------------- |
Time: 0.52 msec (0.000520 sec)
