READ
| --------------------------- |
| 0  8  0 | 7  0  9 | 0  0  0 |
| 0  1  0 | 6  0  0 | 0  5  0 |
| 0  9  0 | 0  0  1 | 0  0  0 |
| --------------------------- |
| 1  0  0 | 0  0  0 | 0  9  0 |
| 0  0  0 | 0  4  0 | 3  0  8 |
| 8  0  0 | 3  0  0 | 0  0  0 |
| --------------------------- |
| 3  0  0 | 0  6  0 | 2  0  0 |
| 0  0  0 | 0  0  0 | 0  0  0 |
| 6  2  0 | 9  5  0 | 1  8  7 |
| --------------------------- |
SOLVE
| --------------------------- |
| 5  8  3 | 7  2  9 | 4  6  1 |
| 2  1  7 | 6  8  4 | 9  5  3 |
| 4  9  6 | 5  3  1 | 8  7  2 |
| --------------------------- |
| 1  3  5 | 2  7  8 | 6  9  4 |
| 7  6  9 | 1  4  5 | 3  2  8 |
| 8  4  2 | 3  9  6 | 7  1  5 |
| --------------------------- |
| 3  5  1 | 8  6  7 | 2  4  9 |
| 9  7  8 | 4  1  2 | 5  3  6 |
| 6  2  4 | 9  5  3 | 1  8  7 |
| --------------------------- |
Time: 1.29 msec (0.001289 sec)
