READ
| --------------------------- |
| 9  0  0 | 0  0  0 | 0  4  0 |
| 8  2  0 | 0  4  0 | 0  0  0 |
| 0  0  5 | 0  0  9 | 0  0  0 |
| --------------------------- |
| 2  0  4 | 0  0  0 | 5  0  0 |
| 0  0  6 | 8  0  0 | 0  0  9 |
| 0  5  0 | 6  0  0 | 4  0  1 |
| --------------------------- |
| 7  0  0 | 0  0  0 | 0  0  2 |
| 0  0  0 | 5  0  0 | 9  0  0 |
| 0  0  0 | 0  2  1 | 3  0  6 |
| --------------------------- |
SOLVE
Made it passed the for loop!
| --------------------------- |
| 9  0  0 | 0  0  0 | 0  4  0 |
| 8  2  0 | 0  4  0 | 0  0  0 |
| 0  0  5 | 0  0  9 | 0  0  0 |
| --------------------------- |
| 2  0  4 | 0  0  0 | 5  0  0 |
| 0  0  6 | 8  0  0 | 0  0  9 |
| 0  5  0 | 6  0  0 | 4  0  1 |
| --------------------------- |
| 7  0  0 | 0  0  0 | 0  0  2 |
| 0  0  0 | 5  0  0 | 9  0  0 |
| 0  0  0 | 0  2  1 | 3  0  6 |
| --------------------------- |
