READ
| --------------------------- |
| 0  1  0 | 0  0  0 | 0  5  0 |
| 6  5  0 | 0  0  0 | 2  0  0 |
| 0  0  4 | 0  5  7 | 0  0  0 |
| --------------------------- |
| 4  0  0 | 0  0  6 | 1  0  0 |
| 0  0  0 | 0  0  0 | 0  4  2 |
| 3  0  0 | 0  0  0 | 9  0  0 |
| --------------------------- |
| 0  0  7 | 4  0  5 | 0  3  9 |
| 0  0  0 | 2  8  0 | 0  0  5 |
| 0  0  0 | 0  9  0 | 0  0  0 |
| --------------------------- |
SOLVE
| --------------------------- |
| 7  1  9 | 6  3  2 | 4  5  8 |
| 6  5  3 | 1  4  8 | 2  9  7 |
| 2  8  4 | 9  5  7 | 3  6  1 |
| --------------------------- |
| 4  9  5 | 8  2  6 | 1  7  3 |
| 8  6  1 | 3  7  9 | 5  4  2 |
| 3  7  2 | 5  1  4 | 9  8  6 |
| --------------------------- |
| 1  2  7 | 4  6  5 | 8  3  9 |
| 9  4  6 | 2  8  3 | 7  1  5 |
| 5  3  8 | 7  9  1 | 6  2  4 |
| --------------------------- |
Time: 1.94 msec (0.001940 sec)
