READ
| --------------------------- |
| 7  0  1 | 0  0  5 | 6  0  2 |
| 4  8  0 | 0  0  0 | 1  0  0 |
| 0  0  0 | 0  0  0 | 0  0  0 |
| --------------------------- |
| 2  4  5 | 0  9  0 | 7  0  0 |
| 0  6  0 | 0  0  3 | 0  0  0 |
| 0  0  0 | 0  0  1 | 0  0  0 |
| --------------------------- |
| 0  0  0 | 0  6  8 | 0  0  0 |
| 0  0  0 | 0  0  0 | 0  4  9 |
| 3  0  0 | 7  0  0 | 5  0  0 |
| --------------------------- |
SOLVE
| --------------------------- |
| 7  3  1 | 4  8  5 | 6  9  2 |
| 4  8  2 | 6  3  9 | 1  5  7 |
| 9  5  6 | 1  2  7 | 4  3  8 |
| --------------------------- |
| 2  4  5 | 8  9  6 | 7  1  3 |
| 1  6  9 | 5  7  3 | 2  8  4 |
| 8  7  3 | 2  4  1 | 9  6  5 |
| --------------------------- |
| 5  2  4 | 9  6  8 | 3  7  1 |
| 6  1  7 | 3  5  2 | 8  4  9 |
| 3  9  8 | 7  1  4 | 5  2  6 |
| --------------------------- |
Time: 3.00 msec (0.002999 sec)
