READ
| --------------------------- |
| 0  0  1 | 5  0  0 | 0  0  0 |
| 4  0  5 | 0  0  3 | 0  0  0 |
| 0  0  0 | 0  0  0 | 9  0  1 |
| --------------------------- |
| 6  0  0 | 8  0  4 | 0  0  0 |
| 0  2  0 | 0  0  7 | 0  1  0 |
| 0  0  7 | 0  0  2 | 8  3  0 |
| --------------------------- |
| 0  0  0 | 0  4  0 | 0  0  8 |
| 0  0  3 | 7  0  9 | 0  0  0 |
| 0  0  2 | 0  0  0 | 0  9  0 |
| --------------------------- |
SOLVE
| --------------------------- |
| 2  6  1 | 5  9  8 | 7  4  3 |
| 4  9  5 | 1  7  3 | 2  8  6 |
| 3  7  8 | 4  2  6 | 9  5  1 |
| --------------------------- |
| 6  3  9 | 8  1  4 | 5  2  7 |
| 8  2  4 | 3  5  7 | 6  1  9 |
| 1  5  7 | 9  6  2 | 8  3  4 |
| --------------------------- |
| 9  1  6 | 2  4  5 | 3  7  8 |
| 5  4  3 | 7  8  9 | 1  6  2 |
| 7  8  2 | 6  3  1 | 4  9  5 |
| --------------------------- |
Time: 2.26 msec (0.002259 sec)
