READ
| --------------------------- |
| 0  0  6 | 0  0  0 | 0  0  0 |
| 0  2  3 | 0  7  0 | 0  0  0 |
| 7  1  0 | 0  0  0 | 0  0  0 |
| --------------------------- |
| 0  0  0 | 4  0  3 | 8  0  0 |
| 2  0  0 | 0  1  0 | 0  0  0 |
| 1  0  0 | 0  5  8 | 0  0  4 |
| --------------------------- |
| 5  9  0 | 1  0  0 | 3  6  0 |
| 0  6  1 | 0  0  0 | 0  7  0 |
| 0  0  0 | 0  8  0 | 4  5  0 |
| --------------------------- |
SOLVE
Made it passed the for loop!
| --------------------------- |
| 0  0  6 | 0  0  0 | 0  0  0 |
| 0  2  3 | 0  7  0 | 0  0  0 |
| 7  1  0 | 0  0  0 | 0  0  0 |
| --------------------------- |
| 0  0  0 | 4  0  3 | 8  0  0 |
| 2  0  0 | 0  1  0 | 0  0  0 |
| 1  0  0 | 0  5  8 | 0  0  4 |
| --------------------------- |
| 5  9  0 | 1  0  0 | 3  6  0 |
| 0  6  1 | 0  0  0 | 0  7  0 |
| 0  0  0 | 0  8  0 | 4  5  0 |
| --------------------------- |
