READ
| --------------------------- |
| 0  0  0 | 0  0  4 | 0  9  0 |
| 5  0  0 | 0  0  0 | 0  6  7 |
| 3  0  0 | 7  5  0 | 0  0  0 |
| --------------------------- |
| 9  0  5 | 0  0  1 | 0  8  0 |
| 0  6  0 | 0  0  0 | 0  1  0 |
| 0  0  3 | 6  0  2 | 0  0  0 |
| --------------------------- |
| 0  0  0 | 1  7  8 | 0  0  0 |
| 0  7  9 | 0  0  0 | 0  0  0 |
| 6  0  0 | 0  0  0 | 0  0  2 |
| --------------------------- |
SOLVE
Made it passed the for loop!
| --------------------------- |
| 0  0  0 | 0  0  4 | 0  9  0 |
| 5  0  0 | 0  0  0 | 0  6  7 |
| 3  0  0 | 7  5  0 | 0  0  0 |
| --------------------------- |
| 9  0  5 | 0  0  1 | 0  8  0 |
| 0  6  0 | 0  0  0 | 0  1  0 |
| 0  0  3 | 6  0  2 | 0  0  0 |
| --------------------------- |
| 0  0  0 | 1  7  8 | 0  0  0 |
| 0  7  9 | 0  0  0 | 0  0  0 |
| 6  0  0 | 0  0  0 | 0  0  2 |
| --------------------------- |
