READ
| --------------------------- |
| 0  5  3 | 0  0  0 | 0  2  0 |
| 0  0  0 | 9  0  0 | 0  0  3 |
| 0  0  0 | 0  0  4 | 0  1  5 |
| --------------------------- |
| 0  0  0 | 0  2  0 | 0  9  6 |
| 4  0  0 | 0  6  0 | 3  0  0 |
| 0  2  0 | 8  0  3 | 4  7  0 |
| --------------------------- |
| 0  0  1 | 7  0  0 | 0  0  0 |
| 0  6  0 | 2  8  1 | 0  0  0 |
| 0  0  0 | 0  4  0 | 0  0  0 |
| --------------------------- |
SOLVE
| --------------------------- |
| 9  5  3 | 6  1  8 | 7  2  4 |
| 7  1  4 | 9  5  2 | 6  8  3 |
| 2  8  6 | 3  7  4 | 9  1  5 |
| --------------------------- |
| 1  3  7 | 4  2  5 | 8  9  6 |
| 4  9  8 | 1  6  7 | 3  5  2 |
| 6  2  5 | 8  9  3 | 4  7  1 |
| --------------------------- |
| 5  4  1 | 7  3  9 | 2  6  8 |
| 3  6  9 | 2  8  1 | 5  4  7 |
| 8  7  2 | 5  4  6 | 1  3  9 |
| --------------------------- |
Time: 0.60 msec (0.000604 sec)
