READ
| --------------------------- |
| 0  0  4 | 0  0  0 | 2  0  7 |
| 3  9  0 | 4  7  0 | 0  0  8 |
| 0  0  0 | 0  0  3 | 0  0  0 |
| --------------------------- |
| 9  0  0 | 0  3  0 | 0  0  0 |
| 0  0  0 | 0  5  0 | 4  0  0 |
| 0  0  0 | 8  9  0 | 0  0  2 |
| --------------------------- |
| 4  0  0 | 2  8  0 | 5  0  0 |
| 0  8  5 | 0  0  0 | 0  0  0 |
| 0  0  7 | 0  0  0 | 0  9  1 |
| --------------------------- |
SOLVE
| --------------------------- |
| 1  5  4 | 9  6  8 | 2  3  7 |
| 3  9  2 | 4  7  5 | 6  1  8 |
| 8  7  6 | 1  2  3 | 9  4  5 |
| --------------------------- |
| 9  4  8 | 7  3  2 | 1  5  6 |
| 7  2  3 | 6  5  1 | 4  8  9 |
| 5  6  1 | 8  9  4 | 3  7  2 |
| --------------------------- |
| 4  1  9 | 2  8  7 | 5  6  3 |
| 6  8  5 | 3  1  9 | 7  2  4 |
| 2  3  7 | 5  4  6 | 8  9  1 |
| --------------------------- |
Time: 3.48 msec (0.003476 sec)
