READ
| --------------------------- |
| 0  0  0 | 5  0  4 | 6  0  0 |
| 0  1  3 | 0  0  0 | 5  0  0 |
| 0  0  0 | 0  8  2 | 0  0  0 |
| --------------------------- |
| 0  0  0 | 8  6  0 | 0  7  1 |
| 0  0  0 | 0  0  0 | 0  0  0 |
| 9  0  5 | 2  0  0 | 0  0  0 |
| --------------------------- |
| 0  0  7 | 0  3  0 | 0  0  8 |
| 4  0  0 | 0  5  0 | 0  0  3 |
| 0  0  1 | 4  0  0 | 0  0  0 |
| --------------------------- |
SOLVE
| --------------------------- |
| 7  9  8 | 5  1  4 | 6  3  2 |
| 2  1  3 | 6  9  7 | 5  8  4 |
| 6  5  4 | 3  8  2 | 1  9  7 |
| --------------------------- |
| 3  4  2 | 8  6  5 | 9  7  1 |
| 1  7  6 | 9  4  3 | 8  2  5 |
| 9  8  5 | 2  7  1 | 3  4  6 |
| --------------------------- |
| 5  2  7 | 1  3  9 | 4  6  8 |
| 4  6  9 | 7  5  8 | 2  1  3 |
| 8  3  1 | 4  2  6 | 7  5  9 |
| --------------------------- |
Time: 2.87 msec (0.002866 sec)
