READ
| --------------------------- |
| 0  0  0 | 5  1  0 | 0  2  0 |
| 2  0  0 | 3  0  0 | 0  0  0 |
| 0  0  0 | 0  8  0 | 5  0  1 |
| --------------------------- |
| 0  0  1 | 0  2  4 | 0  0  0 |
| 8  9  0 | 0  0  0 | 0  0  0 |
| 0  0  4 | 6  0  0 | 0  0  0 |
| --------------------------- |
| 0  0  6 | 0  0  0 | 1  0  7 |
| 3  0  0 | 8  0  0 | 0  5  0 |
| 0  4  2 | 0  0  5 | 0  3  0 |
| --------------------------- |
SOLVE
| --------------------------- |
| 4  6  8 | 5  1  9 | 7  2  3 |
| 2  1  5 | 3  7  6 | 4  8  9 |
| 9  3  7 | 4  8  2 | 5  6  1 |
| --------------------------- |
| 6  5  1 | 9  2  4 | 3  7  8 |
| 8  9  3 | 1  5  7 | 6  4  2 |
| 7  2  4 | 6  3  8 | 9  1  5 |
| --------------------------- |
| 5  8  6 | 2  4  3 | 1  9  7 |
| 3  7  9 | 8  6  1 | 2  5  4 |
| 1  4  2 | 7  9  5 | 8  3  6 |
| --------------------------- |
Time: 0.84 msec (0.000839 sec)
