READ
| --------------------------- |
| 0  0  0 | 3  0  0 | 0  9  0 |
| 0  0  5 | 0  0  9 | 0  2  0 |
| 2  0  0 | 0  0  0 | 0  0  0 |
| --------------------------- |
| 0  0  0 | 0  0  0 | 4  0  5 |
| 0  2  3 | 4  9  0 | 6  0  0 |
| 1  0  4 | 0  0  3 | 9  0  0 |
| --------------------------- |
| 0  0  2 | 7  0  0 | 0  0  0 |
| 0  0  1 | 0  6  0 | 7  0  0 |
| 6  7  0 | 0  1  0 | 0  8  0 |
| --------------------------- |
SOLVE
| --------------------------- |
| 4  1  8 | 3  2  7 | 5  9  6 |
| 3  6  5 | 1  4  9 | 8  2  7 |
| 2  9  7 | 8  5  6 | 3  4  1 |
| --------------------------- |
| 9  8  6 | 2  7  1 | 4  3  5 |
| 7  2  3 | 4  9  5 | 6  1  8 |
| 1  5  4 | 6  8  3 | 9  7  2 |
| --------------------------- |
| 5  4  2 | 7  3  8 | 1  6  9 |
| 8  3  1 | 9  6  2 | 7  5  4 |
| 6  7  9 | 5  1  4 | 2  8  3 |
| --------------------------- |
Time: 6.00 msec (0.006005 sec)
