READ
| --------------------------- |
| 5  0  7 | 0  8  0 | 0  0  0 |
| 8  0  4 | 1  0  2 | 0  0  0 |
| 0  0  0 | 6  0  0 | 3  8  0 |
| --------------------------- |
| 0  0  8 | 0  0  0 | 0  0  3 |
| 0  0  5 | 0  7  8 | 0  0  0 |
| 0  0  0 | 0  0  0 | 0  0  9 |
| --------------------------- |
| 0  5  1 | 0  6  9 | 0  0  0 |
| 0  0  0 | 0  0  0 | 0  3  0 |
| 0  9  0 | 0  0  0 | 6  0  2 |
| --------------------------- |
SOLVE
| --------------------------- |
| 5  6  7 | 4  8  3 | 2  9  1 |
| 8  3  4 | 1  9  2 | 5  6  7 |
| 1  2  9 | 6  5  7 | 3  8  4 |
| --------------------------- |
| 9  7  8 | 2  1  6 | 4  5  3 |
| 3  4  5 | 9  7  8 | 1  2  6 |
| 6  1  2 | 5  3  4 | 8  7  9 |
| --------------------------- |
| 2  5  1 | 3  6  9 | 7  4  8 |
| 4  8  6 | 7  2  1 | 9  3  5 |
| 7  9  3 | 8  4  5 | 6  1  2 |
| --------------------------- |
Time: 0.46 msec (0.000464 sec)
