READ
| --------------------------- |
| 0  5  0 | 0  0  0 | 2  0  0 |
| 0  0  0 | 6  0  1 | 0  0  3 |
| 0  0  0 | 0  4  8 | 0  7  0 |
| --------------------------- |
| 0  0  3 | 0  1  0 | 0  0  0 |
| 0  0  0 | 2  0  6 | 0  0  0 |
| 7  1  0 | 3  0  0 | 0  0  0 |
| --------------------------- |
| 1  2  0 | 0  0  0 | 0  5  0 |
| 0  4  0 | 0  0  2 | 0  1  0 |
| 0  0  5 | 0  8  0 | 7  0  0 |
| --------------------------- |
SOLVE
| --------------------------- |
| 6  5  1 | 9  3  7 | 2  8  4 |
| 4  7  8 | 6  2  1 | 5  9  3 |
| 9  3  2 | 5  4  8 | 6  7  1 |
| --------------------------- |
| 2  9  3 | 8  1  5 | 4  6  7 |
| 5  8  4 | 2  7  6 | 1  3  9 |
| 7  1  6 | 3  9  4 | 8  2  5 |
| --------------------------- |
| 1  2  7 | 4  6  3 | 9  5  8 |
| 8  4  9 | 7  5  2 | 3  1  6 |
| 3  6  5 | 1  8  9 | 7  4  2 |
| --------------------------- |
Time: 2.28 msec (0.002283 sec)
