READ
| --------------------------- |
| 5  0  1 | 0  0  0 | 4  7  0 |
| 9  0  0 | 0  7  0 | 0  8  0 |
| 0  0  2 | 0  0  9 | 1  0  0 |
| --------------------------- |
| 2  0  0 | 0  9  0 | 0  0  0 |
| 0  0  6 | 1  0  0 | 0  0  0 |
| 8  0  3 | 0  2  0 | 0  6  0 |
| --------------------------- |
| 0  0  0 | 0  0  6 | 0  0  1 |
| 0  0  0 | 0  0  0 | 3  0  7 |
| 0  0  0 | 0  4  0 | 0  0  6 |
| --------------------------- |
SOLVE
| --------------------------- |
| 5  8  1 | 2  6  3 | 4  7  9 |
| 9  3  4 | 5  7  1 | 6  8  2 |
| 6  7  2 | 4  8  9 | 1  3  5 |
| --------------------------- |
| 2  4  5 | 6  9  8 | 7  1  3 |
| 7  9  6 | 1  3  4 | 5  2  8 |
| 8  1  3 | 7  2  5 | 9  6  4 |
| --------------------------- |
| 3  2  7 | 9  5  6 | 8  4  1 |
| 4  6  9 | 8  1  2 | 3  5  7 |
| 1  5  8 | 3  4  7 | 2  9  6 |
| --------------------------- |
Time: 2.65 msec (0.002653 sec)
