READ
| --------------------------- |
| 0  0  0 | 0  5  4 | 0  8  0 |
| 0  8  6 | 0  0  3 | 0  0  4 |
| 9  0  0 | 6  0  0 | 0  0  0 |
| --------------------------- |
| 0  1  0 | 0  0  9 | 0  0  0 |
| 0  0  0 | 2  0  0 | 0  0  0 |
| 7  0  0 | 5  1  8 | 0  0  9 |
| --------------------------- |
| 8  0  7 | 0  3  0 | 0  0  0 |
| 6  0  0 | 0  0  7 | 5  9  0 |
| 4  9  0 | 0  0  0 | 0  0  7 |
| --------------------------- |
SOLVE
| --------------------------- |
| 2  7  3 | 1  5  4 | 9  8  6 |
| 1  8  6 | 7  9  3 | 2  5  4 |
| 9  5  4 | 6  8  2 | 1  7  3 |
| --------------------------- |
| 5  1  8 | 3  4  9 | 7  6  2 |
| 3  4  9 | 2  7  6 | 8  1  5 |
| 7  6  2 | 5  1  8 | 4  3  9 |
| --------------------------- |
| 8  2  7 | 9  3  5 | 6  4  1 |
| 6  3  1 | 4  2  7 | 5  9  8 |
| 4  9  5 | 8  6  1 | 3  2  7 |
| --------------------------- |
Time: 0.74 msec (0.000740 sec)
