READ
| --------------------------- |
| 0  0  0 | 5  0  0 | 0  0  0 |
| 0  0  0 | 0  0  0 | 0  8  3 |
| 0  3  0 | 0  0  0 | 9  0  0 |
| --------------------------- |
| 0  0  4 | 0  2  1 | 0  3  0 |
| 1  0  0 | 0  0  0 | 0  0  2 |
| 6  0  0 | 9  4  0 | 1  0  8 |
| --------------------------- |
| 0  7  9 | 0  0  4 | 0  0  0 |
| 5  8  1 | 0  0  0 | 0  0  0 |
| 0  0  0 | 2  8  0 | 0  0  0 |
| --------------------------- |
SOLVE
| --------------------------- |
| 9  1  7 | 5  3  8 | 2  4  6 |
| 4  6  2 | 1  7  9 | 5  8  3 |
| 8  3  5 | 4  6  2 | 9  1  7 |
| --------------------------- |
| 7  5  4 | 8  2  1 | 6  3  9 |
| 1  9  8 | 6  5  3 | 4  7  2 |
| 6  2  3 | 9  4  7 | 1  5  8 |
| --------------------------- |
| 2  7  9 | 3  1  4 | 8  6  5 |
| 5  8  1 | 7  9  6 | 3  2  4 |
| 3  4  6 | 2  8  5 | 7  9  1 |
| --------------------------- |
Time: 1.83 msec (0.001830 sec)
