READ
| --------------------------- |
| 0  2  0 | 0  0  0 | 0  0  0 |
| 0  0  5 | 0  8  9 | 4  0  6 |
| 1  0  0 | 0  0  0 | 0  0  0 |
| --------------------------- |
| 0  8  0 | 5  0  1 | 0  0  0 |
| 0  0  0 | 0  0  0 | 5  0  2 |
| 0  0  0 | 0  6  0 | 0  0  0 |
| --------------------------- |
| 4  0  0 | 0  7  0 | 8  2  0 |
| 8  3  0 | 6  0  0 | 0  0  7 |
| 0  0  7 | 0  9  5 | 3  0  0 |
| --------------------------- |
SOLVE
| --------------------------- |
| 6  2  8 | 4  1  7 | 9  3  5 |
| 3  7  5 | 2  8  9 | 4  1  6 |
| 1  9  4 | 3  5  6 | 2  7  8 |
| --------------------------- |
| 7  8  2 | 5  4  1 | 6  9  3 |
| 9  6  1 | 7  3  8 | 5  4  2 |
| 5  4  3 | 9  6  2 | 7  8  1 |
| --------------------------- |
| 4  5  6 | 1  7  3 | 8  2  9 |
| 8  3  9 | 6  2  4 | 1  5  7 |
| 2  1  7 | 8  9  5 | 3  6  4 |
| --------------------------- |
Time: 1.13 msec (0.001135 sec)
