READ
| --------------------------- |
| 0  0  0 | 0  0  3 | 6  0  0 |
| 2  0  0 | 0  6  0 | 8  0  0 |
| 0  5  0 | 0  1  7 | 3  0  0 |
| --------------------------- |
| 0  6  0 | 0  0  0 | 1  4  2 |
| 5  0  0 | 0  0  0 | 0  9  3 |
| 0  9  0 | 0  0  2 | 0  0  0 |
| --------------------------- |
| 9  3  0 | 8  0  0 | 0  1  0 |
| 0  0  0 | 4  0  5 | 0  8  0 |
| 0  0  0 | 0  0  0 | 0  0  0 |
| --------------------------- |
SOLVE
| --------------------------- |
| 7  4  9 | 2  8  3 | 6  5  1 |
| 2  1  3 | 5  6  4 | 8  7  9 |
| 6  5  8 | 9  1  7 | 3  2  4 |
| --------------------------- |
| 8  6  7 | 3  5  9 | 1  4  2 |
| 5  2  1 | 6  4  8 | 7  9  3 |
| 3  9  4 | 1  7  2 | 5  6  8 |
| --------------------------- |
| 9  3  5 | 8  2  6 | 4  1  7 |
| 1  7  2 | 4  3  5 | 9  8  6 |
| 4  8  6 | 7  9  1 | 2  3  5 |
| --------------------------- |
Time: 0.49 msec (0.000487 sec)
