READ
| --------------------------- |
| 4  7  0 | 3  6  0 | 0  0  9 |
| 6  0  0 | 0  0  0 | 0  0  0 |
| 0  2  3 | 0  4  0 | 0  0  0 |
| --------------------------- |
| 0  0  0 | 5  0  4 | 0  0  7 |
| 0  6  8 | 0  0  0 | 5  0  0 |
| 7  0  0 | 0  0  0 | 8  2  0 |
| --------------------------- |
| 8  0  9 | 0  7  0 | 0  4  0 |
| 0  0  0 | 4  0  0 | 0  5  0 |
| 0  0  0 | 0  0  1 | 0  0  0 |
| --------------------------- |
SOLVE
| --------------------------- |
| 4  7  5 | 3  6  8 | 2  1  9 |
| 6  8  1 | 2  5  9 | 4  7  3 |
| 9  2  3 | 1  4  7 | 6  8  5 |
| --------------------------- |
| 1  9  2 | 5  8  4 | 3  6  7 |
| 3  6  8 | 7  1  2 | 5  9  4 |
| 7  5  4 | 9  3  6 | 8  2  1 |
| --------------------------- |
| 8  3  9 | 6  7  5 | 1  4  2 |
| 2  1  6 | 4  9  3 | 7  5  8 |
| 5  4  7 | 8  2  1 | 9  3  6 |
| --------------------------- |
Time: 6.20 msec (0.006196 sec)
