READ
| --------------------------- |
| 1  0  4 | 0  0  5 | 9  0  7 |
| 2  0  0 | 0  0  0 | 0  0  0 |
| 0  0  0 | 0  3  8 | 0  0  1 |
| --------------------------- |
| 4  9  0 | 0  0  0 | 0  0  0 |
| 0  0  0 | 0  0  0 | 0  0  6 |
| 0  0  1 | 0  0  4 | 0  9  0 |
| --------------------------- |
| 0  0  5 | 0  7  0 | 0  8  0 |
| 0  0  9 | 0  0  3 | 0  6  4 |
| 0  0  0 | 0  5  1 | 0  0  0 |
| --------------------------- |
SOLVE
Made it passed the for loop!
| --------------------------- |
| 1  0  4 | 0  0  5 | 9  0  7 |
| 2  0  0 | 0  0  0 | 0  0  0 |
| 0  0  0 | 0  3  8 | 0  0  1 |
| --------------------------- |
| 4  9  0 | 0  0  0 | 0  0  0 |
| 0  0  0 | 0  0  0 | 0  0  6 |
| 0  0  1 | 0  0  4 | 0  9  0 |
| --------------------------- |
| 0  0  5 | 0  7  0 | 0  8  0 |
| 0  0  9 | 0  0  3 | 0  6  4 |
| 0  0  0 | 0  5  1 | 0  0  0 |
| --------------------------- |
