READ
| --------------------------- |
| 0  0  8 | 7  0  6 | 5  0  0 |
| 3  0  0 | 0  0  0 | 2  0  0 |
| 0  7  6 | 2  0  0 | 0  0  0 |
| --------------------------- |
| 0  4  0 | 6  0  0 | 0  1  0 |
| 0  0  9 | 0  0  0 | 0  2  0 |
| 5  0  2 | 0  0  8 | 0  0  9 |
| --------------------------- |
| 7  6  0 | 0  0  0 | 0  0  0 |
| 0  0  0 | 3  0  9 | 0  0  0 |
| 0  0  1 | 0  5  0 | 0  0  0 |
| --------------------------- |
SOLVE
| --------------------------- |
| 1  2  8 | 7  4  6 | 5  9  3 |
| 3  5  4 | 9  8  1 | 2  7  6 |
| 9  7  6 | 2  3  5 | 4  8  1 |
| --------------------------- |
| 8  4  7 | 6  9  2 | 3  1  5 |
| 6  1  9 | 5  7  3 | 8  2  4 |
| 5  3  2 | 4  1  8 | 7  6  9 |
| --------------------------- |
| 7  6  3 | 1  2  4 | 9  5  8 |
| 2  8  5 | 3  6  9 | 1  4  7 |
| 4  9  1 | 8  5  7 | 6  3  2 |
| --------------------------- |
Time: 0.51 msec (0.000514 sec)
