READ
| --------------------------- |
| 0  0  0 | 6  4  0 | 9  1  0 |
| 7  0  9 | 1  0  0 | 0  0  0 |
| 0  0  4 | 0  0  0 | 0  0  3 |
| --------------------------- |
| 3  0  0 | 0  9  0 | 1  6  0 |
| 0  0  1 | 3  0  0 | 0  0  0 |
| 0  2  0 | 0  0  0 | 0  9  0 |
| --------------------------- |
| 0  0  0 | 5  0  1 | 2  3  0 |
| 0  0  0 | 0  0  0 | 0  7  0 |
| 0  0  7 | 8  2  0 | 0  0  5 |
| --------------------------- |
SOLVE
Made it passed the for loop!
| --------------------------- |
| 0  0  0 | 6  4  0 | 9  1  0 |
| 7  0  9 | 1  0  0 | 0  0  0 |
| 0  0  4 | 0  0  0 | 0  0  3 |
| --------------------------- |
| 3  0  0 | 0  9  0 | 1  6  0 |
| 0  0  1 | 3  0  0 | 0  0  0 |
| 0  2  0 | 0  0  0 | 0  9  0 |
| --------------------------- |
| 0  0  0 | 5  0  1 | 2  3  0 |
| 0  0  0 | 0  0  0 | 0  7  0 |
| 0  0  7 | 8  2  0 | 0  0  5 |
| --------------------------- |
