READ
| --------------------------- |
| 2  0  0 | 1  0  5 | 0  0  3 |
| 0  7  0 | 0  0  0 | 0  0  0 |
| 0  0  5 | 3  7  0 | 0  0  9 |
| --------------------------- |
| 4  0  0 | 0  0  0 | 0  0  0 |
| 0  0  0 | 0  0  0 | 0  0  0 |
| 7  9  0 | 0  0  2 | 0  4  8 |
| --------------------------- |
| 0  2  0 | 0  6  0 | 0  0  0 |
| 0  8  0 | 0  0  4 | 0  5  7 |
| 0  0  7 | 5  3  0 | 0  9  0 |
| --------------------------- |
SOLVE
| --------------------------- |
| 2  4  9 | 1  8  5 | 7  6  3 |
| 3  7  6 | 4  2  9 | 1  8  5 |
| 8  1  5 | 3  7  6 | 4  2  9 |
| --------------------------- |
| 4  3  2 | 8  9  1 | 5  7  6 |
| 6  5  8 | 7  4  3 | 9  1  2 |
| 7  9  1 | 6  5  2 | 3  4  8 |
| --------------------------- |
| 5  2  4 | 9  6  7 | 8  3  1 |
| 9  8  3 | 2  1  4 | 6  5  7 |
| 1  6  7 | 5  3  8 | 2  9  4 |
| --------------------------- |
Time: 1.80 msec (0.001803 sec)
