READ
| --------------------------- |
| 0  0  0 | 4  7  0 | 0  0  0 |
| 6  0  2 | 0  0  0 | 4  0  0 |
| 0  0  0 | 0  3  6 | 9  0  0 |
| --------------------------- |
| 0  8  9 | 2  0  0 | 0  0  4 |
| 0  0  3 | 0  0  7 | 0  0  0 |
| 0  0  0 | 8  0  0 | 0  0  2 |
| --------------------------- |
| 1  0  0 | 0  0  0 | 0  6  9 |
| 0  0  8 | 0  0  9 | 0  0  3 |
| 0  4  0 | 0  1  0 | 0  0  0 |
| --------------------------- |
SOLVE
| --------------------------- |
| 3  9  1 | 4  7  2 | 5  8  6 |
| 6  7  2 | 9  8  5 | 4  3  1 |
| 8  5  4 | 1  3  6 | 9  2  7 |
| --------------------------- |
| 5  8  9 | 2  6  3 | 7  1  4 |
| 2  1  3 | 5  4  7 | 6  9  8 |
| 4  6  7 | 8  9  1 | 3  5  2 |
| --------------------------- |
| 1  3  5 | 7  2  4 | 8  6  9 |
| 7  2  8 | 6  5  9 | 1  4  3 |
| 9  4  6 | 3  1  8 | 2  7  5 |
| --------------------------- |
Time: 1.79 msec (0.001789 sec)
