READ
| --------------------------- |
| 0  0  2 | 0  0  8 | 0  5  0 |
| 0  8  0 | 6  2  0 | 0  4  0 |
| 0  0  0 | 0  3  9 | 0  0  0 |
| --------------------------- |
| 0  0  1 | 0  0  0 | 0  0  8 |
| 0  0  0 | 0  0  0 | 0  0  5 |
| 3  0  0 | 0  0  0 | 9  0  0 |
| --------------------------- |
| 0  3  0 | 7  0  1 | 0  0  0 |
| 0  6  0 | 0  0  2 | 4  0  0 |
| 8  0  0 | 5  0  0 | 0  6  0 |
| --------------------------- |
SOLVE
| --------------------------- |
| 6  1  2 | 4  7  8 | 3  5  9 |
| 9  8  3 | 6  2  5 | 7  4  1 |
| 5  7  4 | 1  3  9 | 8  2  6 |
| --------------------------- |
| 2  4  1 | 9  5  7 | 6  3  8 |
| 7  9  6 | 8  4  3 | 2  1  5 |
| 3  5  8 | 2  1  6 | 9  7  4 |
| --------------------------- |
| 4  3  9 | 7  6  1 | 5  8  2 |
| 1  6  5 | 3  8  2 | 4  9  7 |
| 8  2  7 | 5  9  4 | 1  6  3 |
| --------------------------- |
Time: 3.03 msec (0.003033 sec)
