READ
| --------------------------- |
| 8  0  0 | 0  0  0 | 9  0  0 |
| 0  5  0 | 4  0  0 | 0  8  0 |
| 9  0  0 | 0  5  0 | 1  3  0 |
| --------------------------- |
| 0  0  0 | 0  0  0 | 8  0  0 |
| 3  0  0 | 0  0  4 | 0  9  0 |
| 4  0  7 | 0  8  3 | 0  2  0 |
| --------------------------- |
| 0  0  6 | 8  0  0 | 0  0  0 |
| 0  0  0 | 9  2  0 | 6  0  0 |
| 0  0  0 | 0  0  0 | 3  0  0 |
| --------------------------- |
SOLVE
| --------------------------- |
| 8  4  1 | 3  7  2 | 9  6  5 |
| 6  5  3 | 4  1  9 | 2  8  7 |
| 9  7  2 | 6  5  8 | 1  3  4 |
| --------------------------- |
| 1  6  5 | 2  9  7 | 8  4  3 |
| 3  2  8 | 5  6  4 | 7  9  1 |
| 4  9  7 | 1  8  3 | 5  2  6 |
| --------------------------- |
| 2  1  6 | 8  3  5 | 4  7  9 |
| 7  3  4 | 9  2  1 | 6  5  8 |
| 5  8  9 | 7  4  6 | 3  1  2 |
| --------------------------- |
Time: 1.75 msec (0.001752 sec)
