READ
| --------------------------- |
| 0  4  0 | 0  0  8 | 0  0  0 |
| 7  0  0 | 0  3  0 | 0  6  5 |
| 8  0  0 | 7  0  0 | 0  0  2 |
| --------------------------- |
| 0  6  3 | 0  9  0 | 2  0  0 |
| 0  0  4 | 0  0  0 | 5  0  3 |
| 0  0  0 | 0  0  0 | 0  0  7 |
| --------------------------- |
| 0  0  7 | 0  0  9 | 0  5  0 |
| 0  0  0 | 4  0  0 | 0  0  0 |
| 1  2  0 | 5  0  0 | 0  7  0 |
| --------------------------- |
SOLVE
| --------------------------- |
| 6  4  2 | 9  5  8 | 7  3  1 |
| 7  9  1 | 2  3  4 | 8  6  5 |
| 8  3  5 | 7  6  1 | 9  4  2 |
| --------------------------- |
| 5  6  3 | 8  9  7 | 2  1  4 |
| 9  7  4 | 6  1  2 | 5  8  3 |
| 2  1  8 | 3  4  5 | 6  9  7 |
| --------------------------- |
| 4  8  7 | 1  2  9 | 3  5  6 |
| 3  5  9 | 4  7  6 | 1  2  8 |
| 1  2  6 | 5  8  3 | 4  7  9 |
| --------------------------- |
Time: 1.42 msec (0.001417 sec)
