READ
| --------------------------- |
| 0  0  0 | 3  6  0 | 0  0  2 |
| 0  0  0 | 0  0  8 | 6  0  0 |
| 0  5  0 | 0  2  0 | 0  0  1 |
| --------------------------- |
| 9  0  3 | 0  0  2 | 0  0  5 |
| 0  0  8 | 0  0  0 | 0  0  0 |
| 0  2  5 | 0  0  0 | 3  0  6 |
| --------------------------- |
| 2  1  0 | 7  0  4 | 0  0  8 |
| 0  4  0 | 0  0  1 | 9  0  0 |
| 0  8  0 | 0  0  0 | 0  0  4 |
| --------------------------- |
SOLVE
Made it passed the for loop!
| --------------------------- |
| 0  0  0 | 3  6  0 | 0  0  2 |
| 0  0  0 | 0  0  8 | 6  0  0 |
| 0  5  0 | 0  2  0 | 0  0  1 |
| --------------------------- |
| 9  0  3 | 0  0  2 | 0  0  5 |
| 0  0  8 | 0  0  0 | 0  0  0 |
| 0  2  5 | 0  0  0 | 3  0  6 |
| --------------------------- |
| 2  1  0 | 7  0  4 | 0  0  8 |
| 0  4  0 | 0  0  1 | 9  0  0 |
| 0  8  0 | 0  0  0 | 0  0  4 |
| --------------------------- |
