READ
| --------------------------- |
| 0  0  0 | 8  0  0 | 1  0  0 |
| 1  8  0 | 0  6  0 | 0  0  0 |
| 2  3  0 | 0  0  0 | 0  0  4 |
| --------------------------- |
| 0  0  7 | 1  0  4 | 0  0  5 |
| 0  4  0 | 0  0  9 | 0  3  0 |
| 0  6  0 | 0  0  3 | 0  0  0 |
| --------------------------- |
| 0  0  0 | 0  0  0 | 0  0  0 |
| 8  0  0 | 3  0  0 | 0  0  9 |
| 4  0  0 | 0  0  7 | 5  8  0 |
| --------------------------- |
SOLVE
| --------------------------- |
| 7  9  4 | 8  3  5 | 1  6  2 |
| 1  8  5 | 4  6  2 | 9  7  3 |
| 2  3  6 | 7  9  1 | 8  5  4 |
| --------------------------- |
| 3  2  7 | 1  8  4 | 6  9  5 |
| 5  4  1 | 6  7  9 | 2  3  8 |
| 9  6  8 | 2  5  3 | 4  1  7 |
| --------------------------- |
| 6  7  9 | 5  4  8 | 3  2  1 |
| 8  5  2 | 3  1  6 | 7  4  9 |
| 4  1  3 | 9  2  7 | 5  8  6 |
| --------------------------- |
Time: 1.09 msec (0.001095 sec)
