READ
| --------------------------- |
| 7  0  0 | 0  9  0 | 0  1  0 |
| 0  0  0 | 0  2  0 | 0  9  8 |
| 5  0  0 | 8  0  0 | 0  0  4 |
| --------------------------- |
| 8  0  0 | 6  0  0 | 0  0  0 |
| 0  0  0 | 1  0  7 | 0  0  0 |
| 0  9  7 | 0  0  0 | 0  0  0 |
| --------------------------- |
| 0  0  0 | 0  4  0 | 6  0  2 |
| 0  0  0 | 0  0  6 | 8  0  0 |
| 0  5  2 | 0  0  0 | 0  0  9 |
| --------------------------- |
SOLVE
| --------------------------- |
| 7  8  3 | 5  9  4 | 2  1  6 |
| 4  6  1 | 7  2  3 | 5  9  8 |
| 5  2  9 | 8  6  1 | 3  7  4 |
| --------------------------- |
| 8  1  5 | 6  3  9 | 4  2  7 |
| 2  4  6 | 1  5  7 | 9  8  3 |
| 3  9  7 | 4  8  2 | 1  6  5 |
| --------------------------- |
| 1  7  8 | 9  4  5 | 6  3  2 |
| 9  3  4 | 2  7  6 | 8  5  1 |
| 6  5  2 | 3  1  8 | 7  4  9 |
| --------------------------- |
Time: 0.52 msec (0.000522 sec)
