READ
| --------------------------- |
| 0  0  7 | 0  0  0 | 0  0  0 |
| 0  0  0 | 0  2  9 | 3  0  0 |
| 4  0  0 | 0  0  0 | 0  0  8 |
| --------------------------- |
| 7  6  8 | 5  0  0 | 0  0  0 |
| 0  5  0 | 0  0  4 | 0  0  0 |
| 0  0  0 | 0  9  0 | 0  0  6 |
| --------------------------- |
| 0  0  0 | 0  5  6 | 9  0  0 |
| 3  0  0 | 0  0  0 | 4  0  0 |
| 1  0  0 | 0  0  0 | 0  7  2 |
| --------------------------- |
SOLVE
| --------------------------- |
| 5  3  7 | 6  4  8 | 2  9  1 |
| 6  8  1 | 7  2  9 | 3  5  4 |
| 4  2  9 | 3  1  5 | 7  6  8 |
| --------------------------- |
| 7  6  8 | 5  3  2 | 1  4  9 |
| 9  5  3 | 1  6  4 | 8  2  7 |
| 2  1  4 | 8  9  7 | 5  3  6 |
| --------------------------- |
| 8  7  2 | 4  5  6 | 9  1  3 |
| 3  9  6 | 2  7  1 | 4  8  5 |
| 1  4  5 | 9  8  3 | 6  7  2 |
| --------------------------- |
Time: 1.80 msec (0.001796 sec)
