READ
| --------------------------- |
| 0  0  6 | 0  0  0 | 0  0  0 |
| 2  0  0 | 6  0  1 | 0  0  4 |
| 9  3  0 | 0  0  0 | 0  1  0 |
| --------------------------- |
| 0  0  8 | 0  0  0 | 0  0  0 |
| 0  0  0 | 2  4  0 | 0  0  8 |
| 0  0  0 | 0  8  0 | 3  5  0 |
| --------------------------- |
| 1  0  0 | 0  0  8 | 5  0  2 |
| 4  0  0 | 9  0  0 | 0  6  0 |
| 0  7  0 | 0  0  0 | 0  0  0 |
| --------------------------- |
SOLVE
Made it passed the for loop!
| --------------------------- |
| 0  0  6 | 0  0  0 | 0  0  0 |
| 2  0  0 | 6  0  1 | 0  0  4 |
| 9  3  0 | 0  0  0 | 0  1  0 |
| --------------------------- |
| 0  0  8 | 0  0  0 | 0  0  0 |
| 0  0  0 | 2  4  0 | 0  0  8 |
| 0  0  0 | 0  8  0 | 3  5  0 |
| --------------------------- |
| 1  0  0 | 0  0  8 | 5  0  2 |
| 4  0  0 | 9  0  0 | 0  6  0 |
| 0  7  0 | 0  0  0 | 0  0  0 |
| --------------------------- |
