READ
| --------------------------- |
| 0  0  0 | 5  2  8 | 1  0  0 |
| 6  0  0 | 0  0  0 | 0  7  0 |
| 0  9  0 | 0  1  0 | 0  2  0 |
| --------------------------- |
| 0  0  7 | 0  0  0 | 0  4  2 |
| 0  6  9 | 0  0  0 | 0  0  0 |
| 8  2  0 | 6  0  0 | 0  5  0 |
| --------------------------- |
| 0  0  0 | 0  8  5 | 0  0  0 |
| 2  0  0 | 0  0  7 | 0  0  0 |
| 0  0  4 | 0  0  0 | 0  0  6 |
| --------------------------- |
SOLVE
| --------------------------- |
| 7  4  3 | 5  2  8 | 1  6  9 |
| 6  1  2 | 3  4  9 | 8  7  5 |
| 5  9  8 | 7  1  6 | 3  2  4 |
| --------------------------- |
| 3  5  7 | 8  9  1 | 6  4  2 |
| 4  6  9 | 2  5  3 | 7  1  8 |
| 8  2  1 | 6  7  4 | 9  5  3 |
| --------------------------- |
| 1  3  6 | 4  8  5 | 2  9  7 |
| 2  8  5 | 9  6  7 | 4  3  1 |
| 9  7  4 | 1  3  2 | 5  8  6 |
| --------------------------- |
Time: 0.61 msec (0.000615 sec)
