READ
| --------------------------- |
| 0  0  0 | 6  8  2 | 7  0  1 |
| 0  0  0 | 7  0  0 | 0  2  5 |
| 1  0  0 | 0  0  4 | 0  0  0 |
| --------------------------- |
| 8  0  0 | 9  0  0 | 0  0  0 |
| 0  0  3 | 0  1  0 | 0  0  0 |
| 0  2  1 | 0  0  0 | 0  5  0 |
| --------------------------- |
| 0  5  0 | 0  7  0 | 9  0  0 |
| 0  0  6 | 0  0  0 | 0  8  0 |
| 0  3  0 | 5  0  0 | 2  0  0 |
| --------------------------- |
SOLVE
| --------------------------- |
| 3  9  5 | 6  8  2 | 7  4  1 |
| 6  8  4 | 7  9  1 | 3  2  5 |
| 1  7  2 | 3  5  4 | 6  9  8 |
| --------------------------- |
| 8  6  7 | 9  4  5 | 1  3  2 |
| 5  4  3 | 2  1  6 | 8  7  9 |
| 9  2  1 | 8  3  7 | 4  5  6 |
| --------------------------- |
| 2  5  8 | 1  7  3 | 9  6  4 |
| 7  1  6 | 4  2  9 | 5  8  3 |
| 4  3  9 | 5  6  8 | 2  1  7 |
| --------------------------- |
Time: 0.69 msec (0.000694 sec)
