READ
| --------------------------- |
| 1  0  4 | 0  0  5 | 9  0  7 |
| 2  0  0 | 0  0  0 | 0  0  0 |
| 0  0  0 | 0  3  8 | 0  0  1 |
| --------------------------- |
| 4  9  0 | 0  0  0 | 0  0  0 |
| 0  0  0 | 0  0  0 | 0  0  6 |
| 0  0  1 | 0  0  4 | 0  9  0 |
| --------------------------- |
| 0  0  5 | 0  7  0 | 0  8  0 |
| 0  0  9 | 0  0  3 | 0  6  4 |
| 0  0  0 | 0  5  1 | 0  0  0 |
| --------------------------- |
SOLVE
| --------------------------- |
| 1  8  4 | 2  6  5 | 9  3  7 |
| 2  3  7 | 1  4  9 | 6  5  8 |
| 9  5  6 | 7  3  8 | 2  4  1 |
| --------------------------- |
| 4  9  3 | 6  1  7 | 8  2  5 |
| 5  7  8 | 3  9  2 | 4  1  6 |
| 6  2  1 | 5  8  4 | 7  9  3 |
| --------------------------- |
| 3  4  5 | 9  7  6 | 1  8  2 |
| 7  1  9 | 8  2  3 | 5  6  4 |
| 8  6  2 | 4  5  1 | 3  7  9 |
| --------------------------- |
Time: 0.62 msec (0.000619 sec)
