READ
| --------------------------- |
| 0  0  0 | 0  0  0 | 0  4  0 |
| 0  0  6 | 0  9  0 | 0  2  0 |
| 0  0  2 | 5  6  0 | 0  0  0 |
| --------------------------- |
| 3  0  0 | 0  0  0 | 0  1  8 |
| 0  8  0 | 0  0  0 | 4  9  0 |
| 0  0  0 | 0  4  0 | 0  0  0 |
| --------------------------- |
| 8  0  4 | 0  2  3 | 0  0  0 |
| 0  7  0 | 0  0  6 | 5  0  0 |
| 0  0  0 | 0  0  5 | 0  0  9 |
| --------------------------- |
SOLVE
| --------------------------- |
| 5  1  8 | 7  3  2 | 9  4  6 |
| 7  3  6 | 8  9  4 | 1  2  5 |
| 4  9  2 | 5  6  1 | 8  7  3 |
| --------------------------- |
| 3  4  7 | 2  5  9 | 6  1  8 |
| 6  8  5 | 3  1  7 | 4  9  2 |
| 9  2  1 | 6  4  8 | 3  5  7 |
| --------------------------- |
| 8  5  4 | 9  2  3 | 7  6  1 |
| 2  7  9 | 1  8  6 | 5  3  4 |
| 1  6  3 | 4  7  5 | 2  8  9 |
| --------------------------- |
Time: 7.24 msec (0.007244 sec)
