READ
| --------------------------- |
| 0  8  0 | 0  2  0 | 9  0  7 |
| 0  6  0 | 0  5  0 | 0  0  0 |
| 4  0  0 | 0  0  0 | 0  0  3 |
| --------------------------- |
| 0  0  5 | 1  0  0 | 0  2  0 |
| 0  3  0 | 0  0  0 | 0  0  9 |
| 7  2  0 | 0  0  0 | 0  0  0 |
| --------------------------- |
| 5  0  0 | 0  0  0 | 1  0  0 |
| 0  0  6 | 0  0  7 | 0  9  0 |
| 3  0  0 | 9  0  6 | 8  0  0 |
| --------------------------- |
SOLVE
| --------------------------- |
| 1  8  3 | 6  2  4 | 9  5  7 |
| 2  6  7 | 3  5  9 | 4  8  1 |
| 4  5  9 | 7  8  1 | 2  6  3 |
| --------------------------- |
| 9  4  5 | 1  6  3 | 7  2  8 |
| 6  3  8 | 4  7  2 | 5  1  9 |
| 7  2  1 | 8  9  5 | 6  3  4 |
| --------------------------- |
| 5  9  4 | 2  3  8 | 1  7  6 |
| 8  1  6 | 5  4  7 | 3  9  2 |
| 3  7  2 | 9  1  6 | 8  4  5 |
| --------------------------- |
Time: 0.52 msec (0.000520 sec)
