READ
| --------------------------- |
| 9  0  0 | 4  6  0 | 0  0  0 |
| 0  0  0 | 0  9  7 | 2  6  0 |
| 0  0  5 | 0  0  2 | 0  0  3 |
| --------------------------- |
| 0  0  0 | 0  0  0 | 0  0  0 |
| 8  0  6 | 0  0  4 | 3  0  9 |
| 0  3  4 | 7  0  0 | 0  0  0 |
| --------------------------- |
| 0  0  0 | 0  0  0 | 9  2  8 |
| 4  5  0 | 0  0  0 | 0  0  0 |
| 0  1  0 | 0  0  0 | 0  0  0 |
| --------------------------- |
SOLVE
| --------------------------- |
| 9  2  7 | 4  6  3 | 5  8  1 |
| 3  8  1 | 5  9  7 | 2  6  4 |
| 6  4  5 | 8  1  2 | 7  9  3 |
| --------------------------- |
| 5  9  2 | 6  3  1 | 8  4  7 |
| 8  7  6 | 2  5  4 | 3  1  9 |
| 1  3  4 | 7  8  9 | 6  5  2 |
| --------------------------- |
| 7  6  3 | 1  4  5 | 9  2  8 |
| 4  5  9 | 3  2  8 | 1  7  6 |
| 2  1  8 | 9  7  6 | 4  3  5 |
| --------------------------- |
Time: 1.83 msec (0.001831 sec)
