READ
| --------------------------- |
| 4  2  0 | 0  7  5 | 0  8  0 |
| 0  6  1 | 3  0  0 | 0  0  2 |
| 0  0  0 | 1  0  0 | 4  0  0 |
| --------------------------- |
| 8  0  0 | 2  0  1 | 0  0  0 |
| 0  5  0 | 0  0  0 | 0  0  4 |
| 6  0  0 | 0  8  0 | 0  3  0 |
| --------------------------- |
| 0  0  0 | 0  0  4 | 3  2  6 |
| 0  3  0 | 0  0  0 | 7  0  0 |
| 0  0  0 | 0  0  0 | 0  0  0 |
| --------------------------- |
SOLVE
| --------------------------- |
| 4  2  9 | 6  7  5 | 1  8  3 |
| 7  6  1 | 3  4  8 | 9  5  2 |
| 3  8  5 | 1  9  2 | 4  6  7 |
| --------------------------- |
| 8  4  3 | 2  5  1 | 6  7  9 |
| 9  5  2 | 7  6  3 | 8  1  4 |
| 6  1  7 | 4  8  9 | 2  3  5 |
| --------------------------- |
| 5  7  8 | 9  1  4 | 3  2  6 |
| 1  3  4 | 5  2  6 | 7  9  8 |
| 2  9  6 | 8  3  7 | 5  4  1 |
| --------------------------- |
Time: 5.82 msec (0.005815 sec)
