READ
| --------------------------- |
| 9  0  0 | 0  0  3 | 0  0  0 |
| 0  0  0 | 0  0  0 | 0  2  5 |
| 2  0  0 | 0  0  0 | 4  0  0 |
| --------------------------- |
| 0  9  0 | 6  2  0 | 5  1  0 |
| 0  0  0 | 0  0  9 | 0  0  0 |
| 0  0  7 | 0  4  0 | 0  0  8 |
| --------------------------- |
| 0  8  0 | 9  0  2 | 3  0  6 |
| 0  7  0 | 0  8  0 | 0  0  0 |
| 0  0  0 | 7  0  0 | 2  0  1 |
| --------------------------- |
SOLVE
| --------------------------- |
| 9  4  5 | 2  1  3 | 8  6  7 |
| 7  6  3 | 4  9  8 | 1  2  5 |
| 2  1  8 | 5  7  6 | 4  3  9 |
| --------------------------- |
| 8  9  4 | 6  2  7 | 5  1  3 |
| 1  5  6 | 8  3  9 | 7  4  2 |
| 3  2  7 | 1  4  5 | 6  9  8 |
| --------------------------- |
| 4  8  1 | 9  5  2 | 3  7  6 |
| 6  7  2 | 3  8  1 | 9  5  4 |
| 5  3  9 | 7  6  4 | 2  8  1 |
| --------------------------- |
Time: 0.81 msec (0.000806 sec)
