READ
| --------------------------- |
| 9  0  0 | 0  0  0 | 0  4  0 |
| 8  2  0 | 0  4  0 | 0  0  0 |
| 0  0  5 | 0  0  9 | 0  0  0 |
| --------------------------- |
| 2  0  4 | 0  0  0 | 5  0  0 |
| 0  0  6 | 8  0  0 | 0  0  9 |
| 0  5  0 | 6  0  0 | 4  0  1 |
| --------------------------- |
| 7  0  0 | 0  0  0 | 0  0  2 |
| 0  0  0 | 5  0  0 | 9  0  0 |
| 0  0  0 | 0  2  1 | 3  0  6 |
| --------------------------- |
SOLVE
| --------------------------- |
| 9  1  3 | 2  6  8 | 7  4  5 |
| 8  2  7 | 1  4  5 | 6  9  3 |
| 4  6  5 | 7  3  9 | 1  2  8 |
| --------------------------- |
| 2  8  4 | 9  1  3 | 5  6  7 |
| 1  7  6 | 8  5  4 | 2  3  9 |
| 3  5  9 | 6  7  2 | 4  8  1 |
| --------------------------- |
| 7  4  1 | 3  9  6 | 8  5  2 |
| 6  3  2 | 5  8  7 | 9  1  4 |
| 5  9  8 | 4  2  1 | 3  7  6 |
| --------------------------- |
Time: 0.45 msec (0.000454 sec)
