READ
| --------------------------- |
| 0  0  4 | 8  3  0 | 9  0  6 |
| 0  0  0 | 0  5  0 | 4  0  0 |
| 0  5  0 | 0  0  0 | 0  2  0 |
| --------------------------- |
| 0  0  0 | 0  0  7 | 0  0  4 |
| 0  8  1 | 0  0  0 | 7  0  0 |
| 0  0  0 | 0  6  0 | 0  0  2 |
| --------------------------- |
| 5  0  0 | 0  0  1 | 0  4  0 |
| 0  3  7 | 0  0  8 | 0  0  9 |
| 9  0  0 | 0  0  6 | 0  0  0 |
| --------------------------- |
SOLVE
| --------------------------- |
| 1  7  4 | 8  3  2 | 9  5  6 |
| 3  2  6 | 7  5  9 | 4  8  1 |
| 8  5  9 | 6  1  4 | 3  2  7 |
| --------------------------- |
| 6  9  5 | 2  8  7 | 1  3  4 |
| 2  8  1 | 4  9  3 | 7  6  5 |
| 7  4  3 | 1  6  5 | 8  9  2 |
| --------------------------- |
| 5  6  8 | 9  7  1 | 2  4  3 |
| 4  3  7 | 5  2  8 | 6  1  9 |
| 9  1  2 | 3  4  6 | 5  7  8 |
| --------------------------- |
Time: 2.66 msec (0.002664 sec)
