READ
| --------------------------- |
| 0  0  2 | 0  9  0 | 0  0  5 |
| 7  0  0 | 0  0  0 | 2  0  0 |
| 0  5  0 | 6  0  0 | 0  0  0 |
| --------------------------- |
| 0  0  0 | 0  3  7 | 0  9  0 |
| 2  0  0 | 8  0  0 | 6  0  3 |
| 0  0  3 | 2  0  0 | 0  1  0 |
| --------------------------- |
| 0  1  0 | 5  6  0 | 0  0  0 |
| 0  0  8 | 0  0  0 | 0  0  0 |
| 0  6  0 | 0  0  0 | 4  0  9 |
| --------------------------- |
SOLVE
| --------------------------- |
| 6  3  2 | 7  9  8 | 1  4  5 |
| 7  9  1 | 3  4  5 | 2  8  6 |
| 8  5  4 | 6  2  1 | 9  3  7 |
| --------------------------- |
| 1  8  6 | 4  3  7 | 5  9  2 |
| 2  4  5 | 8  1  9 | 6  7  3 |
| 9  7  3 | 2  5  6 | 8  1  4 |
| --------------------------- |
| 4  1  9 | 5  6  3 | 7  2  8 |
| 5  2  8 | 9  7  4 | 3  6  1 |
| 3  6  7 | 1  8  2 | 4  5  9 |
| --------------------------- |
Time: 3.83 msec (0.003831 sec)
