READ
| --------------------------- |
| 0  0  4 | 0  0  0 | 2  0  7 |
| 3  9  0 | 4  7  0 | 0  0  8 |
| 0  0  0 | 0  0  3 | 0  0  0 |
| --------------------------- |
| 9  0  0 | 0  3  0 | 0  0  0 |
| 0  0  0 | 0  5  0 | 4  0  0 |
| 0  0  0 | 8  9  0 | 0  0  2 |
| --------------------------- |
| 4  0  0 | 2  8  0 | 5  0  0 |
| 0  8  5 | 0  0  0 | 0  0  0 |
| 0  0  7 | 0  0  0 | 0  9  1 |
| --------------------------- |
SOLVE
Made it passed the for loop!
| --------------------------- |
| 0  0  4 | 0  0  0 | 2  0  7 |
| 3  9  0 | 4  7  0 | 0  0  8 |
| 0  0  0 | 0  0  3 | 0  0  0 |
| --------------------------- |
| 9  0  0 | 0  3  0 | 0  0  0 |
| 0  0  0 | 0  5  0 | 4  0  0 |
| 0  0  0 | 8  9  0 | 0  0  2 |
| --------------------------- |
| 4  0  0 | 2  8  0 | 5  0  0 |
| 0  8  5 | 0  0  0 | 0  0  0 |
| 0  0  7 | 0  0  0 | 0  9  1 |
| --------------------------- |
