READ
| --------------------------- |
| 0  0  7 | 0  0  0 | 0  0  0 |
| 0  0  0 | 0  2  9 | 3  0  0 |
| 4  0  0 | 0  0  0 | 0  0  8 |
| --------------------------- |
| 7  6  8 | 5  0  0 | 0  0  0 |
| 0  5  0 | 0  0  4 | 0  0  0 |
| 0  0  0 | 0  9  0 | 0  0  6 |
| --------------------------- |
| 0  0  0 | 0  5  6 | 9  0  0 |
| 3  0  0 | 0  0  0 | 4  0  0 |
| 1  0  0 | 0  0  0 | 0  7  2 |
| --------------------------- |
SOLVE
Made it passed the for loop!
| --------------------------- |
| 0  0  7 | 0  0  0 | 0  0  0 |
| 0  0  0 | 0  2  9 | 3  0  0 |
| 4  0  0 | 0  0  0 | 0  0  8 |
| --------------------------- |
| 7  6  8 | 5  0  0 | 0  0  0 |
| 0  5  0 | 0  0  4 | 0  0  0 |
| 0  0  0 | 0  9  0 | 0  0  6 |
| --------------------------- |
| 0  0  0 | 0  5  6 | 9  0  0 |
| 3  0  0 | 0  0  0 | 4  0  0 |
| 1  0  0 | 0  0  0 | 0  7  2 |
| --------------------------- |
