READ
| --------------------------- |
| 0  5  0 | 0  0  0 | 6  0  4 |
| 1  0  0 | 5  4  0 | 0  0  0 |
| 8  0  0 | 3  0  0 | 0  0  7 |
| --------------------------- |
| 0  0  9 | 0  5  0 | 0  0  0 |
| 0  0  0 | 0  0  0 | 0  6  0 |
| 7  0  0 | 9  0  0 | 0  2  3 |
| --------------------------- |
| 0  9  1 | 0  0  0 | 8  0  0 |
| 0  0  0 | 0  3  0 | 4  0  0 |
| 0  6  0 | 8  2  0 | 0  0  0 |
| --------------------------- |
SOLVE
| --------------------------- |
| 9  5  3 | 7  8  2 | 6  1  4 |
| 1  7  2 | 5  4  6 | 3  8  9 |
| 8  4  6 | 3  9  1 | 2  5  7 |
| --------------------------- |
| 6  8  9 | 2  5  3 | 7  4  1 |
| 2  3  5 | 4  1  7 | 9  6  8 |
| 7  1  4 | 9  6  8 | 5  2  3 |
| --------------------------- |
| 4  9  1 | 6  7  5 | 8  3  2 |
| 5  2  8 | 1  3  9 | 4  7  6 |
| 3  6  7 | 8  2  4 | 1  9  5 |
| --------------------------- |
Time: 8.11 msec (0.008108 sec)
