READ
| --------------------------- |
| 5  0  7 | 0  8  0 | 0  0  0 |
| 8  0  4 | 1  0  2 | 0  0  0 |
| 0  0  0 | 6  0  0 | 3  8  0 |
| --------------------------- |
| 0  0  8 | 0  0  0 | 0  0  3 |
| 0  0  5 | 0  7  8 | 0  0  0 |
| 0  0  0 | 0  0  0 | 0  0  9 |
| --------------------------- |
| 0  5  1 | 0  6  9 | 0  0  0 |
| 0  0  0 | 0  0  0 | 0  3  0 |
| 0  9  0 | 0  0  0 | 6  0  2 |
| --------------------------- |
SOLVE
Made it passed the for loop!
| --------------------------- |
| 5  0  7 | 0  8  0 | 0  0  0 |
| 8  0  4 | 1  0  2 | 0  0  0 |
| 0  0  0 | 6  0  0 | 3  8  0 |
| --------------------------- |
| 0  0  8 | 0  0  0 | 0  0  3 |
| 0  0  5 | 0  7  8 | 0  0  0 |
| 0  0  0 | 0  0  0 | 0  0  9 |
| --------------------------- |
| 0  5  1 | 0  6  9 | 0  0  0 |
| 0  0  0 | 0  0  0 | 0  3  0 |
| 0  9  0 | 0  0  0 | 6  0  2 |
| --------------------------- |
