READ
| --------------------------- |
| 0  9  7 | 0  0  0 | 3  0  0 |
| 0  0  0 | 0  5  1 | 8  0  0 |
| 0  0  4 | 2  0  0 | 0  0  0 |
| --------------------------- |
| 0  0  1 | 0  6  2 | 0  0  0 |
| 3  0  0 | 0  0  0 | 0  0  0 |
| 0  6  0 | 0  0  0 | 7  0  5 |
| --------------------------- |
| 7  0  9 | 8  0  0 | 0  0  0 |
| 0  5  8 | 0  0  4 | 0  2  0 |
| 0  0  0 | 3  0  0 | 0  0  0 |
| --------------------------- |
SOLVE
Made it passed the for loop!
| --------------------------- |
| 0  9  7 | 0  0  0 | 3  0  0 |
| 0  0  0 | 0  5  1 | 8  0  0 |
| 0  0  4 | 2  0  0 | 0  0  0 |
| --------------------------- |
| 0  0  1 | 0  6  2 | 0  0  0 |
| 3  0  0 | 0  0  0 | 0  0  0 |
| 0  6  0 | 0  0  0 | 7  0  5 |
| --------------------------- |
| 7  0  9 | 8  0  0 | 0  0  0 |
| 0  5  8 | 0  0  4 | 0  2  0 |
| 0  0  0 | 3  0  0 | 0  0  0 |
| --------------------------- |
