READ
| --------------------------- |
| 0  0  0 | 0  0  0 | 0  9  0 |
| 1  0  0 | 6  0  0 | 2  0  0 |
| 0  7  0 | 0  0  0 | 0  0  6 |
| --------------------------- |
| 0  0  4 | 0  0  7 | 0  3  2 |
| 0  2  0 | 3  0  0 | 0  6  0 |
| 0  0  0 | 0  8  0 | 0  7  0 |
| --------------------------- |
| 0  1  8 | 5  9  2 | 0  0  0 |
| 9  0  0 | 0  3  0 | 0  0  0 |
| 5  0  0 | 1  0  0 | 0  8  0 |
| --------------------------- |
SOLVE
| --------------------------- |
| 2  6  3 | 4  5  1 | 7  9  8 |
| 1  8  9 | 6  7  3 | 2  5  4 |
| 4  7  5 | 8  2  9 | 3  1  6 |
| --------------------------- |
| 6  5  4 | 9  1  7 | 8  3  2 |
| 8  2  7 | 3  4  5 | 1  6  9 |
| 3  9  1 | 2  8  6 | 4  7  5 |
| --------------------------- |
| 7  1  8 | 5  9  2 | 6  4  3 |
| 9  4  6 | 7  3  8 | 5  2  1 |
| 5  3  2 | 1  6  4 | 9  8  7 |
| --------------------------- |
Time: 3.74 msec (0.003742 sec)
