READ
| --------------------------- |
| 1  7  0 | 0  0  0 | 5  0  0 |
| 0  0  0 | 0  0  6 | 0  0  0 |
| 0  0  2 | 7  3  0 | 0  0  1 |
| --------------------------- |
| 0  0  8 | 0  0  0 | 2  0  7 |
| 5  0  0 | 0  0  9 | 6  0  0 |
| 0  0  0 | 6  0  0 | 0  0  0 |
| --------------------------- |
| 0  9  0 | 0  0  0 | 3  0  0 |
| 0  2  1 | 0  0  0 | 0  4  0 |
| 0  0  0 | 0  1  0 | 9  6  0 |
| --------------------------- |
SOLVE
| --------------------------- |
| 1  7  3 | 8  9  4 | 5  2  6 |
| 8  5  9 | 1  2  6 | 4  7  3 |
| 6  4  2 | 7  3  5 | 8  9  1 |
| --------------------------- |
| 9  6  8 | 3  4  1 | 2  5  7 |
| 5  1  7 | 2  8  9 | 6  3  4 |
| 2  3  4 | 6  5  7 | 1  8  9 |
| --------------------------- |
| 4  9  6 | 5  7  2 | 3  1  8 |
| 3  2  1 | 9  6  8 | 7  4  5 |
| 7  8  5 | 4  1  3 | 9  6  2 |
| --------------------------- |
Time: 3.39 msec (0.003394 sec)
