READ
| --------------------------- |
| 0  9  7 | 0  0  0 | 3  0  0 |
| 0  0  0 | 0  5  1 | 8  0  0 |
| 0  0  4 | 2  0  0 | 0  0  0 |
| --------------------------- |
| 0  0  1 | 0  6  2 | 0  0  0 |
| 3  0  0 | 0  0  0 | 0  0  0 |
| 0  6  0 | 0  0  0 | 7  0  5 |
| --------------------------- |
| 7  0  9 | 8  0  0 | 0  0  0 |
| 0  5  8 | 0  0  4 | 0  2  0 |
| 0  0  0 | 3  0  0 | 0  0  0 |
| --------------------------- |
SOLVE
| --------------------------- |
| 5  9  7 | 6  4  8 | 3  1  2 |
| 6  2  3 | 7  5  1 | 8  4  9 |
| 8  1  4 | 2  3  9 | 5  7  6 |
| --------------------------- |
| 9  7  1 | 5  6  2 | 4  3  8 |
| 3  8  5 | 4  9  7 | 2  6  1 |
| 4  6  2 | 1  8  3 | 7  9  5 |
| --------------------------- |
| 7  3  9 | 8  2  6 | 1  5  4 |
| 1  5  8 | 9  7  4 | 6  2  3 |
| 2  4  6 | 3  1  5 | 9  8  7 |
| --------------------------- |
Time: 1.26 msec (0.001265 sec)
