READ
| --------------------------- |
| 0  0  1 | 0  0  0 | 0  0  0 |
| 6  0  0 | 0  0  3 | 0  1  0 |
| 4  0  0 | 0  0  0 | 9  0  0 |
| --------------------------- |
| 0  0  0 | 0  0  0 | 8  0  0 |
| 7  0  2 | 0  0  1 | 0  6  0 |
| 0  8  0 | 5  3  0 | 0  0  0 |
| --------------------------- |
| 0  0  7 | 2  0  0 | 3  0  0 |
| 2  0  0 | 8  0  0 | 0  0  4 |
| 9  0  6 | 0  0  5 | 0  0  0 |
| --------------------------- |
SOLVE
| --------------------------- |
| 3  2  1 | 6  9  8 | 4  5  7 |
| 6  5  9 | 7  4  3 | 2  1  8 |
| 4  7  8 | 1  5  2 | 9  3  6 |
| --------------------------- |
| 5  6  3 | 9  2  7 | 8  4  1 |
| 7  9  2 | 4  8  1 | 5  6  3 |
| 1  8  4 | 5  3  6 | 7  2  9 |
| --------------------------- |
| 8  1  7 | 2  6  4 | 3  9  5 |
| 2  3  5 | 8  1  9 | 6  7  4 |
| 9  4  6 | 3  7  5 | 1  8  2 |
| --------------------------- |
Time: 2.65 msec (0.002654 sec)
