READ
| --------------------------- |
| 0  0  5 | 0  7  0 | 0  8  0 |
| 9  0  0 | 0  2  0 | 0  0  0 |
| 0  0  6 | 8  9  1 | 3  0  0 |
| --------------------------- |
| 3  0  0 | 0  0  0 | 0  0  0 |
| 0  0  8 | 1  0  0 | 0  0  0 |
| 0  0  0 | 0  0  2 | 0  4  0 |
| --------------------------- |
| 0  0  3 | 0  5  9 | 2  0  0 |
| 6  0  0 | 0  0  0 | 0  0  3 |
| 0  5  0 | 7  0  0 | 0  6  0 |
| --------------------------- |
SOLVE
| --------------------------- |
| 2  3  5 | 4  7  6 | 9  8  1 |
| 9  8  1 | 3  2  5 | 4  7  6 |
| 7  4  6 | 8  9  1 | 3  2  5 |
| --------------------------- |
| 3  2  4 | 5  6  8 | 1  9  7 |
| 5  9  8 | 1  4  7 | 6  3  2 |
| 1  6  7 | 9  3  2 | 5  4  8 |
| --------------------------- |
| 8  7  3 | 6  5  9 | 2  1  4 |
| 6  1  9 | 2  8  4 | 7  5  3 |
| 4  5  2 | 7  1  3 | 8  6  9 |
| --------------------------- |
Time: 13.31 msec (0.013314 sec)
