READ
| --------------------------- |
| 0  0  0 | 5  8  0 | 4  0  0 |
| 0  4  0 | 0  0  0 | 0  0  5 |
| 0  0  8 | 0  3  0 | 6  0  7 |
| --------------------------- |
| 0  7  0 | 0  0  2 | 0  0  0 |
| 0  0  3 | 0  0  0 | 0  0  4 |
| 2  0  0 | 4  0  0 | 0  0  0 |
| --------------------------- |
| 6  0  0 | 0  0  0 | 0  8  9 |
| 1  0  5 | 2  0  0 | 0  0  0 |
| 0  0  9 | 0  7  8 | 0  0  0 |
| --------------------------- |
SOLVE
Made it passed the for loop!
| --------------------------- |
| 0  0  0 | 5  8  0 | 4  0  0 |
| 0  4  0 | 0  0  0 | 0  0  5 |
| 0  0  8 | 0  3  0 | 6  0  7 |
| --------------------------- |
| 0  7  0 | 0  0  2 | 0  0  0 |
| 0  0  3 | 0  0  0 | 0  0  4 |
| 2  0  0 | 4  0  0 | 0  0  0 |
| --------------------------- |
| 6  0  0 | 0  0  0 | 0  8  9 |
| 1  0  5 | 2  0  0 | 0  0  0 |
| 0  0  9 | 0  7  8 | 0  0  0 |
| --------------------------- |
