READ
| --------------------------- |
| 0  0  0 | 6  4  0 | 9  1  0 |
| 7  0  9 | 1  0  0 | 0  0  0 |
| 0  0  4 | 0  0  0 | 0  0  3 |
| --------------------------- |
| 3  0  0 | 0  9  0 | 1  6  0 |
| 0  0  1 | 3  0  0 | 0  0  0 |
| 0  2  0 | 0  0  0 | 0  9  0 |
| --------------------------- |
| 0  0  0 | 5  0  1 | 2  3  0 |
| 0  0  0 | 0  0  0 | 0  7  0 |
| 0  0  7 | 8  2  0 | 0  0  5 |
| --------------------------- |
SOLVE
| --------------------------- |
| 2  5  3 | 6  4  7 | 9  1  8 |
| 7  8  9 | 1  5  3 | 4  2  6 |
| 6  1  4 | 9  8  2 | 7  5  3 |
| --------------------------- |
| 3  4  5 | 2  9  8 | 1  6  7 |
| 9  7  1 | 3  6  4 | 5  8  2 |
| 8  2  6 | 7  1  5 | 3  9  4 |
| --------------------------- |
| 4  6  8 | 5  7  1 | 2  3  9 |
| 5  9  2 | 4  3  6 | 8  7  1 |
| 1  3  7 | 8  2  9 | 6  4  5 |
| --------------------------- |
Time: 1.53 msec (0.001533 sec)
