READ
| --------------------------- |
| 0  0  7 | 0  3  0 | 0  0  9 |
| 0  0  0 | 0  0  0 | 0  0  2 |
| 9  0  0 | 2  7  0 | 3  0  0 |
| --------------------------- |
| 0  0  0 | 0  0  0 | 0  0  0 |
| 0  6  9 | 1  5  0 | 0  0  0 |
| 0  7  0 | 0  6  0 | 0  8  4 |
| --------------------------- |
| 3  0  0 | 0  9  0 | 0  0  0 |
| 0  5  0 | 3  0  8 | 1  0  0 |
| 0  0  4 | 0  0  0 | 0  7  0 |
| --------------------------- |
SOLVE
| --------------------------- |
| 2  8  7 | 4  3  5 | 6  1  9 |
| 5  3  6 | 8  1  9 | 7  4  2 |
| 9  4  1 | 2  7  6 | 3  5  8 |
| --------------------------- |
| 4  2  5 | 7  8  3 | 9  6  1 |
| 8  6  9 | 1  5  4 | 2  3  7 |
| 1  7  3 | 9  6  2 | 5  8  4 |
| --------------------------- |
| 3  1  8 | 6  9  7 | 4  2  5 |
| 7  5  2 | 3  4  8 | 1  9  6 |
| 6  9  4 | 5  2  1 | 8  7  3 |
| --------------------------- |
Time: 0.60 msec (0.000603 sec)
