READ
| --------------------------- |
| 0  8  4 | 3  0  0 | 5  0  0 |
| 0  5  0 | 6  0  0 | 0  0  8 |
| 1  0  0 | 0  0  0 | 0  6  0 |
| --------------------------- |
| 9  1  0 | 0  0  0 | 0  0  0 |
| 0  2  0 | 0  0  0 | 4  0  9 |
| 0  0  0 | 2  3  0 | 0  1  0 |
| --------------------------- |
| 0  0  0 | 1  0  7 | 0  0  0 |
| 4  0  0 | 0  0  0 | 7  9  0 |
| 0  0  8 | 0  0  6 | 2  0  0 |
| --------------------------- |
SOLVE
| --------------------------- |
| 6  8  4 | 3  9  1 | 5  7  2 |
| 2  5  9 | 6  7  4 | 1  3  8 |
| 1  7  3 | 5  8  2 | 9  6  4 |
| --------------------------- |
| 9  1  7 | 4  6  5 | 8  2  3 |
| 3  2  6 | 7  1  8 | 4  5  9 |
| 8  4  5 | 2  3  9 | 6  1  7 |
| --------------------------- |
| 5  9  2 | 1  4  7 | 3  8  6 |
| 4  6  1 | 8  2  3 | 7  9  5 |
| 7  3  8 | 9  5  6 | 2  4  1 |
| --------------------------- |
Time: 14.92 msec (0.014920 sec)
