READ
| --------------------------- |
| 4  0  0 | 0  3  1 | 0  0  0 |
| 0  0  0 | 0  0  2 | 0  0  4 |
| 2  0  8 | 4  0  0 | 0  0  0 |
| --------------------------- |
| 0  3  0 | 0  0  0 | 0  0  7 |
| 0  0  0 | 0  2  0 | 1  0  0 |
| 0  0  0 | 1  6  0 | 0  8  5 |
| --------------------------- |
| 3  0  7 | 0  0  0 | 0  0  6 |
| 0  0  0 | 0  1  8 | 5  0  0 |
| 8  0  2 | 3  0  0 | 0  9  0 |
| --------------------------- |
SOLVE
Made it passed the for loop!
| --------------------------- |
| 4  0  0 | 0  3  1 | 0  0  0 |
| 0  0  0 | 0  0  2 | 0  0  4 |
| 2  0  8 | 4  0  0 | 0  0  0 |
| --------------------------- |
| 0  3  0 | 0  0  0 | 0  0  7 |
| 0  0  0 | 0  2  0 | 1  0  0 |
| 0  0  0 | 1  6  0 | 0  8  5 |
| --------------------------- |
| 3  0  7 | 0  0  0 | 0  0  6 |
| 0  0  0 | 0  1  8 | 5  0  0 |
| 8  0  2 | 3  0  0 | 0  9  0 |
| --------------------------- |
