READ
| --------------------------- |
| 0  0  0 | 0  7  0 | 0  1  0 |
| 1  0  0 | 6  0  0 | 8  9  0 |
| 0  0  9 | 0  0  0 | 3  0  0 |
| --------------------------- |
| 0  0  6 | 0  2  1 | 0  0  0 |
| 0  7  0 | 0  6  0 | 0  0  0 |
| 0  3  0 | 7  0  0 | 0  5  0 |
| --------------------------- |
| 3  0  0 | 0  1  0 | 5  0  0 |
| 6  0  0 | 0  0  2 | 9  0  0 |
| 4  0  0 | 8  5  0 | 0  0  1 |
| --------------------------- |
SOLVE
| --------------------------- |
| 8  6  3 | 2  7  9 | 4  1  5 |
| 1  2  4 | 6  3  5 | 8  9  7 |
| 7  5  9 | 1  8  4 | 3  6  2 |
| --------------------------- |
| 9  4  6 | 5  2  1 | 7  8  3 |
| 5  7  8 | 4  6  3 | 1  2  9 |
| 2  3  1 | 7  9  8 | 6  5  4 |
| --------------------------- |
| 3  8  2 | 9  1  7 | 5  4  6 |
| 6  1  5 | 3  4  2 | 9  7  8 |
| 4  9  7 | 8  5  6 | 2  3  1 |
| --------------------------- |
Time: 1.61 msec (0.001607 sec)
