READ
| --------------------------- |
| 0  0  0 | 6  0  2 | 0  8  0 |
| 0  0  9 | 0  0  0 | 0  0  0 |
| 2  0  1 | 0  0  0 | 5  0  0 |
| --------------------------- |
| 0  4  0 | 0  5  0 | 0  0  0 |
| 3  0  0 | 0  0  0 | 0  0  7 |
| 0  7  0 | 9  0  8 | 0  6  0 |
| --------------------------- |
| 0  0  0 | 7  0  0 | 8  4  0 |
| 5  0  0 | 0  3  0 | 2  0  0 |
| 7  0  0 | 0  0  0 | 0  0  1 |
| --------------------------- |
SOLVE
| --------------------------- |
| 4  5  7 | 6  9  2 | 1  8  3 |
| 8  3  9 | 4  1  5 | 7  2  6 |
| 2  6  1 | 8  7  3 | 5  9  4 |
| --------------------------- |
| 6  4  2 | 3  5  7 | 9  1  8 |
| 3  9  8 | 2  6  1 | 4  5  7 |
| 1  7  5 | 9  4  8 | 3  6  2 |
| --------------------------- |
| 9  1  3 | 7  2  6 | 8  4  5 |
| 5  8  6 | 1  3  4 | 2  7  9 |
| 7  2  4 | 5  8  9 | 6  3  1 |
| --------------------------- |
Time: 1.00 msec (0.001005 sec)
