READ
| --------------------------- |
| 0  0  0 | 1  2  0 | 5  3  0 |
| 0  4  0 | 0  0  0 | 0  0  0 |
| 0  0  0 | 4  0  0 | 2  6  0 |
| --------------------------- |
| 2  6  0 | 0  0  0 | 0  0  0 |
| 0  0  7 | 3  0  0 | 6  2  0 |
| 3  0  8 | 7  0  0 | 0  0  0 |
| --------------------------- |
| 8  0  0 | 0  0  1 | 0  0  0 |
| 0  0  0 | 0  0  0 | 7  4  0 |
| 7  0  0 | 8  5  0 | 0  0  2 |
| --------------------------- |
SOLVE
Made it passed the for loop!
| --------------------------- |
| 0  0  0 | 1  2  0 | 5  3  0 |
| 0  4  0 | 0  0  0 | 0  0  0 |
| 0  0  0 | 4  0  0 | 2  6  0 |
| --------------------------- |
| 2  6  0 | 0  0  0 | 0  0  0 |
| 0  0  7 | 3  0  0 | 6  2  0 |
| 3  0  8 | 7  0  0 | 0  0  0 |
| --------------------------- |
| 8  0  0 | 0  0  1 | 0  0  0 |
| 0  0  0 | 0  0  0 | 7  4  0 |
| 7  0  0 | 8  5  0 | 0  0  2 |
| --------------------------- |
