READ
| --------------------------- |
| 2  6  0 | 0  0  7 | 0  0  0 |
| 0  0  0 | 0  2  5 | 0  0  0 |
| 0  0  1 | 9  0  0 | 0  0  0 |
| --------------------------- |
| 0  0  0 | 0  0  0 | 5  3  4 |
| 0  0  0 | 0  0  0 | 0  0  0 |
| 3  0  4 | 0  0  0 | 0  9  6 |
| --------------------------- |
| 7  0  3 | 8  0  9 | 0  0  2 |
| 0  0  0 | 0  0  1 | 0  0  0 |
| 8  0  9 | 7  4  0 | 0  6  0 |
| --------------------------- |
SOLVE
| --------------------------- |
| 2  6  5 | 4  1  7 | 9  8  3 |
| 9  3  8 | 6  2  5 | 1  4  7 |
| 4  7  1 | 9  8  3 | 6  2  5 |
| --------------------------- |
| 1  8  7 | 2  9  6 | 5  3  4 |
| 5  9  6 | 3  7  4 | 2  1  8 |
| 3  2  4 | 1  5  8 | 7  9  6 |
| --------------------------- |
| 7  1  3 | 8  6  9 | 4  5  2 |
| 6  4  2 | 5  3  1 | 8  7  9 |
| 8  5  9 | 7  4  2 | 3  6  1 |
| --------------------------- |
Time: 5.56 msec (0.005555 sec)
