READ
| --------------------------- |
| 0  0  0 | 0  7  0 | 0  1  0 |
| 1  0  0 | 6  0  0 | 8  9  0 |
| 0  0  9 | 0  0  0 | 3  0  0 |
| --------------------------- |
| 0  0  6 | 0  2  1 | 0  0  0 |
| 0  7  0 | 0  6  0 | 0  0  0 |
| 0  3  0 | 7  0  0 | 0  5  0 |
| --------------------------- |
| 3  0  0 | 0  1  0 | 5  0  0 |
| 6  0  0 | 0  0  2 | 9  0  0 |
| 4  0  0 | 8  5  0 | 0  0  1 |
| --------------------------- |
SOLVE
Made it passed the for loop!
| --------------------------- |
| 0  0  0 | 0  7  0 | 0  1  0 |
| 1  0  0 | 6  0  0 | 8  9  0 |
| 0  0  9 | 0  0  0 | 3  0  0 |
| --------------------------- |
| 0  0  6 | 0  2  1 | 0  0  0 |
| 0  7  0 | 0  6  0 | 0  0  0 |
| 0  3  0 | 7  0  0 | 0  5  0 |
| --------------------------- |
| 3  0  0 | 0  1  0 | 5  0  0 |
| 6  0  0 | 0  0  2 | 9  0  0 |
| 4  0  0 | 8  5  0 | 0  0  1 |
| --------------------------- |
