READ
| --------------------------- |
| 0  9  0 | 0  3  6 | 0  0  0 |
| 0  0  0 | 0  8  0 | 2  6  4 |
| 8  5  0 | 4  0  0 | 0  0  9 |
| --------------------------- |
| 0  0  0 | 0  0  1 | 0  3  0 |
| 2  0  0 | 0  0  3 | 5  0  0 |
| 0  0  0 | 0  7  0 | 0  8  6 |
| --------------------------- |
| 0  0  0 | 0  9  5 | 0  0  3 |
| 5  0  0 | 0  0  0 | 0  4  0 |
| 0  0  0 | 1  0  0 | 9  0  0 |
| --------------------------- |
SOLVE
| --------------------------- |
| 4  9  2 | 7  3  6 | 8  1  5 |
| 3  1  7 | 5  8  9 | 2  6  4 |
| 8  5  6 | 4  1  2 | 3  7  9 |
| --------------------------- |
| 7  6  8 | 9  5  1 | 4  3  2 |
| 2  4  1 | 8  6  3 | 5  9  7 |
| 9  3  5 | 2  7  4 | 1  8  6 |
| --------------------------- |
| 1  8  4 | 6  9  5 | 7  2  3 |
| 5  7  9 | 3  2  8 | 6  4  1 |
| 6  2  3 | 1  4  7 | 9  5  8 |
| --------------------------- |
Time: 0.72 msec (0.000715 sec)
