READ
| --------------------------- |
| 4  2  0 | 0  7  5 | 0  8  0 |
| 0  6  1 | 3  0  0 | 0  0  2 |
| 0  0  0 | 1  0  0 | 4  0  0 |
| --------------------------- |
| 8  0  0 | 2  0  1 | 0  0  0 |
| 0  5  0 | 0  0  0 | 0  0  4 |
| 6  0  0 | 0  8  0 | 0  3  0 |
| --------------------------- |
| 0  0  0 | 0  0  4 | 3  2  6 |
| 0  3  0 | 0  0  0 | 7  0  0 |
| 0  0  0 | 0  0  0 | 0  0  0 |
| --------------------------- |
SOLVE
Made it passed the for loop!
| --------------------------- |
| 4  2  0 | 0  7  5 | 0  8  0 |
| 0  6  1 | 3  0  0 | 0  0  2 |
| 0  0  0 | 1  0  0 | 4  0  0 |
| --------------------------- |
| 8  0  0 | 2  0  1 | 0  0  0 |
| 0  5  0 | 0  0  0 | 0  0  4 |
| 6  0  0 | 0  8  0 | 0  3  0 |
| --------------------------- |
| 0  0  0 | 0  0  4 | 3  2  6 |
| 0  3  0 | 0  0  0 | 7  0  0 |
| 0  0  0 | 0  0  0 | 0  0  0 |
| --------------------------- |
