READ
| --------------------------- |
| 0  2  3 | 0  0  0 | 0  6  1 |
| 4  0  0 | 0  0  0 | 5  0  0 |
| 0  0  0 | 0  9  0 | 0  0  0 |
| --------------------------- |
| 0  5  0 | 0  8  0 | 3  0  0 |
| 0  0  0 | 2  0  9 | 0  8  0 |
| 0  4  0 | 5  0  0 | 2  7  0 |
| --------------------------- |
| 0  0  0 | 0  0  1 | 0  0  0 |
| 0  0  9 | 0  0  5 | 0  0  0 |
| 7  0  0 | 9  3  0 | 6  0  4 |
| --------------------------- |
SOLVE
| --------------------------- |
| 8  2  3 | 7  5  4 | 9  6  1 |
| 4  9  7 | 1  2  6 | 5  3  8 |
| 6  1  5 | 3  9  8 | 4  2  7 |
| --------------------------- |
| 1  5  2 | 6  8  7 | 3  4  9 |
| 3  7  6 | 2  4  9 | 1  8  5 |
| 9  4  8 | 5  1  3 | 2  7  6 |
| --------------------------- |
| 5  3  4 | 8  6  1 | 7  9  2 |
| 2  6  9 | 4  7  5 | 8  1  3 |
| 7  8  1 | 9  3  2 | 6  5  4 |
| --------------------------- |
Time: 4.47 msec (0.004470 sec)
