READ
| --------------------------- |
| 0  0  0 | 0  0  0 | 0  2  0 |
| 7  1  0 | 3  0  0 | 0  0  4 |
| 4  0  0 | 0  0  0 | 8  0  0 |
| --------------------------- |
| 6  0  0 | 0  0  0 | 7  8  0 |
| 0  0  5 | 0  0  7 | 0  0  1 |
| 1  7  0 | 0  6  8 | 0  0  5 |
| --------------------------- |
| 0  0  0 | 0  5  3 | 4  0  8 |
| 0  0  0 | 2  0  1 | 0  5  0 |
| 0  0  0 | 0  8  0 | 0  6  0 |
| --------------------------- |
SOLVE
Made it passed the for loop!
| --------------------------- |
| 0  0  0 | 0  0  0 | 0  2  0 |
| 7  1  0 | 3  0  0 | 0  0  4 |
| 4  0  0 | 0  0  0 | 8  0  0 |
| --------------------------- |
| 6  0  0 | 0  0  0 | 7  8  0 |
| 0  0  5 | 0  0  7 | 0  0  1 |
| 1  7  0 | 0  6  8 | 0  0  5 |
| --------------------------- |
| 0  0  0 | 0  5  3 | 4  0  8 |
| 0  0  0 | 2  0  1 | 0  5  0 |
| 0  0  0 | 0  8  0 | 0  6  0 |
| --------------------------- |
