READ
| --------------------------- |
| 0  2  0 | 0  9  0 | 5  0  0 |
| 1  0  0 | 0  0  5 | 2  0  0 |
| 0  0  0 | 0  0  0 | 0  0  1 |
| --------------------------- |
| 0  9  2 | 0  4  0 | 0  0  3 |
| 0  7  0 | 6  0  0 | 0  2  0 |
| 0  8  0 | 5  0  0 | 0  0  0 |
| --------------------------- |
| 6  0  0 | 0  0  0 | 0  0  0 |
| 0  0  0 | 0  6  0 | 8  0  0 |
| 0  0  5 | 0  0  2 | 7  0  9 |
| --------------------------- |
SOLVE
| --------------------------- |
| 7  2  8 | 1  9  4 | 5  3  6 |
| 1  6  4 | 3  7  5 | 2  9  8 |
| 9  5  3 | 2  8  6 | 4  7  1 |
| --------------------------- |
| 5  9  2 | 7  4  1 | 6  8  3 |
| 4  7  1 | 6  3  8 | 9  2  5 |
| 3  8  6 | 5  2  9 | 1  4  7 |
| --------------------------- |
| 6  4  9 | 8  5  7 | 3  1  2 |
| 2  1  7 | 9  6  3 | 8  5  4 |
| 8  3  5 | 4  1  2 | 7  6  9 |
| --------------------------- |
Time: 1.17 msec (0.001166 sec)
