READ
| --------------------------- |
| 0  6  0 | 0  0  8 | 5  0  0 |
| 0  0  1 | 0  9  0 | 3  0  0 |
| 9  0  0 | 7  0  0 | 0  0  0 |
| --------------------------- |
| 0  7  0 | 4  0  0 | 8  0  0 |
| 0  4  0 | 2  0  0 | 0  0  6 |
| 0  0  6 | 0  3  0 | 0  0  0 |
| --------------------------- |
| 0  0  0 | 0  6  0 | 1  0  9 |
| 0  0  8 | 0  0  2 | 0  5  0 |
| 0  0  5 | 0  0  1 | 6  0  0 |
| --------------------------- |
SOLVE
| --------------------------- |
| 3  6  7 | 1  2  8 | 5  9  4 |
| 5  2  1 | 6  9  4 | 3  7  8 |
| 9  8  4 | 7  5  3 | 2  6  1 |
| --------------------------- |
| 2  7  9 | 4  1  6 | 8  3  5 |
| 8  4  3 | 2  7  5 | 9  1  6 |
| 1  5  6 | 8  3  9 | 4  2  7 |
| --------------------------- |
| 4  3  2 | 5  6  7 | 1  8  9 |
| 6  1  8 | 9  4  2 | 7  5  3 |
| 7  9  5 | 3  8  1 | 6  4  2 |
| --------------------------- |
Time: 1.12 msec (0.001116 sec)
