READ
| --------------------------- |
| 0  0  0 | 5  1  0 | 0  2  0 |
| 2  0  0 | 3  0  0 | 0  0  0 |
| 0  0  0 | 0  8  0 | 5  0  1 |
| --------------------------- |
| 0  0  1 | 0  2  4 | 0  0  0 |
| 8  9  0 | 0  0  0 | 0  0  0 |
| 0  0  4 | 6  0  0 | 0  0  0 |
| --------------------------- |
| 0  0  6 | 0  0  0 | 1  0  7 |
| 3  0  0 | 8  0  0 | 0  5  0 |
| 0  4  2 | 0  0  5 | 0  3  0 |
| --------------------------- |
SOLVE
Made it passed the for loop!
| --------------------------- |
| 0  0  0 | 5  1  0 | 0  2  0 |
| 2  0  0 | 3  0  0 | 0  0  0 |
| 0  0  0 | 0  8  0 | 5  0  1 |
| --------------------------- |
| 0  0  1 | 0  2  4 | 0  0  0 |
| 8  9  0 | 0  0  0 | 0  0  0 |
| 0  0  4 | 6  0  0 | 0  0  0 |
| --------------------------- |
| 0  0  6 | 0  0  0 | 1  0  7 |
| 3  0  0 | 8  0  0 | 0  5  0 |
| 0  4  2 | 0  0  5 | 0  3  0 |
| --------------------------- |
