READ
| --------------------------- |
| 1  0  0 | 0  9  0 | 0  0  3 |
| 0  0  3 | 0  0  0 | 0  2  9 |
| 4  0  0 | 0  0  6 | 5  0  0 |
| --------------------------- |
| 0  1  0 | 0  0  0 | 6  7  0 |
| 0  0  0 | 0  0  0 | 0  0  4 |
| 0  0  2 | 5  0  0 | 0  0  1 |
| --------------------------- |
| 7  0  0 | 0  3  0 | 0  0  0 |
| 0  0  4 | 0  1  0 | 7  9  0 |
| 0  0  0 | 0  6  0 | 0  0  0 |
| --------------------------- |
SOLVE
Made it passed the for loop!
| --------------------------- |
| 1  0  0 | 0  9  0 | 0  0  3 |
| 0  0  3 | 0  0  0 | 0  2  9 |
| 4  0  0 | 0  0  6 | 5  0  0 |
| --------------------------- |
| 0  1  0 | 0  0  0 | 6  7  0 |
| 0  0  0 | 0  0  0 | 0  0  4 |
| 0  0  2 | 5  0  0 | 0  0  1 |
| --------------------------- |
| 7  0  0 | 0  3  0 | 0  0  0 |
| 0  0  4 | 0  1  0 | 7  9  0 |
| 0  0  0 | 0  6  0 | 0  0  0 |
| --------------------------- |
