READ
| --------------------------- |
| 0  0  0 | 0  0  8 | 0  1  0 |
| 0  0  9 | 1  6  0 | 0  0  0 |
| 0  0  3 | 0  0  0 | 8  0  0 |
| --------------------------- |
| 3  0  7 | 0  0  0 | 0  2  0 |
| 8  0  0 | 0  0  2 | 0  4  0 |
| 9  0  6 | 0  8  0 | 0  0  0 |
| --------------------------- |
| 0  0  4 | 0  5  1 | 0  0  7 |
| 0  0  0 | 0  0  0 | 0  9  5 |
| 0  0  0 | 8  3  7 | 4  0  0 |
| --------------------------- |
SOLVE
| --------------------------- |
| 4  7  2 | 5  9  8 | 6  1  3 |
| 5  8  9 | 1  6  3 | 2  7  4 |
| 6  1  3 | 7  2  4 | 8  5  9 |
| --------------------------- |
| 3  4  7 | 6  1  9 | 5  2  8 |
| 8  5  1 | 3  7  2 | 9  4  6 |
| 9  2  6 | 4  8  5 | 7  3  1 |
| --------------------------- |
| 2  6  4 | 9  5  1 | 3  8  7 |
| 7  3  8 | 2  4  6 | 1  9  5 |
| 1  9  5 | 8  3  7 | 4  6  2 |
| --------------------------- |
Time: 1.25 msec (0.001251 sec)
