READ
| --------------------------- |
| 0  0  6 | 3  0  0 | 4  5  0 |
| 0  5  0 | 0  0  0 | 0  0  0 |
| 1  0  7 | 0  0  0 | 0  0  6 |
| --------------------------- |
| 0  0  0 | 0  0  4 | 0  6  9 |
| 3  0  8 | 0  0  0 | 0  0  5 |
| 0  0  0 | 0  0  0 | 8  0  0 |
| --------------------------- |
| 0  0  0 | 0  0  6 | 0  8  0 |
| 9  0  0 | 0  1  0 | 3  0  0 |
| 0  4  1 | 5  0  0 | 0  0  0 |
| --------------------------- |
SOLVE
Made it passed the for loop!
| --------------------------- |
| 0  0  6 | 3  0  0 | 4  5  0 |
| 0  5  0 | 0  0  0 | 0  0  0 |
| 1  0  7 | 0  0  0 | 0  0  6 |
| --------------------------- |
| 0  0  0 | 0  0  4 | 0  6  9 |
| 3  0  8 | 0  0  0 | 0  0  5 |
| 0  0  0 | 0  0  0 | 8  0  0 |
| --------------------------- |
| 0  0  0 | 0  0  6 | 0  8  0 |
| 9  0  0 | 0  1  0 | 3  0  0 |
| 0  4  1 | 5  0  0 | 0  0  0 |
| --------------------------- |
