READ
| --------------------------- |
| 9  0  6 | 0  2  8 | 0  0  0 |
| 0  3  7 | 0  0  0 | 6  0  0 |
| 5  0  0 | 0  0  0 | 7  0  0 |
| --------------------------- |
| 0  0  8 | 4  0  6 | 0  0  0 |
| 0  0  3 | 0  0  2 | 0  0  6 |
| 0  1  0 | 0  0  0 | 5  0  7 |
| --------------------------- |
| 0  0  0 | 0  0  0 | 4  8  0 |
| 0  0  0 | 1  0  0 | 0  0  2 |
| 0  0  0 | 0  4  0 | 0  0  1 |
| --------------------------- |
SOLVE
| --------------------------- |
| 9  4  6 | 7  2  8 | 1  5  3 |
| 8  3  7 | 9  5  1 | 6  2  4 |
| 5  2  1 | 3  6  4 | 7  9  8 |
| --------------------------- |
| 7  5  8 | 4  1  6 | 2  3  9 |
| 4  9  3 | 5  7  2 | 8  1  6 |
| 6  1  2 | 8  9  3 | 5  4  7 |
| --------------------------- |
| 1  6  9 | 2  3  7 | 4  8  5 |
| 3  7  4 | 1  8  5 | 9  6  2 |
| 2  8  5 | 6  4  9 | 3  7  1 |
| --------------------------- |
Time: 2.56 msec (0.002563 sec)
