READ
| --------------------------- |
| 0  0  0 | 1  2  0 | 5  3  0 |
| 0  4  0 | 0  0  0 | 0  0  0 |
| 0  0  0 | 4  0  0 | 2  6  0 |
| --------------------------- |
| 2  6  0 | 0  0  0 | 0  0  0 |
| 0  0  7 | 3  0  0 | 6  2  0 |
| 3  0  8 | 7  0  0 | 0  0  0 |
| --------------------------- |
| 8  0  0 | 0  0  1 | 0  0  0 |
| 0  0  0 | 0  0  0 | 7  4  0 |
| 7  0  0 | 8  5  0 | 0  0  2 |
| --------------------------- |
SOLVE
| --------------------------- |
| 6  8  9 | 1  2  7 | 5  3  4 |
| 5  4  2 | 6  9  3 | 1  8  7 |
| 1  7  3 | 4  8  5 | 2  6  9 |
| --------------------------- |
| 2  6  1 | 5  4  9 | 8  7  3 |
| 4  9  7 | 3  1  8 | 6  2  5 |
| 3  5  8 | 7  6  2 | 4  9  1 |
| --------------------------- |
| 8  2  4 | 9  7  1 | 3  5  6 |
| 9  1  5 | 2  3  6 | 7  4  8 |
| 7  3  6 | 8  5  4 | 9  1  2 |
| --------------------------- |
Time: 2.18 msec (0.002176 sec)
