READ
| --------------------------- |
| 7  0  0 | 0  0  0 | 0  8  0 |
| 0  0  0 | 2  1  0 | 3  0  0 |
| 0  0  0 | 0  7  8 | 0  0  1 |
| --------------------------- |
| 0  0  6 | 0  0  5 | 0  0  4 |
| 1  0  0 | 4  0  0 | 0  0  0 |
| 0  8  0 | 1  2  0 | 0  5  0 |
| --------------------------- |
| 0  0  7 | 0  0  0 | 0  9  5 |
| 0  0  0 | 7  5  0 | 0  0  2 |
| 0  4  9 | 8  0  0 | 0  1  0 |
| --------------------------- |
SOLVE
| --------------------------- |
| 7  1  2 | 5  9  3 | 4  8  6 |
| 6  5  8 | 2  1  4 | 3  7  9 |
| 9  3  4 | 6  7  8 | 5  2  1 |
| --------------------------- |
| 2  7  6 | 9  8  5 | 1  3  4 |
| 1  9  5 | 4  3  7 | 2  6  8 |
| 4  8  3 | 1  2  6 | 9  5  7 |
| --------------------------- |
| 8  2  7 | 3  4  1 | 6  9  5 |
| 3  6  1 | 7  5  9 | 8  4  2 |
| 5  4  9 | 8  6  2 | 7  1  3 |
| --------------------------- |
Time: 0.74 msec (0.000740 sec)
