READ
| --------------------------- |
| 0  2  0 | 0  0  0 | 0  0  0 |
| 0  0  5 | 0  8  9 | 4  0  6 |
| 1  0  0 | 0  0  0 | 0  0  0 |
| --------------------------- |
| 0  8  0 | 5  0  1 | 0  0  0 |
| 0  0  0 | 0  0  0 | 5  0  2 |
| 0  0  0 | 0  6  0 | 0  0  0 |
| --------------------------- |
| 4  0  0 | 0  7  0 | 8  2  0 |
| 8  3  0 | 6  0  0 | 0  0  7 |
| 0  0  7 | 0  9  5 | 3  0  0 |
| --------------------------- |
SOLVE
Made it passed the for loop!
| --------------------------- |
| 0  2  0 | 0  0  0 | 0  0  0 |
| 0  0  5 | 0  8  9 | 4  0  6 |
| 1  0  0 | 0  0  0 | 0  0  0 |
| --------------------------- |
| 0  8  0 | 5  0  1 | 0  0  0 |
| 0  0  0 | 0  0  0 | 5  0  2 |
| 0  0  0 | 0  6  0 | 0  0  0 |
| --------------------------- |
| 4  0  0 | 0  7  0 | 8  2  0 |
| 8  3  0 | 6  0  0 | 0  0  7 |
| 0  0  7 | 0  9  5 | 3  0  0 |
| --------------------------- |
