READ
| --------------------------- |
| 0  0  0 | 5  2  8 | 1  0  0 |
| 6  0  0 | 0  0  0 | 0  7  0 |
| 0  9  0 | 0  1  0 | 0  2  0 |
| --------------------------- |
| 0  0  7 | 0  0  0 | 0  4  2 |
| 0  6  9 | 0  0  0 | 0  0  0 |
| 8  2  0 | 6  0  0 | 0  5  0 |
| --------------------------- |
| 0  0  0 | 0  8  5 | 0  0  0 |
| 2  0  0 | 0  0  7 | 0  0  0 |
| 0  0  4 | 0  0  0 | 0  0  6 |
| --------------------------- |
SOLVE
Made it passed the for loop!
| --------------------------- |
| 0  0  0 | 5  2  8 | 1  0  0 |
| 6  0  0 | 0  0  0 | 0  7  0 |
| 0  9  0 | 0  1  0 | 0  2  0 |
| --------------------------- |
| 0  0  7 | 0  0  0 | 0  4  2 |
| 0  6  9 | 0  0  0 | 0  0  0 |
| 8  2  0 | 6  0  0 | 0  5  0 |
| --------------------------- |
| 0  0  0 | 0  8  5 | 0  0  0 |
| 2  0  0 | 0  0  7 | 0  0  0 |
| 0  0  4 | 0  0  0 | 0  0  6 |
| --------------------------- |
