READ
| --------------------------- |
| 0  4  0 | 0  0  3 | 2  0  0 |
| 0  0  8 | 0  1  0 | 0  3  6 |
| 0  0  0 | 8  9  0 | 0  5  0 |
| --------------------------- |
| 0  0  0 | 0  0  6 | 5  0  4 |
| 0  0  0 | 7  0  0 | 0  0  0 |
| 0  0  0 | 0  2  0 | 6  9  0 |
| --------------------------- |
| 0  0  0 | 3  0  7 | 0  0  0 |
| 1  2  5 | 0  0  8 | 0  0  0 |
| 4  7  0 | 0  0  0 | 0  0  0 |
| --------------------------- |
SOLVE
Made it passed the for loop!
| --------------------------- |
| 0  4  0 | 0  0  3 | 2  0  0 |
| 0  0  8 | 0  1  0 | 0  3  6 |
| 0  0  0 | 8  9  0 | 0  5  0 |
| --------------------------- |
| 0  0  0 | 0  0  6 | 5  0  4 |
| 0  0  0 | 7  0  0 | 0  0  0 |
| 0  0  0 | 0  2  0 | 6  9  0 |
| --------------------------- |
| 0  0  0 | 3  0  7 | 0  0  0 |
| 1  2  5 | 0  0  8 | 0  0  0 |
| 4  7  0 | 0  0  0 | 0  0  0 |
| --------------------------- |
