READ
| --------------------------- |
| 0  0  6 | 2  0  3 | 1  0  0 |
| 0  9  0 | 0  0  0 | 0  0  0 |
| 1  7  2 | 9  0  0 | 0  3  0 |
| --------------------------- |
| 0  8  0 | 7  0  0 | 0  6  3 |
| 2  0  1 | 0  0  0 | 0  7  0 |
| 0  5  0 | 0  0  0 | 8  0  0 |
| --------------------------- |
| 0  0  0 | 1  0  9 | 7  0  0 |
| 0  0  0 | 0  0  8 | 0  0  1 |
| 0  0  0 | 0  7  0 | 0  4  8 |
| --------------------------- |
SOLVE
| --------------------------- |
| 8  4  6 | 2  5  3 | 1  9  7 |
| 3  9  5 | 6  1  7 | 2  8  4 |
| 1  7  2 | 9  8  4 | 6  3  5 |
| --------------------------- |
| 9  8  4 | 7  2  1 | 5  6  3 |
| 2  6  1 | 8  3  5 | 4  7  9 |
| 7  5  3 | 4  9  6 | 8  1  2 |
| --------------------------- |
| 5  3  8 | 1  4  9 | 7  2  6 |
| 4  2  7 | 3  6  8 | 9  5  1 |
| 6  1  9 | 5  7  2 | 3  4  8 |
| --------------------------- |
Time: 0.75 msec (0.000754 sec)
