READ
| --------------------------- |
| 0  0  7 | 0  0  9 | 0  0  5 |
| 0  0  3 | 0  0  4 | 0  0  0 |
| 0  0  0 | 6  2  5 | 0  0  0 |
| --------------------------- |
| 8  0  0 | 9  0  0 | 0  2  6 |
| 0  0  0 | 0  5  0 | 0  0  3 |
| 0  0  0 | 0  4  0 | 1  0  9 |
| --------------------------- |
| 0  0  0 | 0  7  2 | 0  0  1 |
| 0  9  4 | 0  0  0 | 3  0  0 |
| 0  2  8 | 0  0  0 | 0  0  0 |
| --------------------------- |
SOLVE
| --------------------------- |
| 4  6  7 | 3  8  9 | 2  1  5 |
| 2  5  3 | 7  1  4 | 6  9  8 |
| 9  8  1 | 6  2  5 | 4  3  7 |
| --------------------------- |
| 8  4  5 | 9  3  1 | 7  2  6 |
| 6  1  9 | 2  5  7 | 8  4  3 |
| 3  7  2 | 8  4  6 | 1  5  9 |
| --------------------------- |
| 5  3  6 | 4  7  2 | 9  8  1 |
| 1  9  4 | 5  6  8 | 3  7  2 |
| 7  2  8 | 1  9  3 | 5  6  4 |
| --------------------------- |
Time: 1.86 msec (0.001864 sec)
