READ
| --------------------------- |
| 0  0  2 | 0  5  4 | 8  0  0 |
| 0  0  0 | 0  0  0 | 0  9  0 |
| 0  3  6 | 1  0  0 | 5  0  0 |
| --------------------------- |
| 0  7  0 | 0  8  0 | 0  0  0 |
| 0  0  3 | 0  0  0 | 7  4  0 |
| 0  8  0 | 0  2  0 | 1  0  6 |
| --------------------------- |
| 0  0  0 | 9  0  2 | 0  0  0 |
| 0  0  1 | 0  0  3 | 2  0  0 |
| 0  9  0 | 0  0  0 | 0  0  0 |
| --------------------------- |
SOLVE
| --------------------------- |
| 9  1  2 | 7  5  4 | 8  6  3 |
| 8  5  7 | 2  3  6 | 4  9  1 |
| 4  3  6 | 1  9  8 | 5  7  2 |
| --------------------------- |
| 6  7  4 | 3  8  1 | 9  2  5 |
| 1  2  3 | 5  6  9 | 7  4  8 |
| 5  8  9 | 4  2  7 | 1  3  6 |
| --------------------------- |
| 3  4  5 | 9  1  2 | 6  8  7 |
| 7  6  1 | 8  4  3 | 2  5  9 |
| 2  9  8 | 6  7  5 | 3  1  4 |
| --------------------------- |
Time: 0.55 msec (0.000547 sec)
