READ
| --------------------------- |
| 1  0  0 | 0  9  0 | 0  0  3 |
| 0  0  3 | 0  0  0 | 0  2  9 |
| 4  0  0 | 0  0  6 | 5  0  0 |
| --------------------------- |
| 0  1  0 | 0  0  0 | 6  7  0 |
| 0  0  0 | 0  0  0 | 0  0  4 |
| 0  0  2 | 5  0  0 | 0  0  1 |
| --------------------------- |
| 7  0  0 | 0  3  0 | 0  0  0 |
| 0  0  4 | 0  1  0 | 7  9  0 |
| 0  0  0 | 0  6  0 | 0  0  0 |
| --------------------------- |
SOLVE
| --------------------------- |
| 1  5  7 | 4  9  2 | 8  6  3 |
| 8  6  3 | 1  5  7 | 4  2  9 |
| 4  2  9 | 3  8  6 | 5  1  7 |
| --------------------------- |
| 3  1  5 | 9  4  8 | 6  7  2 |
| 9  7  8 | 6  2  1 | 3  5  4 |
| 6  4  2 | 5  7  3 | 9  8  1 |
| --------------------------- |
| 7  8  6 | 2  3  9 | 1  4  5 |
| 2  3  4 | 8  1  5 | 7  9  6 |
| 5  9  1 | 7  6  4 | 2  3  8 |
| --------------------------- |
Time: 8.95 msec (0.008947 sec)
