READ
| --------------------------- |
| 0  0  0 | 0  0  0 | 0  0  3 |
| 0  0  8 | 5  0  1 | 4  7  0 |
| 4  7  0 | 0  0  0 | 0  0  5 |
| --------------------------- |
| 0  0  0 | 0  0  0 | 7  0  0 |
| 0  6  0 | 0  0  9 | 0  0  2 |
| 1  0  0 | 6  0  2 | 0  0  0 |
| --------------------------- |
| 8  0  1 | 0  2  3 | 5  0  0 |
| 0  0  0 | 1  0  4 | 8  0  0 |
| 0  0  9 | 0  0  0 | 0  0  0 |
| --------------------------- |
SOLVE
| --------------------------- |
| 9  1  5 | 2  4  7 | 6  8  3 |
| 3  2  8 | 5  6  1 | 4  7  9 |
| 4  7  6 | 9  3  8 | 1  2  5 |
| --------------------------- |
| 2  9  4 | 3  1  5 | 7  6  8 |
| 5  6  7 | 4  8  9 | 3  1  2 |
| 1  8  3 | 6  7  2 | 9  5  4 |
| --------------------------- |
| 8  4  1 | 7  2  3 | 5  9  6 |
| 6  5  2 | 1  9  4 | 8  3  7 |
| 7  3  9 | 8  5  6 | 2  4  1 |
| --------------------------- |
Time: 7.77 msec (0.007772 sec)
