READ
| --------------------------- |
| 0  0  0 | 0  0  0 | 9  0  0 |
| 0  0  0 | 0  1  9 | 5  0  0 |
| 7  0  0 | 0  0  0 | 4  6  0 |
| --------------------------- |
| 0  0  0 | 7  0  0 | 6  0  0 |
| 0  0  4 | 0  9  0 | 2  0  5 |
| 5  9  0 | 0  0  1 | 0  0  7 |
| --------------------------- |
| 0  0  2 | 0  0  0 | 0  4  0 |
| 0  0  1 | 0  4  8 | 0  0  0 |
| 9  0  0 | 5  0  0 | 0  0  0 |
| --------------------------- |
SOLVE
| --------------------------- |
| 1  8  5 | 6  7  4 | 9  2  3 |
| 4  6  3 | 2  1  9 | 5  7  8 |
| 7  2  9 | 3  8  5 | 4  6  1 |
| --------------------------- |
| 2  1  8 | 7  5  3 | 6  9  4 |
| 3  7  4 | 8  9  6 | 2  1  5 |
| 5  9  6 | 4  2  1 | 8  3  7 |
| --------------------------- |
| 8  5  2 | 1  6  7 | 3  4  9 |
| 6  3  1 | 9  4  8 | 7  5  2 |
| 9  4  7 | 5  3  2 | 1  8  6 |
| --------------------------- |
Time: 1.84 msec (0.001839 sec)
