NBjdhe, QLaNpfRRy  83 72 47 32 -5 95 38 45 34 86 70  9 52 75 85 43 94 83 51 90 74 93 60 99 61 87 68 38 : 62.8
mmezTfX, WUorcmK  94 78 42 49 38 56 96 89 81 79 78 37 79 63 79 53 28 95 41 36 17 69 100 76 54  0 66 55 : 61.7
aKClnReIeVN, LCQSTSRx  94 96 -4 82 40 99 71 48 85 45 62 29 55 18 44 14 39 37 67 99 88 49 96 48 93 63 76 92 : 61.6
ArEI, yTJixMYoKvSIIJc  44 45 83 88 39  7 73 81 15 49 91 81 34 65 55 66 72 67 64 35 76 96 99 47 50  8 96 68 : 60.5
nioa, FRckvBFhOhnY  23 95 50  3 68 78 57 98 83 -2 76 100 95 67 22 91 30 35 79 68 76 73 26 79 64 60 27 59 : 60.0
tTu, jdOAECogAJ . 26 98 98 46 47 26 57 27 74 42 65 44 14 79 43 90 99 51 92 93 36 26 35 99 35 66 100 42 : 58.9
bBCCYoCujC, uHOGyhg  58 91 21 98 29 93 47 76 91 85 14 76 23 77 69  5 51 27 92 91 33 99 22 32 39 63 62 70 : 58.4
cVLW, yA ........ 86 77 75 42 98 44 32 76 83 79 -2  0 51 47 67 38 54 83 84 87 63 74 83  4 57 14 89 41 : 58.1
hDRo, Lbm ....... 69  7 77 19 84 -3 90 78 47 61 97 96 16 68 84 43 71 31 70 82 78 25 32 31 86 74 58 50 : 57.9
IzXChkCCEdo, xj .  3 60 83 62 83 98 93 50 45 99 22 42 65 95 40 93 51  3 36  0 80 -1 95 44 81 79 62 46 : 57.5
MVH, kGKK ....... -4 57 62 74 76 93 49  9 69 27 18 63 44 95 71 64 65 98 31 97 12 77 13 98 23 79 96 39 : 57.0
EiWQpEWxjn, VkJPSqxk  65 -1 80 47 32 77 78 27 54 19 53 69 63 26 95 41 47 65 -1 26 92 97 75 98 68 92 73 27 : 56.6
VvHV, uNTkTVN ... 80 85 100 61 94 62 28 59 29 85  4 29 15 21 92 85 30 60 41 29 38 78 89 84 37 92 33 36 : 56.3
QNlAfUONnaSp, xlYgL  95  5 43 55 41 31 65 97 85  6  5 93 31 73 85 87 46 73 89 64 38 86 16 21 97 -1 93 55 : 56.2
