cbcvToFvDZmk, vOpjmz ............... 89  9 45 77 58  8 58 69 74 85  1 19  9 24 62 93 31 96 80 46 53 91  9 78 26 58 89 60 72 86 92 92 26 36 69 89 81 58 90 54 74 96 78 88 51 72 81 88 99 92 33 51 82 79 60 39 68 49 30 40 66 22 63 98 95 63 : 62.1
cZwIxao, qgjckPUytRFJCb ............ 27 56 82 76 17 93 58 66 16 63  8 89 38 -4 44 69  6 36 95 78 91 68 89 58 93 76 77 98 34 98 61 99 85 74  0 33 67 63 30 14 25 44  2 100 45 52 -5 88 19 95 98  9 63 86 72 87 93 48 84 27 77 76 57 93 50 62 : 58.6
zS, YlF ............................ 24 62 76 86 36 25 64 72 96 73 50 50 96 16 54 88 30 97 49 31 43 45 58 92  0 50 46 75 51 54 10  6 48 91 98 89 15 61 92 11 65 42 98 60 95 52 47 24 80 27 61 23 78 50 14 83 -1 98 57 87 83 72 99 30 63 96 : 57.5
iOX, DfaTBLYtYnecx ................. 63 88 24 45 27 77 43 70 69 44 92 19 12 59 95 66 40 81  2 50 22 66 41 74 43 79 68 69 83 74 55 45 62 84 95 94 92 69 95 61 13 86 85 62 76  6 27 16 92 66 -3 45 31 44 18 79 54 17 80 36 97 66 13 58 81 39 : 56.4
SWiKzpaKClnR, oPFwAkYjUuGLC ........ 50 97 29  7 68 97 99 64 13  2 94 96 -4 82 40 99 71 48 85 45 62 29 55 18 44 14 39 37 67 99 88 49 96 48 93 63 76 92 58 94 25 52 15 26 65 93 25 36 72 41 86 33  1 72 88 50 17 26 92 89 56  6 69 51 59 62 : 56.2
TsEtDfbJpjyZ, qwBPiJMWPLVcABb ...... 91 82 13 40  5  0 40 86 92 69 22 76 64 31 65 -4 46 -1 73 37 90 91 72 34 49 74 97 48 24 73 42 47 86 60 92 97 97 32  8 88 32 35 95 27 72 60 28 49 96  1 18 11 23 95 50  3 68 78 57 98 83 -2 76 100 95 67 : 55.2
ddbQlSV, koUhxgfjT ................. 82  7 58 74  9 87 91 58 24 23 93  7 15 48 92  6 64 11 98 -1 92 53 74 59 57 85 64 50 69 38 87 82 51 76 55 97 62 78 54 91 32 79 30 52 26 21 96 95 69 19 100 93 77 -1 83 66 90 46 15 58 15  1 72 -3  8 58 : 54.8
jbXcurXKgKN, CXWGcWUkdqwq .......... 62 -2 91 62 21 49 11 43 92 48 89 77 85 49 10 61 -5 27  9 74 93 18 78 79 10 71 20 63 55 52 90 16 87  6 84 39 61 26 88 52 80 76 61 64 56  2 56 88 67 71 94 59 94 -3 37 35 73 94 29 60 77 18 81 63 30 96 : 54.5
YweGbvQr, UtqruaRTmdDwHs ........... 81 34 76  5 89 95 20 76 97 60 16 94 63 21 30 97 33 79 92 13 62 74 31 -1 59 74 19 81 80 70 48 61  3 55 -3 98 82 22 -1 78 88 53 71 82 79 32 79 11 43 -4 29  4  1 97 40 65 71 64 45 82 66 24 74 74 85 77 : 54.5
aYCtQo, ARWjGnHlPsoFkGy ............ 67 57 20 15 73 77 38 58 69 14 60 86 11 75 74 34 48 14 90 61 68 78 67 73 44 39 92 44 25 47 64 23  3 90 43  8 98 86 -3 98 -1 62 84 48 36 89 87 15  3 76 81 76 85 80 80 28 18 72  3 80 50 73  2 91 94 51 : 54.4
xKeIMcFo, Bx .......................  9 -5 17 73 50  9 38 73 74 89 88 100 98 83 82 61 58 -2 11 31 32 79 52 42 40 91 56 80 93 74 56 33 74  4 37 55 50  6 60 56 100 47 87 97 61 68 89 50 -3 -1 87 34 10 38  7 55 60 69 66 84 74 54 48 79 95 16 : 54.2
ODzwonJMPAEEwG, UJNoQqHAfreGk ......  6 99 51 60 97 39 91 26 68 78 -4 79 82 71 54 32 59  9 13 83 82 23 13 63  1 91 57 65 19  7 -3 62 37 85 53 65 23 43 97 97 20 98 75 33 -5 61 71 59 75 15 41 88 75 91 50 82  8 38 78 64 82 80 26 18 96 84 : 54.2
zAhR, QVDcyqY ...................... 71 90 95 30 57 39 88 40 73 82 29 38 94 48 95 40 13 13 85 30 87 89 10 69 80  2 79 59 92 29 67 62 51 93 97  7 31 10 85 35 97 13 78 90 98 -2 61 43 48 45 78 34 65 93 34 76 26 12 35 17 79 33 11 61 25 39 : 54.1
jFiccjeYJXMHE, LXKpShK ............. 41 80  3 53 90 98 80 100 25 93 70 59 72 88 65 35 21 82 99 39 32  1 59 44 46 69 32 40 34 94 24 80 74 32 33 95 61 44 94 18 37 96 82 40 83 78  6 35 92  5 79 55 11 69 -1 95 37 36 34  2 62 64 14 35 27 84 : 53.9
MpFbNfd, CrlZOy .................... 91 85 49 29 -1 80 34 63 67 41 31 -2 54 73 98  6 35 68 86 80 10 33 67 69  0  9 94 74 96 36 77 86 52 57 47 56 36 12 50 34 91 86 70 44 91 67 87 25 34 73 36 81 37 34 50 42 48 43 47 75 10 23 92 67 86 38 : 53.6
YHDJhqlvpOu, ZWwqAvedUAm ........... 56 81 90 79 43 24 28 -5 99 63 37 43 32 51 26 11 86 46 84  1 60 89 92 57 24 25 63 74 19 60  3  7 40 24 91 88 53 50 88 84 12 57 58 50 39 90 66 25 67 81 63 26 70 55 88 99 85 82 73 36 73  7 48 12 36 70 : 53.5
tDSZsbwfJDq, qvuYunWpCgHIp ......... 78 86 84  5 24 90  6 42 -1 85 81 70 76 84 66 51 25 30  3 75 61  7 71 60 58 81 47 98 72 42 72 49 59 87 59 15 77 70 94 81 55 74 50 62 89 16 12 46 83 53 20 75 65 22 67 22  2 13 51 79 93 22 28 83  9 18 : 53.5
PXKxkyDK, xKXtLIyDkZSoEB ........... 57 72 15 43 84 88 86 70 85 84 82 89 44 -5  8 96 51 66 15 99 68 26 44 61 92  7 22 93 64 62  5 20 65 57 69 81 44 86 50 61 69 32 49 44 64 62 39 14 27 59 12 100 90 61 93  7 -1 14 -1 69  7 42 94 77 -2 94 : 53.3
RYouruKmK, vZLqIZihI ............... 26 91 69 38 32 92 97 64 33 25 55 80 42 97 77 34 11 -2 45 24 31 88 24 86  5 72 98 58 86 71  6 12 93 80 87 24 71 10 20  3 40  6 14 87 34 96 53 51 26 -3  6 62 90 35 47 100 39 76 89 24 78 100 73 71 79 92 : 53.3
WKvgK, VGahFzUdvc .................. 80 30 67 52 91 53 58 84 -1 55 19 70 90 51 31 81 39 81 70 59 22 99 77 83 31 51 78 -2 39 22 98 50 89 97 34  5 49 97 20 54 51 44 55 72 -5 92 85 71 -2 54 29 25 52 37 39 14 93 16 18 64 75 47 45 63 43 84 : 53.2
NzZw, aEu .......................... 16 79 74 62 16 42 100 16 83 35 82  7 23 67 35 10 84 27 38 32 50 50 40 -4 18 69 84 92 46 93 26 99 72 -1 92 93 78 18  8 60 90 95 72 12 93 38 28 77 71 71 40 52 53 86 54 76 54 37 99 32 29 24 62 32 60 54 : 53.1
hQNgwe, OMvmrvIIrJAlJXr ............ 91 100 69 86 58 38 28 99 95 29 27 98 67 62 75 25 80 80 41 69 85  0 75 61  5 46 89 12 85 98 -4 75 97 -4 92 86 40 20 85 66 54 43 63 52  4 37 82 15 16 55 16 32 60 96 24 -4 42 12 46 26  9 79 32 38 81 56 : 52.9
RbZbZ, dEQBi ....................... 74 26 55 81 47 25 16 89 90 67 36 29 72 68 13 98 28 89 39 74 76 91 57 47  6 18 66 31 39 84 34 12 10 20 24 94 51 77  8 72 44 82 33 15 49 83 44  9 71 88 88 47 78 77 25 15 100 97 83 38 80 48 56 21 73 11 : 52.8
hdMmYKQtCugRKp, Py ................. 97 16 29 70 -1 78 -3 63 88 39 12 60 67 14 93 75 16 36  8 87  4 25 71 100 75 60 97 11 76  8 29 72 61 95 73 66 72 76 60 59 46 77 19 12 22 43 92 76 84 31 62 93 94 32 18 68 97 14 85 -1 59 45 76 20 39 49 : 52.8
rqepbgGlADgYrPI, Sw ................ 64 90 99 17 70 40 24 81 16 25 50 45 20 61 49 37 32 89 91 28 -2 44 98 64 94 71 53 85 23 57 51 18 79 49 72 80 95 -5 61 42 58 42 92  9  2 72 83 71 92 74 -1 95 49 28 90 75 -1 43 59 59 31  9  8 41 64 85 : 52.8
lknknOnjp, puDR .................... 13 79 58 49  2 69 79 16 63 84 16 61 89  8 74 96 34 41 63 91 98 72 87 68 74 30 19 71 85 22 45 29  0  2 84  7 76 94 60 71 77  8 63 97 21 36 18 92 83 86 83  6 57 -5 79 63 62 29 65 78 56  9  7 62 48 22 : 52.7
eSuYpcXMGRMnkB, nnwW ............... 45  0 15 42 92 45 29 59 90 91  6 21 72 53 71 40 16 84 95 91 14 39 66 10 60 49 74 59 93 64 47 37 69 67 11 92 43 45 83 32 35 94 59  6 46 61 83 99 76 77 15 96 48 13 37  7 99 10 71 92  6 49 60  6 47 76 : 52.7
gPXmKzsWy, yUJvdNTMzlPEBS .......... 56 59 12 24 81 66 32 32  4 71 98 61 32  4 65 100 85 90 17 35 26 89  1 27 11 98 62 41  7 11 89 100 75  0 23 56 71 92 19  7 62 48 73 99 57 69 25 74 90 79 40 15 68 46 80 10 76 73 56 14 89 76 13 63 81 74 : 52.7
SlBOVWXrbv, gXfZd .................. 91 36 90  3  9 -5 99 18 68 88 24 98 98 20 -5 64 39 97 87 41 70 53 17 99 70 42 22 86 99 53 27 16 95 48 24  3 80 22 27 48 42 88 45 71 39 78 35 83 74 53 23 76  5 77 74 80 50 27 65 81 86 23 -4 80  2 57 : 52.6
GiH, GunrHoJVtFn ................... 82 16 88 70 95 98 87 64 91  2 76 69 63  6 95 23 71 40  6 96 48  7 28 36  7 72 12 46 40 100 13 53 47 32 54 42 62 41 37 52 48 13 52 11 56 79 39 58 18 82 86 -2 95 13 71 33 90 88 10 62 87 61 14 65 98 74 : 52.5
wBZyiMnPeJspbC, tZ ................. 95 85 95 78 71 50 -1 47 91 17 67 72 -3 74 61 40 61 39 68 20 18 46 71  1 86 97  0 45 26 34  1 52 18 28 61 94 83 98 72 -1 14 39 77 16 44 37 94 36 81 61 93 30  6 64 36 97 92 41 73 49 81 79 33 30  6 99 : 52.5
TfX, bNWUorcmKtJJH ................. 94 78 42 49 38 56 96 89 81 79 78 37 79 63 79 53 28 95 41 36 17 69 100 76 54  0 66 55 43 100 88 36  4 30 90 47 91 11 35 72 22 45 40  0  7 51 90 40 45 63  7 99 63 38  0 16 75 71  2 17 -3 96 91  6 25 80 : 52.4
Hryp, ltKffQ ....................... 81 12 50 39 62 26 96  0  6 86 47 99 68 52 31 26 82 12 43 85 16 68 72 56 21 83 16 44 43 49 96 23 98 45 100 91  2 95 96 45  7 74 43 80 25 79 37  6 22 11 97 43 84 68 31 37 82 52 86 24 32  7 53 29 90 84 : 52.2
