Af, TPvRufSdcwvFM ................... 58 69 74 85  1 19  9 24 62 93 31 96 80 46 53 91  9 78 26 58 89 60 72 86 92 92 26 36 69 89 81 58 90 54 74 96 78 88 51 72 81 88 99 92 33 51 82 79 60 39 68 49 30 40 66 22 63 98 95 63 86 76 52 75 29 25 -4 39 : 61.6
fi, RFJCbjQxUNzXGbo .................  8 89 38 -4 44 69  6 36 95 78 91 68 89 58 93 76 77 98 34 98 61 99 85 74  0 33 67 63 30 14 25 44  2 100 45 52 -5 88 19 95 98  9 63 86 72 87 93 48 84 27 77 76 57 93 50 62 25 48 24 93 67 86 68 74 12 44 57 12 : 57.7
MmTxtDSZs, nWpC ..................... 12 100 72 65 100 46 79 56 35 60 96 43 78 86 84  5 24 90  6 42 -1 85 81 70 76 84 66 51 25 30  3 75 61  7 71 60 58 81 47 98 72 42 72 49 59 87 59 15 77 70 94 81 55 74 50 62 89 16 12 46 83 53 20 75 65 22 67 22 : 57.3
GlgTwszS, FYwFtBFsakbCl ............. 24 62 76 86 36 25 64 72 96 73 50 50 96 16 54 88 30 97 49 31 43 45 58 92  0 50 46 75 51 54 10  6 48 91 98 89 15 61 92 11 65 42 98 60 95 52 47 24 80 27 61 23 78 50 14 83 -1 98 57 87 83 72 99 30 63 96 50  9 : 56.6
kbVZgo, UqsabpThOrM ................. 86 60 92 97 97 32  8 88 32 35 95 27 72 60 28 49 96  1 18 11 23 95 50  3 68 78 57 98 83 -2 76 100 95 67 22 91 30 35 79 68 76 73 26 79 64 60 27 59 98 50 76 20 77 57 29 44 67 17 73 81 52 48 80 46 47  2 36 82 : 56.6
fj, UXODypy ......................... 90 61 68 78 67 73 44 39 92 44 25 47 64 23  3 90 43  8 98 86 -3 98 -1 62 84 48 36 89 87 15  3 76 81 76 85 80 80 28 18 72  3 80 50 73  2 91 94 51 -2 91 68  0 89 -1 99 -2 52 35 92 70 87 100 77 68  2 61 47 87 : 56.2
qDsqP, uYdYApIW ..................... 99 40  4 98  3 30 42 50 95 59 86 73 73 56 87 74 94 15 98  4 66 29 -5 30 92 56 44 58 15 10 97 13 55 33 42 96 68 89 45 95 80 30 67 52 91 53 58 84 -1 55 19 70 90 51 31 81 39 81 70 59 22 99 77 83 31 51 78 -2 : 56.0
PCrMAS, XSNTmVQg .................... 92 91 33 99 22 32 39 63 62 70  2 64 38 97 55 64 95 15 88 41 96 78 26 41 85 86 17 54 96 73 12 13 64 51 11 17 14 55 85 81 56 18 44 99 14 30 94 40 82 82 87  3 91 44 50 76 61 72 61 56 77 78  1 72 28 17 94 47 : 55.8
yOEESX, dRnk ........................ 11 66  4 -4 83 16 78 50 87 72 76 96 70 85 73 11 75  7 14 74 52  4 72 92 66 22 75 11 -3 13 92 45 84 27 79 98 80 56 48 99 59 55 94 60 39 67 76 45  5 21 18 94 62 22 86 28 49 60 44 83 78 67 60 94 100 38 91  5 : 55.2
eVN, wjpj ........................... -5 95 38 45 34 86 70  9 52 75 85 43 94 83 51 90 74 93 60 99 61 87 68 38 39 83 52 53 54 -2 90 87 98 60 31 63 45  0  3 -4 80 19 44  0  1 100 95 80 92 54  4 84 41  3 53 11 91  4 69 76 39 90 62 36 49 24 30 99 : 54.5
hRVHgz, lh .......................... 14 87 34 96 53 51 26 -3  6 62 90 35 47 100 39 76 89 24 78 100 73 71 79 92 26 81  1 51 16 46 94 35 64 28 63 48 84 94 50 95 55 72 62 33 71  0 40 92 61 18 91 66 20 -4 57 51 82 63 34 29 40 27 -4 35 92 64 89 75 : 54.5
wxIASfIfMrwh, AmJ ................... 39  6 25 74 38 10 12 21 26 71 60  7  7 46 59  8 98 12 95 71 36 24 88 88 90 43 99 57 17 83 42 62 94 73 35 64 14 84 16 78 54 82 90 98 59 80  5 57 97 31 59 64 60 78 52 81 53 82 70 75 96 11 36 90 15  2 85 67 : 54.4
RnLNTjbXcur, dgUVTYCCXWGcWU ......... 77 -2 55 93 62 41 47 53 27 96 62 -2 91 62 21 49 11 43 92 48 89 77 85 49 10 61 -5 27  9 74 93 18 78 79 10 71 20 63 55 52 90 16 87  6 84 39 61 26 88 52 80 76 61 64 56  2 56 88 67 71 94 59 94 -3 37 35 73 94 : 54.3
fCBQmjTrPxI, bTBdergpha ............. 73 89 64 27 86  9  2 19 28 59 70 68  4 14 57 84 68 77 18 92 22 -1  3 79 62 19 100 97 78 44 89 51 65 52 83 50 66 90 74 25 49 75 99 90 95 55 -1 94 31 22 85 90 58 19 -5 20 76 100 48 53 76 37  3 40 20 91 95 18 : 54.2
oKWSCWKAb, wSEx ..................... 92 36 60 56 87 36 -1 97 30 73 90 73 12 27 69 55 65 73 99 42 86 89 54 54 65 14 88 58 51 76 91 74 43 83 61 29 18 65 57 86 70 46 58 13  4 27 -1 74 31 -2 15 48 18  0  1 89 20 95 78  2 70 100 81 44 82 73 78 32 : 53.8
TnhcVfjjWHg, ypAWVRVh ............... 72 49 51 40 100 48 23 83 30 15 79 45 64 44 30 50 64 58 73  5 58 58 58 73 96 59 85 90 86 -2 56 89 85 38 28 84 92 57 98 53  3 76 -3 73 52 65 22 47 22 26 58 85 90 47 89 85  5  0 74 22  3 29 11 93 72 44  2 95 : 53.7
aPXKxkyD, SoE ....................... 35 87 57 72 15 43 84 88 86 70 85 84 82 89 44 -5  8 96 51 66 15 99 68 26 44 61 92  7 22 93 64 62  5 20 65 57 69 81 44 86 50 61 69 32 49 44 64 62 39 14 27 59 12 100 90 61 93  7 -1 14 -1 69  7 42 94 77 -2 94 : 53.6
vHvPpaTnErczmS, GHVcDmmweKfTNnp ..... 64 -2 35 88 97 17 -3 74 35 77 97 12 94 24 84 20 100 42 91 36 90  3  9 -5 99 18 68 88 24 98 98 20 -5 64 39 97 87 41 70 53 17 99 70 42 22 86 99 53 27 16 95 48 24  3 80 22 27 48 42 88 45 71 39 78 35 83 74 53 : 53.3
CDicWEYUJGq, eSUb ................... 48 40 55 78 80 33 47 42 16 26 40 34 51 55 71 86 89 69 60 29 84 82 75 26 48 83 30 92 24 65 82 77  5 36 87 16  1 65 63 54 96 34 94 78 20 64 95  8 32 87 75 47 68 49 79 48 32  8 71 93 78 53 -5 14 20 13 68 58 : 53.2
bSmfYDzZPEJO, YjMbnIzsbCwdv ......... 88 71 100 81 60 47 29 83 61 11 69 78 65  7 41 88 91 19 11 10 68 29 67 54 45 20 56 23 19 22 72 38 98 71 50 58 50 84 72 42 26 73 19 97 11 98 10 33 48 26 48 16 93 14 75 37 71 31 97 22 58 68 97 88 71 47 45 52 : 53.2
FJpuVTwUncuEPNh, zxRPqRT ............ 57 68 53  5 75 34 84 57  2 23 22 59 54 86 75 58 70  6 29 28 94 78 42 49 38 56 96 89 81 79 78 37 79 63 79 53 28 95 41 36 17 69 100 76 54  0 66 55 43 100 88 36  4 30 90 47 91 11 35 72 22 45 40  0  7 51 90 40 : 53.2
NKeRqNoDITHgZzY, qwyZYrDCawY ........ 95 23 62 73 72 61 59 64 92 19 39 100 20 100 88 68 45 68 51 -5  2 65 30 65 68 97 87 33 50 99 57 44 21 18 48 98 85 38 94  2 62 32  2 14 63 21 87 40 95 69 40 -4 34 76 98 33 -2 84 71 53  8 28 28 35 83  7 64 99 : 53.2
OhvsiHu, BKK ........................ 74 91 83 61 42 72 43 11 90 18 77 -5 69 19 68 65 66 68 35 94 52 48  9 59 98 96 10 58 -2 83 68 77 73 83 37 46 86 11 94 75 35 70  2 35 94  1 -1 92  0 39 85 57 92 25 16 15 20 63 79 55 77 78 31 49 92  0 27 78 : 53.1
eSuYpcXMGRMnkB, YqNinnwW ............ 45  0 15 42 92 45 29 59 90 91  6 21 72 53 71 40 16 84 95 91 14 39 66 10 60 49 74 59 93 64 47 37 69 67 11 92 43 45 83 32 35 94 59  6 46 61 83 99 76 77 15 96 48 13 37  7 99 10 71 92  6 49 60  6 47 76 30 96 : 53.0
IdxInbkVEQ, Ys ...................... 11 -4 71 87 45 33 41 76 23 98 68 67 76 75 74 29 40 99 61 19 56 -5 79 95 33 93 69  0 71 69 68 87 71 70 73 47 34 46 54 62 75 21 28 50 -4 34 11 73 64 77 98 51  3 76 45 42 100 13 47 71 14 46 57 16 15 62 100 54 : 52.9
rqepbgGlADgYrPI, vkEvrniSw .......... 64 90 99 17 70 40 24 81 16 25 50 45 20 61 49 37 32 89 91 28 -2 44 98 64 94 71 53 85 23 57 51 18 79 49 72 80 95 -5 61 42 58 42 92  9  2 72 83 71 92 74 -1 95 49 28 90 75 -1 43 59 59 31  9  8 41 64 85 21 90 : 52.9
jlAbMp, cBY ......................... 28 17 98 86 82 62 17 33 28 60 57 99 59 13 21 22 50 44 45 87 91 14  4 79 26 68 62 20 38 53 43 71 75 73 88 88 34 37 21 67 -4  9 65 92 59 92 14  8 67 96 26 89  9 36 67 72 35 60 23 78 12 72 81 92 44 68 80 83 : 52.7
vkTnz, ERydySoEFd ................... 68 96  5 -5 -5 85 33 76  3 89  2 97 75 39 12 85  3 21 76 79 58 48 80 27 98 78 59 94 97 92  1 96 14 11 23 14 28 93 22 68 81 61 64 55 -1 81 71 40 33 79 18 96 58 29 55 87 39 13 80 67  4 87 63 23 29 91 75 62 : 52.6
PPj, ZvgtAsRKUHYolT ................. 75 26 87 57 75 20 48 59 80 68 -5 29 60  5 61 91  5 75 24 31 97 11 77 34 91 -4 66 87 -3 -1 82  4 62 68 66 36 19 13 100 31 86 26 65 77 36 57 100 79 32 23  9 28 72 18 99 62 51 64 80 85 100 61 94 62 28 59 29 85 : 52.6
ZNGswNCFBy, av ...................... 46 99 28 78 90 87 83 18 14 74 42  7 88 44 48 50 79 37 98  0 87 40 80  2 92 96 31 12  8 78  2 91 76 67 69 97 53 83 14 -1 89 62 11  2  5 96 89 15 64 86 21 82 25 32 15 16 27 51 65 72 60 72 63 36 38 63 32 97 : 52.5
IErMJxTXSUxfUfP, dfKhyzaqpRmzVk ..... 53 77 86 17 49 22 86 36 64 19 11 31 18 82 88 40 -5 71 61 71 53 74 100 72 69 36 85 12 44 11 77 28 19 62 51 74 15 68 41 10 92 57 79 41 70 66 87 70 68 79 72 20 52 -3 24 20 39 40 69 14 56 45 79 80 38 61 85 91 : 52.5
wnZuTA, AG .......................... 76 59 45 73 94 91 73 62 67 50 77 62  3  5  4 32 61 74 24 75 24 46 18 -4  3 84 74 39 21 27 16 28 91 98  1 84 88 79 45 86 60 54 79 100 64 14 31 25 93 61 31 16 38 54 49 78 37 22 16 95 54 69 23 76 66 61 60 85 : 52.4
QPh, yOafgGdwDiW .................... 93 27 37 41 71 85 53 91 36 54 84 98 60  6 75 78 90 90 -4 55 55 46 -2 28 97 78 12 91 33 75 62 58  1 30 -2  3 46 88 100 87 42 83 84 33 21 91 10 42 80 11 -4 34 62 31 99 58 40 11 48 79 91 41 36 98  2 71  0 53 : 52.2
QRWSMRGwyHh, rW ..................... 11 95 88  4 48 33 80  6 -2 66 12 82 42 40 77 78 65 17  0 89 61 54 97 70 62  2 91 94 62 20 91 78 14  4 13 99 74 99 37 78 96 54 91 37 100 67 14 96 16 19 84 82  4  6 51 72 13 73 97  6 25 88 90 44 23  2 75 -3 : 52.2
