nYNAHsJKKyKSWi, qzQFoP ......... 57 45 66 90 76 86 74 83 13  5 57 83 28 90 94 48 23 46 50 97 29  7 68 97 99 64 13  2 94 96 -4 82 40 99 71 48 85 45 62 29 55 18 44 14 39 37 67 99 88 49 96 48 93 63 76 92 58 94 : 59.8
waCTyFhSNbR, vRufSdcwvFMED ..... 72 86 92 92 26 36 69 89 81 58 90 54 74 96 78 88 51 72 81 88 99 92 33 51 82 79 60 39 68 49 30 40 66 22 63 98 95 63 86 76 52 75 29 25 -4 39 13 53 42 99 40 40 16  4 22 29 14 88 : 59.3
TZF, UNzXGboBnDVzB ............. 93 76 77 98 34 98 61 99 85 74  0 33 67 63 30 14 25 44  2 100 45 52 -5 88 19 95 98  9 63 86 72 87 93 48 84 27 77 76 57 93 50 62 25 48 24 93 67 86 68 74 12 44 57 12 32 81  6 61 : 57.6
lazJhhGNpeVek, zKcS ............ 56 79 39 58 18 82 86 -2 95 13 71 33 90 88 10 62 87 61 14 65 98 74  6 91 14 49 75 99 99 26 41 86  4 11 44 60 99 29 95 19 79 65 89 100 84 -2 61 -4 64  7 66 94 86 78 84 31 58 58 : 57.3
wRGlXkQc, Hl ................... 64  9 74 80 76 51 100  8 87 71 70 15 22 35 51 93 29 29 74 59 87 95 63 20 45 92 66 77 62 24 81 57 38 55 68 13 37 67 58 23 37 27 75 65 68 57 89 28 91 95 19 78 89 87 29 65  4 26 : 56.1
qzG, HqGOojT ................... 94 73 76 97 99 62 40 57 67 10 89 64 87  3 61 34 20 95 67 30 33 58 62 62 52 40 58 93 27 58 -4 20 30 77 17 61 70 94 49 68 35 69 32 54 78 24 93 29 50 91 64 88 48 57 81 31 -4 70 : 55.9
Ao, QCoVQV ..................... 58 48 80 27 98 78 59 94 97 92  1 96 14 11 23 14 28 93 22 68 81 61 64 55 -1 81 71 40 33 79 18 96 58 29 55 87 39 13 80 67  4 87 63 23 29 91 75 62 83 -4 29 95 62 25 82 99 37 84 : 55.7
ZWBQDjTjAXJsHq, LVTus ..........  3 86 91 35 28  7 75 70 12 84 74  2 33 92 71 65 75 42 64 21 12 100 72 65 100 46 79 56 35 60 96 43 78 86 84  5 24 90  6 42 -1 85 81 70 76 84 66 51 25 30  3 75 61  7 71 60 58 81 : 55.0
su, VIoXk ...................... 99 23 20 31 32  1 98 91 60 17 54 17 94 88 44 77 42 43  9 100 69 86 18 82 93 78 75 38 24 36  0 54 65 26 90 28 64 87 19 23 36  4 77 29 97 20 37 70 100 52 69 100 69 92 82 61 -5 88 : 54.7
OcFjr, vTyqKnvup ............... 78 15 38 32 98 11 31 26 72 37 96 28 43 85 74 60 99 96 -5 80 23 83 90 89 75 87 80 36 96 86 38 73  0  7 36 29 55 -2 60 58 41 55 17 15 40 96  6 70 17  6 49 78 94 39 98 100 57 77 : 54.3
qtUckwxGMa, Psb ................ 19  7 88 44 39 43 68 92 27 85 100 -4 85  1 29 -5 63  7 33 26 55 24 25 52 21 41 81 58 -5 56 96 52 100 83 -5 70 58 100 61 90 84 60 17 100 99 84 100 93 22 32 19 82 62 81 66 88 53 46 : 54.3
iUJm, VYJcujZZROAOc ............ 59 19  5 81 32 67 40 85 21 25 97 38 60 98 63 98 68  7 44 68 46 77 -4 -3 37  3 55 17 96 82 90 86 32 26 66 69 98 38 85 50 68  7 93 27  4 55 57 78 99  0 45 44 82 79 78 50 87 65 : 54.1
dhALBlMVdQfW, lub .............. 73 14 43 53 63 56 58 72 93 27 37 41 71 85 53 91 36 54 84 98 60  6 75 78 90 90 -4 55 55 46 -2 28 97 78 12 91 33 75 62 58  1 30 -2  3 46 88 100 87 42 83 84 33 21 91 10 42 80 11 : 54.1
GuXwf, QPSEtjseRoaSxr .......... 67 30 87  4 65 25 37 47 59 90 75 69 79 17 64 44 100 61 -1 62 71 81 16 28 96 54 73 19 49 17 96 15 52 82 24 48  7 66 27 -3 88  1 -2 98 55 99 41 86 59 78 79 29 58 26 95 85 86 67 : 53.9
RzVCmff, uuielVFk .............. 95 54 23 13 100 38 14 -4 73 71 40 87 56 21  0 94 40 48  3 77 92  1 86 62 94 50 44 29 95 -3 88 90 89 43 34 14 86 54 15 90 56 60 76 11 12  7 36 58 93 77 66 84 83 52 45 76 33 94 : 53.7
QoS, GKJ ....................... 20 15 73 77 38 58 69 14 60 86 11 75 74 34 48 14 90 61 68 78 67 73 44 39 92 44 25 47 64 23  3 90 43  8 98 86 -3 98 -1 62 84 48 36 89 87 15  3 76 81 76 85 80 80 28 18 72  3 80 : 53.6
LKpQPoeOFqQFCpF, gBE ........... 47 95 51 37 29 16 68  6 18 84 23 81 92 75 94 48 89 94 58 18  0 30 55 88 63 51 29 84 64 69 69 42 64 51 84 98 73 84 35 96 67 64 77 91 38 -4 38 58 21 -5 82 26 30 68 46 24 18  6 : 53.4
oTrN, ecIl ..................... 92 89 56  6 69 51 59 62 45 67 53  3 60 83 92  7 40 56 31 70 23  2 42 40 72 49 43 91 -2 65 16 22 86 77 33 54 60 23 47 36 95 -1 76 87 13 99 99 59 87 61 60  9 100  2 87 71 88 29 : 53.3
HXyqs, KqldnLBWMB .............. 75 19 62 65 48  1 96 22 88 94 90 23 60 53 39 96 47 12 46  1 81 23 84 53 94 48 91 23 84 54 63 59 78 56 55 58 62 51 11 81 44  0  4  3 91 80 30 69 97  7 75  3 35 59 93 28 38 83 : 53.2
prjE, pEmNnAv .................. 77 50  9 34 15 80 14 54  7 83 96 35 96 46 29 86 30 96  6 50 12 87 54 73 -3 25 58 38 78  8 54 54 63 68 20 83 47 71 68 91 53 64 26 48 41 60 65 76 88 77 25 31 63 84 35 65 40 99 : 53.1
oRGmvyVJaawYg, STeHr ........... 85 81 56 18 44 99 14 30 94 40 82 82 87  3 91 44 50 76 61 72 61 56 77 78  1 72 28 17 94 47  4  4 59 65 27 35 96 78 -4 89 18 84 -4 36 18 19 85 73 100 45 77 92 32 53 69 38 24 29 : 53.1
Prx, rMnZk .....................  1 41 66 34 35 98 97 25 32 12 18 39 63 89 33 77 53 13 34 12 82 97  3 60 83 62 83 98 93 50 45 99 22 42 65 95 40 93 51  3 36  0 80 -1 95 44 81 79 62 46 97 75 43 31 34 25 98 16 : 53.1
VgSdwcXUnUqD, EcCw ............. 67  7 73 61 88 93 15 18 53 94 11 -3  6 46 94 61 64 29 -5 20 35 87 57 72 15 43 84 88 86 70 85 84 82 89 44 -5  8 96 51 66 15 99 68 26 44 61 92  7 22 93 64 62  5 20 65 57 69 81 : 53.1
BidaaqbDgGRA, GxbtasebNKcPa .... 53 65 62 29 28 58 81 99 63  8 55 48 -1 22 40 72 80 17  1 81 40 33 86 81 13 64 68 75 47 92 93 31 57 54 97 90 43 77 14  5 16 74 90 21 -5 61 24 80 83 30 60 55 68 77 67 12 72 66 : 53.0
RPhzeESoxCIPC, xgjAin .......... 10 43 43 81 90 41 82 56 96 66 95 13 61 26 49 39 82 -1 94 17 46 17 32 94 40 83 100 40 76 68 90 17 10 32 29 -1 79 43 92 74  8 87 19 74 12 73 45 100  4 38 48 55 60 12 80 31 100 79 : 52.9
oBY, sDE ....................... 92  2 97 -1 100 53 95 76 64 57 82 15 19 72 21 56 60 62 81 35 27  6 27 -1 61 87  9 49 50 51  5 73 59 33 78 58 91 -2 65 55 60 79  1 84 50 60 71 41 21 83 81 53 94 40 89 87 58 -3 : 52.9
hMZlVlBTDSdzZ, KI .............. 30 77 84 92 36 34 -3  7 74 64 36 77 53  6 37 71 40 91 92 96 64 42 95 71 93  7 50 100 54  4 29 16 86 12  7 53 83 10 97 88 79 65 97 63 76 33 33 15 23 57 42 18 -2 37 94 22 81 75 : 52.8
azFd, puR ...................... 61 94 83 98 72 -1 14 39 77 16 44 37 94 36 81 61 93 30  6 64 36 97 92 41 73 49 81 79 33 30  6 99 56 94 96 27 99  9 -3  1 63 78 75 56 45 87 48 38 17 91 33 58 13 56 -1 91  4 11 : 52.7
RDXIhJBrTMN, bGuTQVDcyqYZgX .... 87 89 10 69 80  2 79 59 92 29 67 62 51 93 97  7 31 10 85 35 97 13 78 90 98 -2 61 43 48 45 78 34 65 93 34 76 26 12 35 17 79 33 11 61 25 39 73 93 55 89 59 51  1 36 73 -1 71 33 : 52.7
