UNBjdheVNKo, LNSsTQLaNpfRR  34 86 70  9 52 75 85 43 94 83 51 90 74 93 60 99 61 87 68 38 39 83 52 53 54 -2 90 87 98 60 31 63 45  0 : 61.9
PMVHivaUKg, MalsSkDYkGK  44 95 71 64 65 98 31 97 12 77 13 98 23 79 96 39 76 89  1 77 45 100 82 53 18 63 67 92 21 90 55 70 11 25 : 59.9
rxIzXChkCCE, MnZkq . 34 12 82 97  3 60 83 62 83 98 93 50 45 99 22 42 65 95 40 93 51  3 36  0 80 -1 95 44 81 79 62 46 97 75 : 59.0
KSWi, AkYjUuGL ..... 57 45 66 90 76 86 74 83 13  5 57 83 28 90 94 48 23 46 50 97 29  7 68 97 99 64 13  2 94 96 -4 82 40 99 : 58.7
oVM, NUnx .......... 56  5 51 49 41 82 76 94 63 93 50 42 57 -3 87 65 97 52 52 80 52 67 27 73 80 74 95  5 43 55 41 31 65 97 : 58.6
hDRo, Lbm .......... 69  7 77 19 84 -3 90 78 47 61 97 96 16 68 84 43 71 31 70 82 78 25 32 31 86 74 58 50 67 20 97 35 64 73 : 58.1
KBXrw, CFQTyTeDkGGIsk  -5 70 58 100 61 90 84 60 17 100 99 84 100 93 22 32 19 82 62 81 66 88 53 46 45 53 33 73  4 32 55 37 33 44 : 58.0
pmCqJgfLuA, ngdgCt . 26 47 40 75 84 78 93 42 75 77 85 -4 22 98 46 89 80 40 45 -3 15 71 43 79 96 75 98 87 97 18 63 54 -3 35 : 57.7
HXyqs, WMB ......... 75 19 62 65 48  1 96 22 88 94 90 23 60 53 39 96 47 12 46  1 81 23 84 53 94 48 91 23 84 54 63 59 78 56 : 56.7
udiOqsvOL, qlspqYJBPFJxm  83 50 66 90 74 25 49 75 99 90 95 55 -1 94 31 22 85 90 58 19 -5 20 76 100 48 53 76 37  3 40 20 91 95 18 : 56.5
Tzc, qs ............ 22 76 64 31 65 -4 46 -1 73 37 90 91 72 34 49 74 97 48 24 73 42 47 86 60 92 97 97 32  8 88 32 35 95 27 : 55.9
zPlmEvOPV, yn ...... 100 52 69 100 69 92 82 61 -5 88 31 56 23 36  9 19 99 30 53 94 49  3 16 90 44 24 50 73 49 92 42 81 75 43 : 55.6
PtcthtkWJqjf, qn ... 93 14 75 37 71 31 97 22 58 68 97 88 71 47 45 52 62 48 99 94 20 17 90 68 46 -1  0 100 62 53 47 86 -1 21 : 55.2
zvEvIGrGHGzL, OcOXIsKW  61 -2 78 49 58 70 49  5 18 100 72 56 88 71 72 44 33 62 83 -1 35 13 15 58 62 75 90 93 74 39 54 66 74 63 : 55.2
ZnCMUEdVajU, CdKLyp   1 59 97 74 100  1 79 91 30 27 25 50 58 65 66 59 89 21 75 -5 11 100 94 63 99 56 54 30 13 54 58 51 44 86 : 55.1
zrJ, YzPLFJIuJwx ... 28 93  0 66 86 97 78 65 47 11 79 73 33 32 69 43 28 94 67 79 83 57 98  4 76 -1 19 49 64 94  8 97 12 46 : 55.1
TpoHsi, kmDVpxtTQ .. 28 94 90  8 28 74 23 55 95 100 100 92  3 33 58 40 35  6 64  2 80 40 47 93 84 27 27 89 37 64 37 70 89 59 : 55.0
