LEYzAhR, BSbGuTQVDc .......... 71 90 95 30 57 39 88 40 73 82 29 38 94 48 95 40 13 13 85 30 87 89 10 69 80  2 79 59 92 29 67 62 51 93 97  7 31 10 85 35 97 13 78 90 98 -2 61 43 48 45 78 34 65 93 : 57.9
peVekyP, toO ................. 18 82 86 -2 95 13 71 33 90 88 10 62 87 61 14 65 98 74  6 91 14 49 75 99 99 26 41 86  4 11 44 60 99 29 95 19 79 65 89 100 84 -2 61 -4 64  7 66 94 86 78 84 31 58 58 : 57.2
aNj, ZKqxqNhrOQZ ............. 16 78 54 82 90 98 59 80  5 57 97 31 59 64 60 78 52 81 53 82 70 75 96 11 36 90 15  2 85 67 91  0 44 76 13 65  0 78 44 42 66 72 79 56 35 70 33 92 51 91  0 52 98 -5 : 56.8
EdCnjemnUNBj, NtMHtDnLNSsT ... 22 70 78 52 84 83 83 72 47 32 -5 95 38 45 34 86 70  9 52 75 85 43 94 83 51 90 74 93 60 99 61 87 68 38 39 83 52 53 54 -2 90 87 98 60 31 63 45  0  3 -4 80 19 44  0 : 56.4
SnVrYc, MKzD .................  4 40 39 64 27 46 31 76 85 42 52 91 60 57 95 85 55 76 99  7  6 25 67 48 78 24 70 70 76  1 31 86 47 75 49  5 52 11 86 68 58 69 91 49 25 85 66 85 92 64 24 -3 94 96 : 55.6
aPXKxkyD, SoE ................ 35 87 57 72 15 43 84 88 86 70 85 84 82 89 44 -5  8 96 51 66 15 99 68 26 44 61 92  7 22 93 64 62  5 20 65 57 69 81 44 86 50 61 69 32 49 44 64 62 39 14 27 59 12 100 : 55.5
VlshRVHgzyj, tWmamj .......... 53 51 26 -3  6 62 90 35 47 100 39 76 89 24 78 100 73 71 79 92 26 81  1 51 16 46 94 35 64 28 63 48 84 94 50 95 55 72 62 33 71  0 40 92 61 18 91 66 20 -4 57 51 82 63 : 55.4
JdaW, vBFh ................... 72 60 28 49 96  1 18 11 23 95 50  3 68 78 57 98 83 -2 76 100 95 67 22 91 30 35 79 68 76 73 26 79 64 60 27 59 98 50 76 20 77 57 29 44 67 17 73 81 52 48 80 46 47  2 : 55.2
KWSC, SExt ................... 37 45 29 -3 93 31 88 28 92 36 60 56 87 36 -1 97 30 73 90 73 12 27 69 55 65 73 99 42 86 89 54 54 65 14 88 58 51 76 91 74 43 83 61 29 18 65 57 86 70 46 58 13  4 27 : 55.2
MuAovabB, EFdbfQtvvuQCoV ..... 97 92  1 96 14 11 23 14 28 93 22 68 81 61 64 55 -1 81 71 40 33 79 18 96 58 29 55 87 39 13 80 67  4 87 63 23 29 91 75 62 83 -4 29 95 62 25 82 99 37 84 38 76 94 61 : 54.8
lQkieYBHHayEv, zoFRWZw ....... 64  9 75 86 14 99 -1 86 -5 38 24 48 90  3 68 94 76 100 79 92 78 48 19 63 88 21 31 37 31 26 76 100 72 50 11 92 48 47 77 80 17 33 59 38 41 58 32 48 58 42 39 67 95 96 : 54.8
azFd, huMYswYKcwcZpuR ........ 61 94 83 98 72 -1 14 39 77 16 44 37 94 36 81 61 93 30  6 64 36 97 92 41 73 49 81 79 33 30  6 99 56 94 96 27 99  9 -3  1 63 78 75 56 45 87 48 38 17 91 33 58 13 56 : 54.7
uC, qrAadxyiPNkQrJ ........... 82 12 87 50 87 61 47 74 34 91 75 57 30 87 47 79 26 32 38 34  1 32 15 96 71 67 22 62  9 46 62 96 63 48 78 82 41 24 55 80 14 30 68 81 48 14 59 79 84 29 45 90 66 65 : 54.7
FeGF, nbKMxUhypmZ ............ 60 71 20 -3 19 74 16 96 85 47 98 56 95 65 73 21 98 76 14 86 72 19 31 92 90  4 70 60 60 55 98 19 25 17 53 81 96 74 76 81 21 -1 68 47 69 40 73 67 16 19 84 19 75 14 : 54.6
aYCtQo, jGnHlPsoFkGy ......... 67 57 20 15 73 77 38 58 69 14 60 86 11 75 74 34 48 14 90 61 68 78 67 73 44 39 92 44 25 47 64 23  3 90 43  8 98 86 -3 98 -1 62 84 48 36 89 87 15  3 76 81 76 85 80 : 54.6
KBWXfPrZrODip, he ............  8 45 29 51 62 57 17 76 20  9 26 94 27 14 92 91 95 45 26 47 40 75 84 78 93 42 75 77 85 -4 22 98 46 89 80 40 45 -3 15 71 43 79 96 75 98 87 97 18 63 54 -3 35 29 86 : 54.4
yzifNjcAMT, fvxhX ............ 42 77 25 91 18 81 87 27 63 18 10 56 87 99 61 70 95 90 52 80 51 15 25 23 51 100 33 56 36 77 49  9 85  6 32 34 92 50 67 86 73  8 73 91  6 66 93 33 55 44 44  6 64 74 : 54.4
gUSzHXyqsUwg, UmEwYTgKqldnL .. 96 22 88 94 90 23 60 53 39 96 47 12 46  1 81 23 84 53 94 48 91 23 84 54 63 59 78 56 55 58 62 51 11 81 44  0  4  3 91 80 30 69 97  7 75  3 35 59 93 28 38 83 89 21 : 54.2
UinYN, oSxRoZwuaNQqzQF ....... 31 43 33 18 28 79 89  2 53 -3 37 83 58 39 63 55 97 91  3 25 78 63 57 45 66 90 76 86 74 83 13  5 57 83 28 90 94 48 23 46 50 97 29  7 68 97 99 64 13  2 94 96 -4 82 : 54.1
PUmhPUhkqPNWv, GaNsw ......... 29 72 61 95 73 66 72 76 60 59 46 77 19 12 22 43 92 76 84 31 62 93 94 32 18 68 97 14 85 -1 59 45 76 20 39 49 91 10 56 50 74 33 59 24 50 12 72 73 93 87 35 54  6 28 : 54.1
sHq, Yu ......................  3 86 91 35 28  7 75 70 12 84 74  2 33 92 71 65 75 42 64 21 12 100 72 65 100 46 79 56 35 60 96 43 78 86 84  5 24 90  6 42 -1 85 81 70 76 84 66 51 25 30  3 75 61  7 : 54.1
xPvYPcJLcseAsD, ZYu .......... 58 -1 38 -5 66 40 89 97 47 85 -3 -4 79  6 60 27 24 94 46 97  4 56 69 77 94 73 76 97 99 62 40 57 67 10 89 64 87  3 61 34 20 95 67 30 33 58 62 62 52 40 58 93 27 58 : 54.0
hDRo, Lbm .................... 69  7 77 19 84 -3 90 78 47 61 97 96 16 68 84 43 71 31 70 82 78 25 32 31 86 74 58 50 67 20 97 35 64 73 92 47  2 81 25 54 73 53 49 20 20 32 69 96 -5 70  3 78 26 40 : 53.7
FnMQ, KgD .................... 88 49 96 48 93 63 76 92 58 94 25 52 15 26 65 93 25 36 72 41 86 33  1 72 88 50 17 26 92 89 56  6 69 51 59 62 45 67 53  3 60 83 92  7 40 56 31 70 23  2 42 40 72 49 : 53.7
sNKnCsuIaksmwh, ZFgzDqwvztRd . 44 77 42 43  9 100 69 86 18 82 93 78 75 38 24 36  0 54 65 26 90 28 64 87 19 23 36  4 77 29 97 20 37 70 100 52 69 100 69 92 82 61 -5 88 31 56 23 36  9 19 99 30 53 94 : 53.7
xO, RfKjCYpzNsqutXg .......... 71 55 96  8 33 -5 22 93 58 51 91 31 25 18 100 71 69 93 75 17 66 62 66 33 19 62 48 34 95 82 99 97 36 94  5 74 20 32 98  9 89 88 46 45  5 77 48  5 69 54 60 66 15 25 : 53.6
RX, WScQ ..................... 68 67 76 75 74 29 40 99 61 19 56 -5 79 95 33 93 69  0 71 69 68 87 71 70 73 47 34 46 54 62 75 21 28 50 -4 34 11 73 64 77 98 51  3 76 45 42 100 13 47 71 14 46 57 16 : 53.5
