ZmkOAfwaC, fSdc ......................  9 24 62 93 31 96 80 46 53 91  9 78 26 58 89 60 72 86 92 92 26 36 69 89 81 58 90 54 74 96 78 88 51 72 81 88 99 92 33 51 82 79 60 39 68 49 30 40 66 22 63 98 95 63 86 76 52 75 29 25 -4 39 13 53 42 99 40 40 16  4 : 59.9
Wfiyhyj, FJCbjQxUNzXGb ............... 95 78 91 68 89 58 93 76 77 98 34 98 61 99 85 74  0 33 67 63 30 14 25 44  2 100 45 52 -5 88 19 95 98  9 63 86 72 87 93 48 84 27 77 76 57 93 50 62 25 48 24 93 67 86 68 74 12 44 57 12 32 81  6 61 96  0 46 99 92 38 : 59.8
njem, MHtDnLNSsTQLa .................. 60 14 67 77 65 92 37 38 94 36 22 70 78 52 84 83 83 72 47 32 -5 95 38 45 34 86 70  9 52 75 85 43 94 83 51 90 74 93 60 99 61 87 68 38 39 83 52 53 54 -2 90 87 98 60 31 63 45  0  3 -4 80 19 44  0  1 100 95 80 92 54 : 57.8
nYNAHsJKKyKSWi, qzQFoP ............... 57 45 66 90 76 86 74 83 13  5 57 83 28 90 94 48 23 46 50 97 29  7 68 97 99 64 13  2 94 96 -4 82 40 99 71 48 85 45 62 29 55 18 44 14 39 37 67 99 88 49 96 48 93 63 76 92 58 94 25 52 15 26 65 93 25 36 72 41 86 33 : 57.7
DXhOb, TPxWQCHLXRgPNW ................ 58 62 40 76 12 21 34 63 68 22 81 69 97 43 89 46 61 52 38 48 77 75 87 93  2 100 10 43 93 37 -4 50 -2 73 57 15 99 22 84 98 49 64 98 78 39 86 23 -1 69 99 52 46 73 70 70  6 -4 86 86 20 54 87 75 58 59 31 78 90 90 93 : 57.3
zMSTCiMuA, RydySoEFdbfQtv ............ 76 79 58 48 80 27 98 78 59 94 97 92  1 96 14 11 23 14 28 93 22 68 81 61 64 55 -1 81 71 40 33 79 18 96 58 29 55 87 39 13 80 67  4 87 63 23 29 91 75 62 83 -4 29 95 62 25 82 99 37 84 38 76 94 61 71 51 95 57 38 33 : 57.2
pRDHwZgGlgTwsz, YwFtB ................ 77  3 24 62 76 86 36 25 64 72 96 73 50 50 96 16 54 88 30 97 49 31 43 45 58 92  0 50 46 75 51 54 10  6 48 91 98 89 15 61 92 11 65 42 98 60 95 52 47 24 80 27 61 23 78 50 14 83 -1 98 57 87 83 72 99 30 63 96 50  9 : 56.2
qqGqnlIAv, SxgoxISsFQ ................ 77 63 66 55 83 68 84 16 16  8 10 91 25 38 61 -1 56  5 51 49 41 82 76 94 63 93 50 42 57 -3 87 65 97 52 52 80 52 67 27 73 80 74 95  5 43 55 41 31 65 97 85  6  5 93 31 73 85 87 46 73 89 64 38 86 16 21 97 -1 93 55 : 55.7
hhGNpeVekyP, aeozKcStjXo ............. 18 82 86 -2 95 13 71 33 90 88 10 62 87 61 14 65 98 74  6 91 14 49 75 99 99 26 41 86  4 11 44 60 99 29 95 19 79 65 89 100 84 -2 61 -4 64  7 66 94 86 78 84 31 58 58 29 56 16 76 41 57 92 16 48 16 82 42 72 60 38 60 : 55.6
hR, DcyqYZg .......................... 71 90 95 30 57 39 88 40 73 82 29 38 94 48 95 40 13 13 85 30 87 89 10 69 80  2 79 59 92 29 67 62 51 93 97  7 31 10 85 35 97 13 78 90 98 -2 61 43 48 45 78 34 65 93 34 76 26 12 35 17 79 33 11 61 25 39 73 93 55 89 : 55.5
RiIPqDsq, ByNKuYdY ................... 35 34 99 40  4 98  3 30 42 50 95 59 86 73 73 56 87 74 94 15 98  4 66 29 -5 30 92 56 44 58 15 10 97 13 55 33 42 96 68 89 45 95 80 30 67 52 91 53 58 84 -1 55 19 70 90 51 31 81 39 81 70 59 22 99 77 83 31 51 78 -2 : 55.4
zqzG, GOoj ........................... 94 73 76 97 99 62 40 57 67 10 89 64 87  3 61 34 20 95 67 30 33 58 62 62 52 40 58 93 27 58 -4 20 30 77 17 61 70 94 49 68 35 69 32 54 78 24 93 29 50 91 64 88 48 57 81 31 -4 70 56 28 27 57 86 95 65 34 55 34 59  3 : 54.8
ncuE, pM ............................. 83 42 45 20 84 90 57 68 53  5 75 34 84 57  2 23 22 59 54 86 75 58 70  6 29 28 94 78 42 49 38 56 96 89 81 79 78 37 79 63 79 53 28 95 41 36 17 69 100 76 54  0 66 55 43 100 88 36  4 30 90 47 91 11 35 72 22 45 40  0 : 54.2
xxZzBfzNfCBQmj, iYKeevunGbT .......... 81 86 52 26 11 90 -2 22 45 61 73 89 64 27 86  9  2 19 28 59 70 68  4 14 57 84 68 77 18 92 22 -1  3 79 62 19 100 97 78 44 89 51 65 52 83 50 66 90 74 25 49 75 99 90 95 55 -1 94 31 22 85 90 58 19 -5 20 76 100 48 53 : 54.0
xTnhcVfjjWH, WVRV .................... 88 35 72 49 51 40 100 48 23 83 30 15 79 45 64 44 30 50 64 58 73  5 58 58 58 73 96 59 85 90 86 -2 56 89 85 38 28 84 92 57 98 53  3 76 -3 73 52 65 22 47 22 26 58 85 90 47 89 85  5  0 74 22  3 29 11 93 72 44  2 95 : 53.9
DJhqlvp, UAmgM ....................... 45 95 66 29 56 81 90 79 43 24 28 -5 99 63 37 43 32 51 26 11 86 46 84  1 60 89 92 57 24 25 63 74 19 60  3  7 40 24 91 88 53 50 88 84 12 57 58 50 39 90 66 25 67 81 63 26 70 55 88 99 85 82 73 36 73  7 48 12 36 70 : 53.8
kcZd, EyXdWwwzOP ..................... 95 91 14 39 66 10 60 49 74 59 93 64 47 37 69 67 11 92 43 45 83 32 35 94 59  6 46 61 83 99 76 77 15 96 48 13 37  7 99 10 71 92  6 49 60  6 47 76 30 96 20 12 27 92 37 17 29 14 84 12 44 59 20 65 54 73 83 97 85 81 : 53.4
swhxysQMqkyOi, cgrwjgqJ .............. 100 12 67 47 67 78 100 82 56 65 24  8 95  7 22 22 72 34 10 94 12 44 68 82 82 15 46 54 95 51 16 20 68 88 73 66 97 -2 80 53 100  3 98 94 47 51 16 18 90 63 43 33  6 42 46 20 62 97  5 56 79 27 82 46 46 86 44 43 89 23 : 53.2
PpaTnErczmS, mmweKfTNnpZan ........... 64 -2 35 88 97 17 -3 74 35 77 97 12 94 24 84 20 100 42 91 36 90  3  9 -5 99 18 68 88 24 98 98 20 -5 64 39 97 87 41 70 53 17 99 70 42 22 86 99 53 27 16 95 48 24  3 80 22 27 48 42 88 45 71 39 78 35 83 74 53 23 76 : 53.2
sMDZLDWpS, kHMG ...................... 57 69 25 74 90 79 40 15 68 46 80 10 76 73 56 14 89 76 13 63 81 74 50 84 65 74 96 59 22 100 57 10 100 13 15 90 98 60  4 65 38 15 80 45 93 67 64 81 42 82 76 54 87 25 69 52 31 96 10 90 21 -2 -1 21 17 20 42 14 11 51 : 53.2
OZbv, oQjJQIrIWoBok .................. 23 81 92 75 94 48 89 94 58 18  0 30 55 88 63 51 29 84 64 69 69 42 64 51 84 98 73 84 35 96 67 64 77 91 38 -4 38 58 21 -5 82 26 30 68 46 24 18  6  7 13 80  7 60 75 96 43 73 68 58 39 95 25 34 -3 47 77 -2 90 67 24 : 53.1
mmtXBH, OTFHxdjmR .................... 78 92 17 68 38 70 98 -1  7 41 33 60 93 94  1 67 90 -3 81 67 65 81 75 77 12 35 94 19  7 90 52 16  7 74 89 51 43 12 87 87 59 51 78 83 44 85 81 33 13 62 31  9 74  5 91 17 78 84 41 16  0 99 37 12 -2 58 100 47 75 87 : 53.0
PpeVRazS, RVrRBB ..................... 54 73 33 23 97 94 44 20 73 37 48 86 42 97 10 -2 96 29 61 45 39 75 66 84 46 73 34 11 100 82 24 86 54 62  8 50 88 90  1 92 26 54 77 -1 83 18  3  4 52 69 55 97 76 52  6 53 57 77 70 88 58 99 73 43 60 13 24 47  2 30 : 52.7
ieYBHHayEvaJeJ, RWZwtiF .............. -5 38 24 48 90  3 68 94 76 100 79 92 78 48 19 63 88 21 31 37 31 26 76 100 72 50 11 92 48 47 77 80 17 33 59 38 41 58 32 48 58 42 39 67 95 96 61 83 16 97 19 84 23 26 10 100 81 58 17 61  5 100 72 27 64 31 70  4 20 33 : 52.7
tN, DZVY ............................. 57 28 48 23 86 81 86 29 70 93  1 71 45 47 69 34 -5 -3 52 61 75 21 49 88 96 67 59 19  5 81 32 67 40 85 21 25 97 38 60 98 63 98 68  7 44 68 46 77 -4 -3 37  3 55 17 96 82 90 86 32 26 66 69 98 38 85 50 68  7 93 27 : 52.6
su, zDqwvztRdVIoXk ................... 99 23 20 31 32  1 98 91 60 17 54 17 94 88 44 77 42 43  9 100 69 86 18 82 93 78 75 38 24 36  0 54 65 26 90 28 64 87 19 23 36  4 77 29 97 20 37 70 100 52 69 100 69 92 82 61 -5 88 31 56 23 36  9 19 99 30 53 94 49  3 : 52.5
UbbpIfLsnSdU, QlM .................... 48 63 30 35 51 28 65 100 64 46 41 21  9  7 74 95 79 89 71 59 80 96 61 43 75 39 86 44 60 -4 38 40 65 -1 80 47 32 77 78 27 54 19 53 69 63 26 95 41 47 65 -1 26 92 97 75 98 68 92 73 27 19 10 -2 89 14 10 68 83 18 45 : 52.4
Cbappdley, XFoxqEKLktPSbXD ........... 91 83  3 50 27  3 93 82 87 56 96  3 75  7 31 75 54 61 61 13 52 84 86 85 61 80 85 93 96 66  3 12 48 11 99 81 52 91 62 38 79 90 78 85 28  9 59 13  1 19 32 58 34 17 74 -5 28 58 93 56 23 -5 -1 77 43 -2 89 100 20 82 : 52.4
OrsDYlnUIo, FCzXcewEQo ............... 52 82 24 48  7 66 27 -3 88  1 -2 98 55 99 41 86 59 78 79 29 58 26 95 85 86 67  3 34 89 30 86 72 12 41 52 56 38 84 90 25 16 93 55 76 17 27 93 82  4 72 42 68 -3 36 52 14 35 93 85 23 22 70 27 71 10 84 58 54 67 80 : 52.4
xGUqV, WvWHfWlvlqF ................... 88 47 78 77 25 15 100 97 83 38 80 48 56 21 73 11 46 55 94 92 59 37 73 97 57 53 79  0 67 82 19 87 28 28 63 90 48 62 12 30 31 24 83 18 50 87 35 28 42 28 19  0 -4 23 28 58  7  6 95  6 93 45 24 52 78 92 74 57 85 91 : 52.1
jQjannWK, oxhQtteG ................... 22 94 95 59 60 85 28 23 86 69 29 90 79 15 24 99 60 24 55  5 10 48 92 73 87 33 53 80  3 21 18 63 15 12 21 80 28 87  3 14 87 69 35 66 89 97 96 49 20 50 91 35 29 82  8 15 47 98 100 87 18 50 49 38 99  2 18 27 94 58 : 52.1
lWMRGEvnGBYNzZ, rGqpPvyUrbOG ......... 78  3 16 79 74 62 16 42 100 16 83 35 82  7 23 67 35 10 84 27 38 32 50 50 40 -4 18 69 84 92 46 93 26 99 72 -1 92 93 78 18  8 60 90 95 72 12 93 38 28 77 71 71 40 52 53 86 54 76 54 37 99 32 29 24 62 32 60 54 24 37 : 52.1
uTWbImZEPna, NzChMhhLlPDL ............ 13 57 66 44 67 73 51 44 70  6 36 -1 27 64 11 65 84 -3  9 89 39 65 38 54 65 92 77 34 94 87 69 38 75 66 88 42 38 70 17  8  7 91 12 39 54 60  3 69 63 50 58 33 46 -5 92 11 93 69 82 12 87 50 87 61 47 74 34 91 75 57 : 51.9
PdRIFVqVrkb, oICQv ................... 100 84 98 88  0 87 45 82 12 97 25 61 11 95 65 61 34 73 26 22 -1 41 38 13 89 21  3 38 67 18 10 66  1 39 86 38 25 62 51 43 59 81 35 75 76 -1 67 41  4 25 100 40 71 69 58 91 21 98 29 93 47 76 91 85 14 76 23 77 69  5 : 51.6
OUAqWiKocNtKPXv, CdwTZ ............... 15 16 68 23 17 16 87 22 19 57  2 52 91 60 45 94 80 28 53 49 45 44 30 100 42 82 33 86  2 68 12 22 90 85 51 38 33 69 65 57 26 73 40 48 64 16 74 44 50 58 24 100  1 59 99 48 72 31 65 79 31 82 33 20 99 15 95 31 89 91 : 51.5
