Af, TPvRufSdcwvFM ...................... 58 69 74 85  1 19  9 24 62 93 31 96 80 46 53 91  9 78 26 58 89 60 72 86 92 92 26 36 69 89 81 58 90 54 74 96 78 88 51 72 81 88 99 92 33 51 82 79 60 39 68 49 30 40 66 22 63 98 95 63 86 76 52 75 29 25 -4 39 13 53 42 99 40 40 : 60.5
IfMrwhDZjacoD, mJJVgEYP ................ 59  8 98 12 95 71 36 24 88 88 90 43 99 57 17 83 42 62 94 73 35 64 14 84 16 78 54 82 90 98 59 80  5 57 97 31 59 64 60 78 52 81 53 82 70 75 96 11 36 90 15  2 85 67 91  0 44 76 13 65  0 78 44 42 66 72 79 56 35 70 33 92 51 91 : 58.9
XTTzctoFe, vdxU ........................ 73 37 90 91 72 34 49 74 97 48 24 73 42 47 86 60 92 97 97 32  8 88 32 35 95 27 72 60 28 49 96  1 18 11 23 95 50  3 68 78 57 98 83 -2 76 100 95 67 22 91 30 35 79 68 76 73 26 79 64 60 27 59 98 50 76 20 77 57 29 44 67 17 73 81 : 58.2
Rf, CbjQxUNzX .......................... 17 93 58 66 16 63  8 89 38 -4 44 69  6 36 95 78 91 68 89 58 93 76 77 98 34 98 61 99 85 74  0 33 67 63 30 14 25 44  2 100 45 52 -5 88 19 95 98  9 63 86 72 87 93 48 84 27 77 76 57 93 50 62 25 48 24 93 67 86 68 74 12 44 57 12 : 57.3
lKyUQuN, qzrDFd ........................ 27 71 -5 50 10 22 37 49 17 48 95 25 89 60 94 -2 83 11 47 39 77 99 41 75 75 92 62 99 58 90 68 90 60 69 39 75 22  7 23 44 61 17  0 81 82 99 84 65  9 62 35 17 92 82 98 67 -1 91 97 62 80 64 83 72 64 54 46 91 66  1 67 58 55 72 : 56.8
YoCujCcDOP, OGyhgDiuY .................. 91 85 14 76 23 77 69  5 51 27 92 91 33 99 22 32 39 63 62 70  2 64 38 97 55 64 95 15 88 41 96 78 26 41 85 86 17 54 96 73 12 13 64 51 11 17 14 55 85 81 56 18 44 99 14 30 94 40 82 82 87  3 91 44 50 76 61 72 61 56 77 78  1 72 : 55.7
fwhRCVzzVv, nkAZyMAoS .................. 83 79 28 93 97 92 30 78 74 -4 78 15 38 32 98 11 31 26 72 37 96 28 43 85 74 60 99 96 -5 80 23 83 90 89 75 87 80 36 96 86 38 73  0  7 36 29 55 -2 60 58 41 55 17 15 40 96  6 70 17  6 49 78 94 39 98 100 57 77 35 52 62  4 56 100 : 55.5
KyKSWiKzpaKCln, QqzQFoPFwAkYjUu ........ 23 46 50 97 29  7 68 97 99 64 13  2 94 96 -4 82 40 99 71 48 85 45 62 29 55 18 44 14 39 37 67 99 88 49 96 48 93 63 76 92 58 94 25 52 15 26 65 93 25 36 72 41 86 33  1 72 88 50 17 26 92 89 56  6 69 51 59 62 45 67 53  3 60 83 : 55.3
Syk, QSkPjIERXGOGk ..................... 37 84 38 76 94 61 71 51 95 57 38 33 75 49  0 11 67 100 71 -4 16 77 95 30 78 56 24 72 86  5 70 22 95  7 29 14 -1  0 71 99 94 40 64 -5 94 -5 11 61 26 13 94 47 96 88 82 -1 43 37 76 60 48 45 88 74 89 16 93 93 53 95 92 79 34 87 : 54.7
gPXmKzsWy, vdNTMzlPEBS ................. 56 59 12 24 81 66 32 32  4 71 98 61 32  4 65 100 85 90 17 35 26 89  1 27 11 98 62 41  7 11 89 100 75  0 23 56 71 92 19  7 62 48 73 99 57 69 25 74 90 79 40 15 68 46 80 10 76 73 56 14 89 76 13 63 81 74 50 84 65 74 96 59 22 100 : 54.4
OOlWMR, qpPvyUrb .......................  3 61 99 57 86 22 56 12 61 23 17 92 81 77 47 36 98 82 69 78 78  3 16 79 74 62 16 42 100 16 83 35 82  7 23 67 35 10 84 27 38 32 50 50 40 -4 18 69 84 92 46 93 26 99 72 -1 92 93 78 18  8 60 90 95 72 12 93 38 28 77 71 71 40 52 : 53.9
bgmUGTQtUInq, PLFJIuJwxbnyd ............ 19 49 64 94  8 97 12 46 94 29 74 -3 100 53 45  4 25  9 74 99 57 33 18 24 43  1 12 40 10 20 76 67 74 39 60 14 67 77 65 92 37 38 94 36 22 70 78 52 84 83 83 72 47 32 -5 95 38 45 34 86 70  9 52 75 85 43 94 83 51 90 74 93 60 99 : 53.8
AChv, vZwcxWr .......................... 99 89 82 11 91 81 95 62  1 78 65 62 29 35  1 29 86 94  5 64 -1 80 25 90 70 59 78  2 42 97 17 40 12 30 88  2 11  8 -5 49 91 65 42 51 31 48 85 16 73 95 86 77 75 42 98 44 32 76 83 79 -2  0 51 47 67 38 54 83 84 87 63 74 83  4 : 53.7
eAsD, fTZYuTajeYtWqvZ .................. 58 -1 38 -5 66 40 89 97 47 85 -3 -4 79  6 60 27 24 94 46 97  4 56 69 77 94 73 76 97 99 62 40 57 67 10 89 64 87  3 61 34 20 95 67 30 33 58 62 62 52 40 58 93 27 58 -4 20 30 77 17 61 70 94 49 68 35 69 32 54 78 24 93 29 50 91 : 53.4
JpLHj, JbvLgFPiXS ...................... 36 89 87 15  3 76 81 76 85 80 80 28 18 72  3 80 50 73  2 91 94 51 -2 91 68  0 89 -1 99 -2 52 35 92 70 87 100 77 68  2 61 47 87 20 -4 90 60 81 40 32 88 62 25 70 65 48 70 -4 36 74 100 71 57 66 62 26 53 94 34 52 -5 26 -2 13 51 : 53.3
ZaeDj, yD .............................. 85 41 74 65 56 96 87 37 77 -5 49 59 74 71 71 49 28 29 53 93 72 89 52 59 69 86 60 82 49 67 15 34 39 20 30 100 15 16 68 23 17 16 87 22 19 57  2 52 91 60 45 94 80 28 53 49 45 44 30 100 42 82 33 86  2 68 12 22 90 85 51 38 33 69 : 53.2
UncuEPNh, PqRTiabbSup .................. 57 68 53  5 75 34 84 57  2 23 22 59 54 86 75 58 70  6 29 28 94 78 42 49 38 56 96 89 81 79 78 37 79 63 79 53 28 95 41 36 17 69 100 76 54  0 66 55 43 100 88 36  4 30 90 47 91 11 35 72 22 45 40  0  7 51 90 40 45 63  7 99 63 38 : 53.1
NsfwHGqhKRIy, WmxjuQpcD ................ 72 76 44 46 98 35 22 28  4 36 74 22 97 89  0 94 36 80 30 85 89 67 78 79 70 27 42 78 33 14 88 37 21 64 14 50 -2 42 84  8 83 57 67 79 78 72 -2 45 83 65 62 71 32 71 81 33 -3 55 10 68 74 29 36 100 98 55 49 28 28 64 73 42 53 39 : 53.1
YpcXMG, qNinnwWXUT ..................... 13 76 97 15 84 26 68  7 91 88 45  0 15 42 92 45 29 59 90 91  6 21 72 53 71 40 16 84 95 91 14 39 66 10 60 49 74 59 93 64 47 37 69 67 11 92 43 45 83 32 35 94 59  6 46 61 83 99 76 77 15 96 48 13 37  7 99 10 71 92  6 49 60  6 : 53.0
BHHayEvaJe, LLY ........................ -1 86 -5 38 24 48 90  3 68 94 76 100 79 92 78 48 19 63 88 21 31 37 31 26 76 100 72 50 11 92 48 47 77 80 17 33 59 38 41 58 32 48 58 42 39 67 95 96 61 83 16 97 19 84 23 26 10 100 81 58 17 61  5 100 72 27 64 31 70  4 20 33 58 83 : 52.9
nFFIhuhjvVb, ibtuvhoAGseEMXC ........... 80 24 96  1 74 86 87 37 45 99 14 35 82 84 48  4 16 11 50 49 26 25  2 85 68 59 74 18  8 71 77 19 27 73 25 32 90 44 74 66 74 93 32 55 76 85 64 23 -4 45 77 59 75 10 43 42 74 48 66 87 19 74 38 83 78 100 14 67 43 94 64 48 86 -5 : 52.9
bTdNYnaPxzy, RcnI ...................... 32 97 96 100 96 22 59 22 81 14  9 32 11 -5 95 92 64 67 84 37 76 27 69 51 37 78 20 40  7 87 90 45 10 86 44  5 39 34 65 19 54 79 88 70  5 83 93 74 81 76 43 57  3 43 39 77 53 64 16 65 82 38 41 97 23 17  2 99 56 72 49 41 50 37 : 52.7
eFTMUZjplqT, tYjW ...................... 86  2 82 47 31 87  9 56 55 26 22 45 86 50 30 12 43 22 55 19 79 88 31 78 56 98 51 53 72 55 32 57 94 13 35 57 -1 49 44 91 81 71 67 98 21 -4 41 -5 55 -5 19 33 89 87 42 76 10 99 60 87 85 97 44 79 41 10 35 77 65 84 68 77 86 34 : 52.7
SEXboKWSC, iFuRrYMjaWIhHM .............. 37 45 29 -3 93 31 88 28 92 36 60 56 87 36 -1 97 30 73 90 73 12 27 69 55 65 73 99 42 86 89 54 54 65 14 88 58 51 76 91 74 43 83 61 29 18 65 57 86 70 46 58 13  4 27 -1 74 31 -2 15 48 18  0  1 89 20 95 78  2 70 100 81 44 82 73 : 52.7
xTnhcVfjjWH, avuypAWVRV ................ 88 35 72 49 51 40 100 48 23 83 30 15 79 45 64 44 30 50 64 58 73  5 58 58 58 73 96 59 85 90 86 -2 56 89 85 38 28 84 92 57 98 53  3 76 -3 73 52 65 22 47 22 26 58 85 90 47 89 85  5  0 74 22  3 29 11 93 72 44  2 95 32  0 47 41 : 52.6
oYENDYMUwiD, TxfEplQbALT ............... 26 63 45 10 61  2 23 70 95 54 27 89  8 97 26 70 98 42 37 59 28 80 53 79 48 68 51  6 86 97 71 12 59 47 59 19 54 13 21 80 73 53 69 12 81 26 88 78 -1 24 68 65 35 52 43 89 19 25 26 37 21 28 54 12 81 44 68 66 95 94 78 99 78 78 : 52.6
ucAGesjs, IcwHxKBvcgow ................. -2 94 69 -1 -3  8 86 86 37 95 31 25 78 82 22 66 70 87 42 22 77 34 72 -1 97 52 73 76 63 52 90 66 77 58 -4 79 -3 88 96 39  8 59 -4 91 40 23 88 41 41 29 69 18 -5 72 54 23 23 26 30 91 83 19 88 59 82 90 69 84  3 97 54 16 55 87 : 52.4
mpxy, KoiIxm ........................... 95 16 34 45 28 25 32 27 77 18 56 69 91 76 18 19 81  4 90 22 79 -4  8 71 -4 79 86  1 32 34 86 27 87 51  3 14 81 40 79 89 63 66 57 85 41 80  3 53 90 98 80 100 25 93 70 59 72 88 65 35 21 82 99 39 32  1 59 44 46 69 32 40 34 94 : 52.4
Sxpmbuxjf, BFsakbClKBtYlFR ............. 30 97 49 31 43 45 58 92  0 50 46 75 51 54 10  6 48 91 98 89 15 61 92 11 65 42 98 60 95 52 47 24 80 27 61 23 78 50 14 83 -1 98 57 87 83 72 99 30 63 96 50  9 88 74 25 52 15 55 11  9  6 95 70 91 21 62 13 -2 12 65 12 48 94 75 : 52.4
wVLXZ, kDDHGAsUVGaLHQ .................. 84 85 76 64 44 56 88 30 87 17 76 15 51 85 17 78 47 10 56 49 11 79 83 99 17 28 15  9 73 75  4 89 59 86 52 34 73 40 70 91 94 77  5 44 93 27 53 72 75  8 20 17 93 35 16 41 68 68 55 40 42 96 60 32 81 12 -3 86 89 -2 76  8  7 87 : 52.4
sBMac, NRbJIwz ......................... 78 78 29 58 14 86 96 61 90 35 32 49 35 69 87 67 66 55 -1 55 40 48 99 10 43 38 97 50 76 64 73 54 73 33 43 18 18 70 84  7 37 47 93  3 47  5 76 44 65 80 -2 36 59 28 52  1 71 80 89 79 75 93 64 47 25  6 70 80  7 85 18 49 31 42 : 52.1
kPAGcoGbnUELA, qtCFV ................... -3 96 31 24  4 81  2 82 36 54 100 12 33 53  0 38 80 80 96  1 63 89 58 47 48 25 30 38 12 28 48 14 24 10 75 65 96 83 78 63 68  3 80 32 61 86 75 72 97 -4 78 92 17 68 38 70 98 -1  7 41 33 60 93 94  1 67 90 -3 81 67 65 81 75 77 : 52.1
logQFJkb, EzTVGvdcIJbwL ................ 99 29 95 19 79 65 89 100 84 -2 61 -4 64  7 66 94 86 78 84 31 58 58 29 56 16 76 41 57 92 16 48 16 82 42 72 60 38 60 92 21 64 84 22 59 96 94 52  7 -3 68 43 60 25  4 15 78 11 93 35 34  9 88 56 22 62 59 88 -1 19  5 58 14 94 85 : 52.1
PoeOFqQFCpFA, nIXvgBEkcFo .............. 51 37 29 16 68  6 18 84 23 81 92 75 94 48 89 94 58 18  0 30 55 88 63 51 29 84 64 69 69 42 64 51 84 98 73 84 35 96 67 64 77 91 38 -4 38 58 21 -5 82 26 30 68 46 24 18  6  7 13 80  7 60 75 96 43 73 68 58 39 95 25 34 -3 47 77 : 52.0
YAIDbpuKChvsko, VdEENUxgHvzF ........... 38 95 47 88 89 51 -2  7 37  8 56 66 37 39 49 69 17 -5 93 74 41 85 51 60 30 21 46  7 47 57 91 90 83 37 77 71 19  6 83 61 51 70 26 94  9  7 62 63 39 86 36 86 70 93 77 32 13 23 44 65 85 35 55 68  3 63 70 28 75 85 20 57 54 84 : 51.9
MPAEEwG, XTw ...........................  6 99 51 60 97 39 91 26 68 78 -4 79 82 71 54 32 59  9 13 83 82 23 13 63  1 91 57 65 19  7 -3 62 37 85 53 65 23 43 97 97 20 98 75 33 -5 61 71 59 75 15 41 88 75 91 50 82  8 38 78 64 82 80 26 18 96 84 89 18 59 11 14 10 40 21 : 51.9
swNCFBywliBt, BMXcEavOwi ............... 42  7 88 44 48 50 79 37 98  0 87 40 80  2 92 96 31 12  8 78  2 91 76 67 69 97 53 83 14 -1 89 62 11  2  5 96 89 15 64 86 21 82 25 32 15 16 27 51 65 72 60 72 63 36 38 63 32 97 45 84 27 33 77 75 72 87 70 60 34 65 45 60 46  1 : 51.9
