emnUNBjdheVNKoh, LaNp  70  9 52 75 85 43 94 83 51 90 74 93 60 99 61 87 68 38 39 83 : 67.7
uFnvoVMi, Zm  51 49 41 82 76 94 63 93 50 42 57 -3 87 65 97 52 52 80 52 67 : 62.3
hDRo, Lbm ... 69  7 77 19 84 -3 90 78 47 61 97 96 16 68 84 43 71 31 70 82 : 59.3
vbL, ssjXfA . -5 49 91 65 42 51 31 48 85 16 73 95 86 77 75 42 98 44 32 76 : 58.5
ArEI, SIIJc . 44 45 83 88 39  7 73 81 15 49 91 81 34 65 55 66 72 67 64 35 : 57.7
IWoseulnD, afeCgFZqlsp  68 77 18 92 22 -1  3 79 62 19 100 97 78 44 89 51 65 52 83 50 : 57.4
yXxFi, qW ... 59 21 71  4 24 81 37 96 65  7 81 74 64 41 81  4 88 95 59 86 : 56.9
mcoqNdmZBnmP, CpiuhDcjrx  -5 66  7 18 62 82 88 83 52 41 61 73 93 97 32 23 100 61 36 65 : 56.8
TSlEFNY, FAPH  55 68 63 28 51 90  1 65 48 93 67  6 89 32 66 94 87 -3 47 79 : 56.3
ZodajPZkZaACh, loobIccgabAT  14 10 99 89 82 11 91 81 95 62  1 78 65 62 29 35  1 29 86 94 : 55.7
