NuceNwFcPjFicc, mZRhj ........... 32 34 86 27 87 51  3 14 81 40 79 89 63 66 57 85 41 80  3 53 90 98 80 100 25 93 70 59 72 88 65 35 21 82 99 39 32  1 59 44 46 69 32 40 34 94 24 80 74 32 33 95 61 44 94 18 37 96 82 40 : 57.5
TeniVTTrRYg, WBVV ............... 35 88 43 30 80 51 44 23 74 11 36 75 57 56 100  4 92 95 35 18 74 79 67 19 88 88 74 27 16 63 27 56 82 76 17 93 58 66 16 63  8 89 38 -4 44 69  6 36 95 78 91 68 89 58 93 76 77 98 34 98 : 57.3
acoDLfCfxsQSd, EYPePkJzBmap ..... 94 73 35 64 14 84 16 78 54 82 90 98 59 80  5 57 97 31 59 64 60 78 52 81 53 82 70 75 96 11 36 90 15  2 85 67 91  0 44 76 13 65  0 78 44 42 66 72 79 56 35 70 33 92 51 91  0 52 98 -5 : 57.2
GNpeVekyPbh, tjXoht ............. 95 13 71 33 90 88 10 62 87 61 14 65 98 74  6 91 14 49 75 99 99 26 41 86  4 11 44 60 99 29 95 19 79 65 89 100 84 -2 61 -4 64  7 66 94 86 78 84 31 58 58 29 56 16 76 41 57 92 16 48 16 : 55.9
qqGqnlIAv, FQ ................... 77 63 66 55 83 68 84 16 16  8 10 91 25 38 61 -1 56  5 51 49 41 82 76 94 63 93 50 42 57 -3 87 65 97 52 52 80 52 67 27 73 80 74 95  5 43 55 41 31 65 97 85  6  5 93 31 73 85 87 46 73 : 55.6
OPCrMAScCnI, mVQ ................ 62 70  2 64 38 97 55 64 95 15 88 41 96 78 26 41 85 86 17 54 96 73 12 13 64 51 11 17 14 55 85 81 56 18 44 99 14 30 94 40 82 82 87  3 91 44 50 76 61 72 61 56 77 78  1 72 28 17 94 47 : 55.3
Tzc, qs ......................... 22 76 64 31 65 -4 46 -1 73 37 90 91 72 34 49 74 97 48 24 73 42 47 86 60 92 97 97 32  8 88 32 35 95 27 72 60 28 49 96  1 18 11 23 95 50  3 68 78 57 98 83 -2 76 100 95 67 22 91 30 35 : 55.0
KyKSWiKzpaKCln, YjUu ............ 23 46 50 97 29  7 68 97 99 64 13  2 94 96 -4 82 40 99 71 48 85 45 62 29 55 18 44 14 39 37 67 99 88 49 96 48 93 63 76 92 58 94 25 52 15 26 65 93 25 36 72 41 86 33  1 72 88 50 17 26 : 54.9
emnUNBjdheVNKoh, tDnLNSsTQLaNp .. 70  9 52 75 85 43 94 83 51 90 74 93 60 99 61 87 68 38 39 83 52 53 54 -2 90 87 98 60 31 63 45  0  3 -4 80 19 44  0  1 100 95 80 92 54  4 84 41  3 53 11 91  4 69 76 39 90 62 36 49 24 : 54.8
su, zDqwvztRdVIoXk .............. 99 23 20 31 32  1 98 91 60 17 54 17 94 88 44 77 42 43  9 100 69 86 18 82 93 78 75 38 24 36  0 54 65 26 90 28 64 87 19 23 36  4 77 29 97 20 37 70 100 52 69 100 69 92 82 61 -5 88 31 56 : 54.3
sppBodhALBlM, oSZWllNKgmxk ...... 23 78 86 46 83 19 66 34 13 43 73 14 43 53 63 56 58 72 93 27 37 41 71 85 53 91 36 54 84 98 60  6 75 78 90 90 -4 55 55 46 -2 28 97 78 12 91 33 75 62 58  1 30 -2  3 46 88 100 87 42 83 : 54.2
KGESDlo, Gx ..................... 56 62 97 43 72  5 65 24 -1 99 100 90 37 63  7  2 66  4 99  0 14 67 62 40 75 43 95  0 50 25 57 37 18 53 85 22 96 82 51 100 80 82 15 48 76 28 55 73 69 85 79 88 52 40 59 26 14 85 64 69 : 54.2
zNfCBQm, GbTBdergp .............. 18 46 81 86 52 26 11 90 -2 22 45 61 73 89 64 27 86  9  2 19 28 59 70 68  4 14 57 84 68 77 18 92 22 -1  3 79 62 19 100 97 78 44 89 51 65 52 83 50 66 90 74 25 49 75 99 90 95 55 -1 94 : 54.1
QThgyBJMpFbNf, BDy .............. 42 72 91 85 49 29 -1 80 34 63 67 41 31 -2 54 73 98  6 35 68 86 80 10 33 67 69  0  9 94 74 96 36 77 86 52 57 47 56 36 12 50 34 91 86 70 44 91 67 87 25 34 73 36 81 37 34 50 42 48 43 : 53.6
bXcur, YCCXWGcWUkdqwqb .......... 77 -2 55 93 62 41 47 53 27 96 62 -2 91 62 21 49 11 43 92 48 89 77 85 49 10 61 -5 27  9 74 93 18 78 79 10 71 20 63 55 52 90 16 87  6 84 39 61 26 88 52 80 76 61 64 56  2 56 88 67 71 : 53.5
gIIjnz, QkaGCOjXfPjnl ........... 80 94 84 33 46 12 21 37 51 49 87 -5 58 90 98 27 59 43 67 24 81 61 32 82 65 37 37 82 94 24 15 73 50 -1 37 27 48 96 69 30 44 87 30 33 76 59 97 34 33 63 95 46 56 26 27 52 100 -5 66 93 : 53.4
jKSfJQTpfRrefd, fvYTlZWiZ .......  4 76 24 70 35 -1  6  0 61 85 43 32 82  7 58 74  9 87 91 58 24 23 93  7 15 48 92  6 64 11 98 -1 92 53 74 59 57 85 64 50 69 38 87 82 51 76 55 97 62 78 54 91 32 79 30 52 26 21 96 95 : 53.1
HhqSYGX, grVAkwjiOC ............. 77 70 63 85 35 11 26 78 100 -4  1 32 10 57 26 98 98 46 47 26 57 27 74 42 65 44 14 79 43 90 99 51 92 93 36 26 35 99 35 66 100 42 -2 41 30 61 70 60 39 17 91 -5 49 64 42 45 39 94 56 87 : 52.8
whxysQMqkyOi, Jb ................ 100 12 67 47 67 78 100 82 56 65 24  8 95  7 22 22 72 34 10 94 12 44 68 82 82 15 46 54 95 51 16 20 68 88 73 66 97 -2 80 53 100  3 98 94 47 51 16 18 90 63 43 33  6 42 46 20 62 97  5 56 : 52.7
VxlABlbrMBVrqep, Lm ............. -4 38 24 63 79 73 86 72 35 49 97 84 22 33 29 45 74 90 59 20 -1 35 64 90 99 17 70 40 24 81 16 25 50 45 20 61 49 37 32 89 91 28 -2 44 98 64 94 71 53 85 23 57 51 18 79 49 72 80 95 -5 : 52.6
impsK, sNx ...................... 14 19 75 94 20 90 46 93 67 63 78 85 62 12 67 96 54 50 35 39 95 34 -3 -4 65 29 99 22 85 87 21 30  5 -5 23 63 16  0 55 89 69 65 -1 30 82 71 58 67 52 98 37 78 64 71 79 60 31 77 87 15 : 52.6
Jpu, FzxRPqRTi .................. 39 34 51 100 58 11 -1 85  0 40 26 51 44  9 55 29 83 42 45 20 84 90 57 68 53  5 75 34 84 57  2 23 22 59 54 86 75 58 70  6 29 28 94 78 42 49 38 56 96 89 81 79 78 37 79 63 79 53 28 95 : 52.6
fUjAAi, JEhBY ................... 66 68 35 94 52 48  9 59 98 96 10 58 -2 83 68 77 73 83 37 46 86 11 94 75 35 70  2 35 94  1 -1 92  0 39 85 57 92 25 16 15 20 63 79 55 77 78 31 49 92  0 27 78 16 20 84 88 22 91 54 47 : 52.5
JeJDhell, WimtNWBn .............. 79 92 78 48 19 63 88 21 31 37 31 26 76 100 72 50 11 92 48 47 77 80 17 33 59 38 41 58 32 48 58 42 39 67 95 96 61 83 16 97 19 84 23 26 10 100 81 58 17 61  5 100 72 27 64 31 70  4 20 33 : 52.5
zfkLojPPrx, fbAXPCCH ............  1 41 66 34 35 98 97 25 32 12 18 39 63 89 33 77 53 13 34 12 82 97  3 60 83 62 83 98 93 50 45 99 22 42 65 95 40 93 51  3 36  0 80 -1 95 44 81 79 62 46 97 75 43 31 34 25 98 16 54 17 : 52.5
QEus, Pj ........................ 63 23 29 91 75 62 83 -4 29 95 62 25 82 99 37 84 38 76 94 61 71 51 95 57 38 33 75 49  0 11 67 100 71 -4 16 77 95 30 78 56 24 72 86  5 70 22 95  7 29 14 -1  0 71 99 94 40 64 -5 94 -5 : 52.4
Tq, UxYRglcewB .................. 93 48 84 27 77 76 57 93 50 62 25 48 24 93 67 86 68 74 12 44 57 12 32 81  6 61 96  0 46 99 92 38 79  2 -4 87 83 58 80 64 19 36 11 80 28  9 98 -5 89  9 45 77 58  8 58 69 74 85  1 19 : 52.4
MEGNBJKBXrwFf, JsZFRRyCFQTyTeD .. 61 90 84 60 17 100 99 84 100 93 22 32 19 82 62 81 66 88 53 46 45 53 33 73  4 32 55 37 33 44 36 100 65 52 91 88 51 15 71 51  8 98 14 64  5  7 44  2 -5 28 53 77 86 17 49 22 86 36 64 19 : 52.4
IjxOqaz, MYswYKcw ...............  1 52 18 28 61 94 83 98 72 -1 14 39 77 16 44 37 94 36 81 61 93 30  6 64 36 97 92 41 73 49 81 79 33 30  6 99 56 94 96 27 99  9 -3  1 63 78 75 56 45 87 48 38 17 91 33 58 13 56 -1 91 : 52.3
LHjcMJXDr, pyJbvLgFPiXSml ....... 18 72  3 80 50 73  2 91 94 51 -2 91 68  0 89 -1 99 -2 52 35 92 70 87 100 77 68  2 61 47 87 20 -4 90 60 81 40 32 88 62 25 70 65 48 70 -4 36 74 100 71 57 66 62 26 53 94 34 52 -5 26 -2 : 52.3
