gLVuqw, UWBVVehPrYqgjck ................. 36 75 57 56 100  4 92 95 35 18 74 79 67 19 88 88 74 27 16 63 27 56 82 76 17 93 58 66 16 63  8 89 38 -4 44 69  6 36 95 78 91 68 89 58 93 76 77 98 34 98 61 99 85 74  0 33 67 63 30 14 25 44  2 100 45 52 -5 88 19 95 98  9 63 86 72 87 : 57.4
OxBsDzt, zS ............................. 57 12 32 81  6 61 96  0 46 99 92 38 79  2 -4 87 83 58 80 64 19 36 11 80 28  9 98 -5 89  9 45 77 58  8 58 69 74 85  1 19  9 24 62 93 31 96 80 46 53 91  9 78 26 58 89 60 72 86 92 92 26 36 69 89 81 58 90 54 74 96 78 88 51 72 81 88 : 56.8
jplqTzqCLBu, YjWjSokWS .................. 86 50 30 12 43 22 55 19 79 88 31 78 56 98 51 53 72 55 32 57 94 13 35 57 -1 49 44 91 81 71 67 98 21 -4 41 -5 55 -5 19 33 89 87 42 76 10 99 60 87 85 97 44 79 41 10 35 77 65 84 68 77 86 34 74  6 68 46 38 54 47 95 93 67 81 34 74 97 : 55.6
aKClnReIeVN, QSTSRx ..................... 94 96 -4 82 40 99 71 48 85 45 62 29 55 18 44 14 39 37 67 99 88 49 96 48 93 63 76 92 58 94 25 52 15 26 65 93 25 36 72 41 86 33  1 72 88 50 17 26 92 89 56  6 69 51 59 62 45 67 53  3 60 83 92  7 40 56 31 70 23  2 42 40 72 49 43 91 : 54.6
SaFY, giQodxgkDDHGAs .................... 22 63 94 79 71 70 92 -3 83 38 45 90 61  8 23 96 84 85 76 64 44 56 88 30 87 17 76 15 51 85 17 78 47 10 56 49 11 79 83 99 17 28 15  9 73 75  4 89 59 86 52 34 73 40 70 91 94 77  5 44 93 27 53 72 75  8 20 17 93 35 16 41 68 68 55 40 : 54.4
gmUGTQtUInq, LFJIuJwxbnydH .............. 19 49 64 94  8 97 12 46 94 29 74 -3 100 53 45  4 25  9 74 99 57 33 18 24 43  1 12 40 10 20 76 67 74 39 60 14 67 77 65 92 37 38 94 36 22 70 78 52 84 83 83 72 47 32 -5 95 38 45 34 86 70  9 52 75 85 43 94 83 51 90 74 93 60 99 61 87 : 54.3
bpI, PZQlMOB ............................ 10 76 81 60 20 -3 32 80 79 37 70 90 85 63 48 63 30 35 51 28 65 100 64 46 41 21  9  7 74 95 79 89 71 59 80 96 61 43 75 39 86 44 60 -4 38 40 65 -1 80 47 32 77 78 27 54 19 53 69 63 26 95 41 47 65 -1 26 92 97 75 98 68 92 73 27 19 10 : 54.3
KJYlWlEdzQGTv, iguAZYB .................. 32 86 80 42 53 96 96 59 76 68 77 -1 39 96 89 32 67 85 61 64 33 -2  9 17 26  6 -2 93 41 55 70 78 40 82 51 98 77 46 89 52 13 65 88 89 60 77 53 59 61 13 22 25 48 37 80  6 48 83 -2 94 69 -1 -3  8 86 86 37 95 31 25 78 82 22 66 70 87 : 54.1
etvrMpl, FlmSYwWi ....................... 96  1 63 89 58 47 48 25 30 38 12 28 48 14 24 10 75 65 96 83 78 63 68  3 80 32 61 86 75 72 97 -4 78 92 17 68 38 70 98 -1  7 41 33 60 93 94  1 67 90 -3 81 67 65 81 75 77 12 35 94 19  7 90 52 16  7 74 89 51 43 12 87 87 59 51 78 83 : 53.9
gPXmKzsWy, vdNTMzlPEBS .................. 56 59 12 24 81 66 32 32  4 71 98 61 32  4 65 100 85 90 17 35 26 89  1 27 11 98 62 41  7 11 89 100 75  0 23 56 71 92 19  7 62 48 73 99 57 69 25 74 90 79 40 15 68 46 80 10 76 73 56 14 89 76 13 63 81 74 50 84 65 74 96 59 22 100 57 10 : 53.9
DssqvbJLJEcR, uDiWXLcY .................. 91 80 15 51 90 67 88 64 54 97 13 100 83 82 72 70 83 25 -5  9 31 -5 62 45 80 44 85 15 72 99 66 94  4 12 77 99 84 64 62 70 60  6 69 42 19 40 11  1 -3 43 48 65 75 41  9 54 91 99  0 62 23 72 88 32 89 64 62 -1 27 55 74 92 67 74 33 17 : 53.8
LmkayCU, xJdjMDZVYJc .................... 69 34 -5 -3 52 61 75 21 49 88 96 67 59 19  5 81 32 67 40 85 21 25 97 38 60 98 63 98 68  7 44 68 46 77 -4 -3 37  3 55 17 96 82 90 86 32 26 66 69 98 38 85 50 68  7 93 27  4 55 57 78 99  0 45 44 82 79 78 50 87 65 -1 82 46 94 100 10 : 53.6
nDLEYz, SbGuTQV ......................... 61  5 48 52 19  2 71 90 95 30 57 39 88 40 73 82 29 38 94 48 95 40 13 13 85 30 87 89 10 69 80  2 79 59 92 29 67 62 51 93 97  7 31 10 85 35 97 13 78 90 98 -2 61 43 48 45 78 34 65 93 34 76 26 12 35 17 79 33 11 61 25 39 73 93 55 89 : 53.6
qHMmTxtDSZsbw, sIeMoErqvuYunW ........... 100 46 79 56 35 60 96 43 78 86 84  5 24 90  6 42 -1 85 81 70 76 84 66 51 25 30  3 75 61  7 71 60 58 81 47 98 72 42 72 49 59 87 59 15 77 70 94 81 55 74 50 62 89 16 12 46 83 53 20 75 65 22 67 22  2 13 51 79 93 22 28 83  9 18 -3 17 : 53.4
uWivQfmr, dPqoifhMuvdYuvP ............... 46 25 54 97 64 93 100 62 -4 60 -5 67 18 75 79 38 69 50 88  1 90 10 82 34 86 43 92  5 70 35 41 15 97 100 44 92 18 43 53 19 34 86 17 89 60 -5 26 28 50 14 66 40 61 48  5 46 96 -4 88 97 69 60 44 97 91 93 89  8 67 73 64 32 58 86 20 17 : 53.4
LYFmJPP, hIyoTDPpKZGZUd ................. 31 88 24 86  5 72 98 58 86 71  6 12 93 80 87 24 71 10 20  3 40  6 14 87 34 96 53 51 26 -3  6 62 90 35 47 100 39 76 89 24 78 100 73 71 79 92 26 81  1 51 16 46 94 35 64 28 63 48 84 94 50 95 55 72 62 33 71  0 40 92 61 18 91 66 20 -4 : 53.2
PWXlaz, xaeoz ...........................  7 72 12 46 40 100 13 53 47 32 54 42 62 41 37 52 48 13 52 11 56 79 39 58 18 82 86 -2 95 13 71 33 90 88 10 62 87 61 14 65 98 74  6 91 14 49 75 99 99 26 41 86  4 11 44 60 99 29 95 19 79 65 89 100 84 -2 61 -4 64  7 66 94 86 78 84 31 : 53.2
zuDS, myRwzo ............................ 31 35 72  1 89 39 33 100 72 27 71 56 60 53 81 95 90 85 47 88 90 59 84 20 77 -1 44 59 -5 89 41 31 55 45 69 75 15 33 74 92 98 76 79 57 28 59 52 50 43 30 37 65 94 52 16 -4 56 65 93 88 53 33 18 39  9 18 14 29 57 93 52 54 -5 63 42 60 : 53.1
bLY, IScwaSVqssjXfAt .................... 91 65 42 51 31 48 85 16 73 95 86 77 75 42 98 44 32 76 83 79 -2  0 51 47 67 38 54 83 84 87 63 74 83  4 57 14 89 41 67 61 36 84 70 42 25 99 17 94 74  0 73  4 37 23 56  3 98 42 18 81 28 12 87 42 22 43 61 10 89 28  3 56 43 78 29 74 : 53.1
dJ, WjzEovNgS ........................... 68 63 93 26 87 48 -1 11  9 73 22 90 92  3 90  8 92 28 86 83 96  7 45 22 39 85 74 -4 46 -4 55 46 97 47 77  9 27  7 25 73 86 52 62 77 92 83 17 83 10  2 66 37 14 42 65 90 26 38 91  4 72 77 55 68 56 31 82 88 44 39 60 61 96 53 69 88 : 52.8
TzkUDck, gZOMv .......................... -5 28 72 33 -2 77 26 12 74 11 90  0 59 75 45  0 72 23 76 33 78 85 91 100 69 86 58 38 28 99 95 29 27 98 67 62 75 25 80 80 41 69 85  0 75 61  5 46 89 12 85 98 -4 75 97 -4 92 86 40 20 85 66 54 43 63 52  4 37 82 15 16 55 16 32 60 96 : 52.8
XLoD, bQbHki ............................ 11 32 97 33 100 97 51 80 27 44 28 77 10 26  0 95 37  5 76  3 92 25 55 66 50  4 51 99 48 87 52 64 18 80 -3 50  3 53 29 67 -4 94 43 44 20 49 70 62 91 78 -4 83 34 88 48 89 23 31 87 77 17 70 40 73 81 74 54 15 59 88 88 92 82 30 67 33 : 52.4
pTsfWxbiIF, KtCAFTJDpPZqHHd ............. 89 50 -3 -1 87 34 10 38  7 55 60 69 66 84 74 54 48 79 95 16 34 45 28 25 32 27 77 18 56 69 91 76 18 19 81  4 90 22 79 -4  8 71 -4 79 86  1 32 34 86 27 87 51  3 14 81 40 79 89 63 66 57 85 41 80  3 53 90 98 80 100 25 93 70 59 72 88 : 52.4
QEus, Pj ................................ 63 23 29 91 75 62 83 -4 29 95 62 25 82 99 37 84 38 76 94 61 71 51 95 57 38 33 75 49  0 11 67 100 71 -4 16 77 95 30 78 56 24 72 86  5 70 22 95  7 29 14 -1  0 71 99 94 40 64 -5 94 -5 11 61 26 13 94 47 96 88 82 -1 43 37 76 60 48 45 : 52.2
EVO, qjeBnpc ............................ 50 85 94 45 51 55 90 -4 51 67 79 41 30  7  9 19 61 50 42 49 73 65 68 47 66 10 67 25 15 62 73 70 78 98 46 28 52 35 29 35  1  8 81 69 52 95 93 44 77 66 98 49 30 97 -4 28  6 100 58 59 61 62 28 70 59  6 30 42 46 64 82 85  3 63 53 92 : 52.2
TMewxI, LtOgTZxflH ...................... 87 15 69 15 54 82 73 19 30 12 47 61 24  6 68 43 52 54 39  6 25 74 38 10 12 21 26 71 60  7  7 46 59  8 98 12 95 71 36 24 88 88 90 43 99 57 17 83 42 62 94 73 35 64 14 84 16 78 54 82 90 98 59 80  5 57 97 31 59 64 60 78 52 81 53 82 : 52.2
ChvskoqFIw, HvzFEYGYlpvI ................ 37  8 56 66 37 39 49 69 17 -5 93 74 41 85 51 60 30 21 46  7 47 57 91 90 83 37 77 71 19  6 83 61 51 70 26 94  9  7 62 63 39 86 36 86 70 93 77 32 13 23 44 65 85 35 55 68  3 63 70 28 75 85 20 57 54 84 50 68 96 43 63 66 61 -2 51 30 : 52.1
oeWMDC, RoVJcMrqkgMaJ ................... 41 88 91 19 11 10 68 29 67 54 45 20 56 23 19 22 72 38 98 71 50 58 50 84 72 42 26 73 19 97 11 98 10 33 48 26 48 16 93 14 75 37 71 31 97 22 58 68 97 88 71 47 45 52 62 48 99 94 20 17 90 68 46 -1  0 100 62 53 47 86 -1 21 54 75 89 51 : 52.0
OPCrMAScCnI, mVQ ........................ 62 70  2 64 38 97 55 64 95 15 88 41 96 78 26 41 85 86 17 54 96 73 12 13 64 51 11 17 14 55 85 81 56 18 44 99 14 30 94 40 82 82 87  3 91 44 50 76 61 72 61 56 77 78  1 72 28 17 94 47  4  4 59 65 27 35 96 78 -4 89 18 84 -4 36 18 19 : 51.9
VlaOOl, Pvy .............................  9 37 69  1 69  4  3 61 99 57 86 22 56 12 61 23 17 92 81 77 47 36 98 82 69 78 78  3 16 79 74 62 16 42 100 16 83 35 82  7 23 67 35 10 84 27 38 32 50 50 40 -4 18 69 84 92 46 93 26 99 72 -1 92 93 78 18  8 60 90 95 72 12 93 38 28 77 : 51.9
RAgWAe, CQinjOWUZvgt .................... 83  2 95 16 56 41  6 42 19 100 97 70 34 64 75 26 87 57 75 20 48 59 80 68 -5 29 60  5 61 91  5 75 24 31 97 11 77 34 91 -4 66 87 -3 -1 82  4 62 68 66 36 19 13 100 31 86 26 65 77 36 57 100 79 32 23  9 28 72 18 99 62 51 64 80 85 100 61 : 51.9
KxkyDKBKzrRkqjL, IyDkZSoEBAy ............ 15 99 68 26 44 61 92  7 22 93 64 62  5 20 65 57 69 81 44 86 50 61 69 32 49 44 64 62 39 14 27 59 12 100 90 61 93  7 -1 14 -1 69  7 42 94 77 -2 94 57 80 79 39 40 79 76 94 22 39 88 98 91 14 88  2 46 77 -5 38 16 -1 57 52 -1 69 99 99 : 51.8
qdnAyOEESXR, TSdipy .....................  4 -4 83 16 78 50 87 72 76 96 70 85 73 11 75  7 14 74 52  4 72 92 66 22 75 11 -3 13 92 45 84 27 79 98 80 56 48 99 59 55 94 60 39 67 76 45  5 21 18 94 62 22 86 28 49 60 44 83 78 67 60 94 100 38 91  5 25 38  3 15 24 -3 80 -5 -5 87 : 51.8
MALikmISFtPJ, SdCbi ..................... 10 95 79 15 -3 98 33 17 98 63 69 12 22 39 74 13 45 15 62 -1 100 22 48 82 85 25 47 65 48 40 77 63 66 55 83 68 84 16 16  8 10 91 25 38 61 -1 56  5 51 49 41 82 76 94 63 93 50 42 57 -3 87 65 97 52 52 80 52 67 27 73 80 74 95  5 43 55 : 51.8
RrE, IndkqarFKECbMMj .................... 93 54 46 39 27 34 87  1 79 44 97 95 -1 93  9 23 19 38 17 77 78  3  6 15 27 22 30 98 11 95 88  4 48 33 80  6 -2 66 12 82 42 40 77 78 65 17  0 89 61 54 97 70 62  2 91 94 62 20 91 78 14  4 13 99 74 99 37 78 96 54 91 37 100 67 14 96 : 51.8
mJRJJ, rIJEazc .......................... 12 72 81 92 44 68 80 83 36 32 82 37 46 78 61  4 -5  6 50 99  1  7 87 47 48 53 50 88 44 78 98 61 49 78 53 24 77 64 39 13 -5 20 87 78 29 47 13 30 58 100 28 96  7 15 42 60 -1 97 80 49  1 77  9 87 54 99 11 62 94 87 80 20 38 99 -3 72 : 51.8
hALBl, lNKgmxkHTlubJ .................... 25  1 23 78 86 46 83 19 66 34 13 43 73 14 43 53 63 56 58 72 93 27 37 41 71 85 53 91 36 54 84 98 60  6 75 78 90 90 -4 55 55 46 -2 28 97 78 12 91 33 75 62 58  1 30 -2  3 46 88 100 87 42 83 84 33 21 91 10 42 80 11 -4 34 62 31 99 58 : 51.7
prlfYrKe, GMKVTYHwqz .................... 47 57 95 78 15 73 73 50 81 49 63 45 -2 61 93 33 58 98 76 32 32 88 99 -2 46 17 79 20 17 68 96 69 24 91 78 76 95 50 25  1 -2 20 51 34 12 44 -2 75 73  6 38 36 25 37 72 76 91 50 27  7 18 22 81 79 44 90 55 71 40 11 77 75 68 60 40 85 : 51.7
