jTjAXJsHqHMmTxt, oE ......... 33 92 71 65 75 42 64 21 12 100 72 65 100 46 79 56 35 60 96 43 78 86 84  5 24 90  6 42 -1 85 81 70 76 84 66 51 25 30  3 75 61  7 71 60 58 81 47 98 72 42 72 49 : 57.8
nYNAHsJKKyKSWi, qzQFoP ...... 57 45 66 90 76 86 74 83 13  5 57 83 28 90 94 48 23 46 50 97 29  7 68 97 99 64 13  2 94 96 -4 82 40 99 71 48 85 45 62 29 55 18 44 14 39 37 67 99 88 49 96 48 : 57.5
cc, RhjEvLXKpShKtgl ......... 32 34 86 27 87 51  3 14 81 40 79 89 63 66 57 85 41 80  3 53 90 98 80 100 25 93 70 59 72 88 65 35 21 82 99 39 32  1 59 44 46 69 32 40 34 94 24 80 74 32 33 95 : 57.2
aNj, NhrOQZ ................. 16 78 54 82 90 98 59 80  5 57 97 31 59 64 60 78 52 81 53 82 70 75 96 11 36 90 15  2 85 67 91  0 44 76 13 65  0 78 44 42 66 72 79 56 35 70 33 92 51 91  0 52 : 57.2
mYbhpUktQmauV, IYy .......... 72 18 99 62 51 64 80 85 100 61 94 62 28 59 29 85  4 29 15 21 92 85 30 60 41 29 38 78 89 84 37 92 33 36 53 89 31 32  0 31 24 99 98 58 90 26 42 25 92 62 83 84 : 56.9
uAovabBTLuLe, VQ ............ 22 68 81 61 64 55 -1 81 71 40 33 79 18 96 58 29 55 87 39 13 80 67  4 87 63 23 29 91 75 62 83 -4 29 95 62 25 82 99 37 84 38 76 94 61 71 51 95 57 38 33 75 49 : 56.9
hRVHgz, amjmlh .............. 14 87 34 96 53 51 26 -3  6 62 90 35 47 100 39 76 89 24 78 100 73 71 79 92 26 81  1 51 16 46 94 35 64 28 63 48 84 94 50 95 55 72 62 33 71  0 40 92 61 18 91 66 : 56.8
jL, xJnCMKzDSZoduP .......... 27 46 31 76 85 42 52 91 60 57 95 85 55 76 99  7  6 25 67 48 78 24 70 70 76  1 31 86 47 75 49  5 52 11 86 68 58 69 91 49 25 85 66 85 92 64 24 -3 94 96 50 -3 : 55.8
logQFJkb, bwL ............... 99 29 95 19 79 65 89 100 84 -2 61 -4 64  7 66 94 86 78 84 31 58 58 29 56 16 76 41 57 92 16 48 16 82 42 72 60 38 60 92 21 64 84 22 59 96 94 52  7 -3 68 43 60 : 55.8
FwuD, mZIfW ................. 16 96 85 47 98 56 95 65 73 21 98 76 14 86 72 19 31 92 90  4 70 60 60 55 98 19 25 17 53 81 96 74 76 81 21 -1 68 47 69 40 73 67 16 19 84 19 75 14 11 97 55 12 : 55.5
WqhAeVJpLHj, bvL ............ 36 89 87 15  3 76 81 76 85 80 80 28 18 72  3 80 50 73  2 91 94 51 -2 91 68  0 89 -1 99 -2 52 35 92 70 87 100 77 68  2 61 47 87 20 -4 90 60 81 40 32 88 62 25 : 55.5
Ucw, bToV ................... 51 28 65 100 64 46 41 21  9  7 74 95 79 89 71 59 80 96 61 43 75 39 86 44 60 -4 38 40 65 -1 80 47 32 77 78 27 54 19 53 69 63 26 95 41 47 65 -1 26 92 97 75 98 : 55.4
rPxIWos, ergphafeCgFZq ......  2 19 28 59 70 68  4 14 57 84 68 77 18 92 22 -1  3 79 62 19 100 97 78 44 89 51 65 52 83 50 66 90 74 25 49 75 99 90 95 55 -1 94 31 22 85 90 58 19 -5 20 76 100 : 55.0
mhPUhk, IPaBDGaNswuu ........  4 25 71 100 75 60 97 11 76  8 29 72 61 95 73 66 72 76 60 59 46 77 19 12 22 43 92 76 84 31 62 93 94 32 18 68 97 14 85 -1 59 45 76 20 39 49 91 10 56 50 74 33 : 54.9
xO, YpzNsqutXg .............. 71 55 96  8 33 -5 22 93 58 51 91 31 25 18 100 71 69 93 75 17 66 62 66 33 19 62 48 34 95 82 99 97 36 94  5 74 20 32 98  9 89 88 46 45  5 77 48  5 69 54 60 66 : 54.9
McFoWI, CdDEGbcBxPmVA ....... 50  9 38 73 74 89 88 100 98 83 82 61 58 -2 11 31 32 79 52 42 40 91 56 80 93 74 56 33 74  4 37 55 50  6 60 56 100 47 87 97 61 68 89 50 -3 -1 87 34 10 38  7 55 : 54.6
VHfzPlm, PNnRKwl ............ 19 23 36  4 77 29 97 20 37 70 100 52 69 100 69 92 82 61 -5 88 31 56 23 36  9 19 99 30 53 94 49  3 16 90 44 24 50 73 49 92 42 81 75 43 80 43 66 93 36 67 80 72 : 54.6
XfPrZrODipmC, WheuIq ........ 62 57 17 76 20  9 26 94 27 14 92 91 95 45 26 47 40 75 84 78 93 42 75 77 85 -4 22 98 46 89 80 40 45 -3 15 71 43 79 96 75 98 87 97 18 63 54 -3 35 29 86 12 21 : 54.5
hDRo, Lbm ................... 69  7 77 19 84 -3 90 78 47 61 97 96 16 68 84 43 71 31 70 82 78 25 32 31 86 74 58 50 67 20 97 35 64 73 92 47  2 81 25 54 73 53 49 20 20 32 69 96 -5 70  3 78 : 54.5
OuigN, MkgtnFpt ............. 28 -5 99 63 37 43 32 51 26 11 86 46 84  1 60 89 92 57 24 25 63 74 19 60  3  7 40 24 91 88 53 50 88 84 12 57 58 50 39 90 66 25 67 81 63 26 70 55 88 99 85 82 : 54.0
CUSfwq, TNQMRKKoo ........... 85 97 44 79 41 10 35 77 65 84 68 77 86 34 74  6 68 46 38 54 47 95 93 67 81 34 74 97 64 33  9 49 61 58 59  1 74 25 83 70 40 82 46 25 48 51 37 47 -4  6  0 80 : 53.8
OlRFY, XxAjB ................ 90 89 75 87 80 36 96 86 38 73  0  7 36 29 55 -2 60 58 41 55 17 15 40 96  6 70 17  6 49 78 94 39 98 100 57 77 35 52 62  4 56 100 48 98 28  2 -5 94 65 73 48 88 : 53.8
NmodYCguIHeX, Te ............ 35 96 18 88 67 75 70 37  2 96 17 65 -2 100 94 82 57 64 -4 10  1 -1 13 73 64 93 28 43 22 51 30 94 46 86 81 44 60 82 86 99 77 35 95  6 66 88 93 54 84 21 -4 16 : 53.7
gSuuuvygEkctpQo, bdE ........ 17 57 69 89 43 91 83  0 -5 11 57 20 100 44 95 35 91 73 83 34 73 17 20 91  4 27 42 100 72 93 66 94 81 67  8 23 57 96 61 89 38 17 41 38 98 35  4 14 39 93 85 12 : 53.5
ULAiUJmG, MDZVYJcujZZRO .....  5 81 32 67 40 85 21 25 97 38 60 98 63 98 68  7 44 68 46 77 -4 -3 37  3 55 17 96 82 90 86 32 26 66 69 98 38 85 50 68  7 93 27  4 55 57 78 99  0 45 44 82 79 : 53.5
fsQwqAE, jAarwOscuq ......... 16 61 76 14 66 94 82 33 49 58 28 63 26 92 47 54 53 92 10 100 68 16  1 41 66 34 35 98 97 25 32 12 18 39 63 89 33 77 53 13 34 12 82 97  3 60 83 62 83 98 93 50 : 53.5
