LvbLYU, SVqssjXf . 42 51 31 48 85 16 73 95 86 77 75 42 98 44 32 76 83 79 -2  0 51 47 67 38 54 83 84 87 63 74 : 59.3
cuEPNhZCN, upMD .. 84 57  2 23 22 59 54 86 75 58 70  6 29 28 94 78 42 49 38 56 96 89 81 79 78 37 79 63 79 53 : 58.1
YNAHsJKKy, RoZwuaNQqzQFoPF  63 55 97 91  3 25 78 63 57 45 66 90 76 86 74 83 13  5 57 83 28 90 94 48 23 46 50 97 29  7 : 57.4
sjMlhjwGcJ, rBTh . 88 99 11 92 41 98 100  8 27 89 36 86 91 61  9 67 37 16 100 97 88 17 16 73 31 38 95 45 -3 65 : 57.3
hDRo, Lbm ........ 69  7 77 19 84 -3 90 78 47 61 97 96 16 68 84 43 71 31 70 82 78 25 32 31 86 74 58 50 67 20 : 56.9
bBCCYoCujC, uHOGyhg  58 91 21 98 29 93 47 76 91 85 14 76 23 77 69  5 51 27 92 91 33 99 22 32 39 63 62 70  2 64 : 56.7
RvUPYiJEWOPMV, rVM  61 30 -4 57 62 74 76 93 49  9 69 27 18 63 44 95 71 64 65 98 31 97 12 77 13 98 23 79 96 39 : 56.2
CTvPdRIF, zFoI ... 57 100 10 85 83 42 52 58 18  9 10 40 100 84 98 88  0 87 45 82 12 97 25 61 11 95 65 61 34 73 : 56.1
TkYxZodaj, cg .... 39 40 69 14 56 45 79 80 38 61 85 91 29 57  0 52 14 10 99 89 82 11 91 81 95 62  1 78 65 62 : 55.8
xj, qxkUZOOJiC ... 38 40 65 -1 80 47 32 77 78 27 54 19 53 69 63 26 95 41 47 65 -1 26 92 97 75 98 68 92 73 27 : 55.4
hkWmCqdQ, TkTVNUjamvV  38 78 89 84 37 92 33 36 53 89 31 32  0 31 24 99 98 58 90 26 42 25 92 62 83 84 78 12 43 18 : 55.2
SeKVnAzmr, rRBBEfzYkzJ  96 29 61 45 39 75 66 84 46 73 34 11 100 82 24 86 54 62  8 50 88 90  1 92 26 54 77 -1 83 18 : 55.1
RYouruKmK, DvZLqIZihI  26 91 69 38 32 92 97 64 33 25 55 80 42 97 77 34 11 -2 45 24 31 88 24 86  5 72 98 58 86 71 : 55.0
TyJZcPtcthtkWJ, FYIQaKa  10 33 48 26 48 16 93 14 75 37 71 31 97 22 58 68 97 88 71 47 45 52 62 48 99 94 20 17 90 68 : 54.8
FCoA, njCHTvWb ... 99 59 87 61 60  9 100  2 87 71 88 29 93 91 100  8 44 85 16  8 70  7 37 17 49 31 53 56 49 72 : 54.6
