DZmkOAfwaCTyF, PvRufSd ........ 80 46 53 91  9 78 26 58 89 60 72 86 92 92 26 36 69 89 81 58 90 54 74 96 78 88 51 72 81 88 99 92 33 51 82 79 60 39 68 49 30 40 66 22 63 98 95 63 86 76 52 75 29 25 -4 39 : 63.8
TZF, UNzXGboBnDVzB ............ 93 76 77 98 34 98 61 99 85 74  0 33 67 63 30 14 25 44  2 100 45 52 -5 88 19 95 98  9 63 86 72 87 93 48 84 27 77 76 57 93 50 62 25 48 24 93 67 86 68 74 12 44 57 12 32 81 : 58.4
sbwfJ, WpCgHIplacY ............ 35 60 96 43 78 86 84  5 24 90  6 42 -1 85 81 70 76 84 66 51 25 30  3 75 61  7 71 60 58 81 47 98 72 42 72 49 59 87 59 15 77 70 94 81 55 74 50 62 89 16 12 46 83 53 20 75 : 56.9
peVekyP, eozKcStjXohtoO ....... 18 82 86 -2 95 13 71 33 90 88 10 62 87 61 14 65 98 74  6 91 14 49 75 99 99 26 41 86  4 11 44 60 99 29 95 19 79 65 89 100 84 -2 61 -4 64  7 66 94 86 78 84 31 58 58 29 56 : 56.7
sDkalQWFJmzqzG, TajeYtWqvZFQ .. 94 73 76 97 99 62 40 57 67 10 89 64 87  3 61 34 20 95 67 30 33 58 62 62 52 40 58 93 27 58 -4 20 30 77 17 61 70 94 49 68 35 69 32 54 78 24 93 29 50 91 64 88 48 57 81 31 : 56.7
nI, UoBeUQDS .................. 62 70  2 64 38 97 55 64 95 15 88 41 96 78 26 41 85 86 17 54 96 73 12 13 64 51 11 17 14 55 85 81 56 18 44 99 14 30 94 40 82 82 87  3 91 44 50 76 61 72 61 56 77 78  1 72 : 56.0
DHwZgGlgTwszSxp, vbFYwFtBFs ... 36 25 64 72 96 73 50 50 96 16 54 88 30 97 49 31 43 45 58 92  0 50 46 75 51 54 10  6 48 91 98 89 15 61 92 11 65 42 98 60 95 52 47 24 80 27 61 23 78 50 14 83 -1 98 57 87 : 55.4
RJTwfkLvbLY, rAETngTIScwaSV ... 91 65 42 51 31 48 85 16 73 95 86 77 75 42 98 44 32 76 83 79 -2  0 51 47 67 38 54 83 84 87 63 74 83  4 57 14 89 41 67 61 36 84 70 42 25 99 17 94 74  0 73  4 37 23 56  3 : 55.1
fRMelUBko, lWuFOSXkqrAad ...... 92 11 93 69 82 12 87 50 87 61 47 74 34 91 75 57 30 87 47 79 26 32 38 34  1 32 15 96 71 67 22 62  9 46 62 96 63 48 78 82 41 24 55 80 14 30 68 81 48 14 59 79 84 29 45 90 : 55.1
aWn, RckvBFhOh ................ 28 49 96  1 18 11 23 95 50  3 68 78 57 98 83 -2 76 100 95 67 22 91 30 35 79 68 76 73 26 79 64 60 27 59 98 50 76 20 77 57 29 44 67 17 73 81 52 48 80 46 47  2 36 82 74 46 : 55.1
MuAovabB, EFdbfQtvvuQCoV ...... 97 92  1 96 14 11 23 14 28 93 22 68 81 61 64 55 -1 81 71 40 33 79 18 96 58 29 55 87 39 13 80 67  4 87 63 23 29 91 75 62 83 -4 29 95 62 25 82 99 37 84 38 76 94 61 71 51 : 55.0
CsuIaksmw, FgzDqwvztRdVIoX .... 94 88 44 77 42 43  9 100 69 86 18 82 93 78 75 38 24 36  0 54 65 26 90 28 64 87 19 23 36  4 77 29 97 20 37 70 100 52 69 100 69 92 82 61 -5 88 31 56 23 36  9 19 99 30 53 94 : 55.0
EX, HMw ....................... 38 40 38 65  5  1 -1  7 77 81 91 81 37 45 29 -3 93 31 88 28 92 36 60 56 87 36 -1 97 30 73 90 73 12 27 69 55 65 73 99 42 86 89 54 54 65 14 88 58 51 76 91 74 43 83 61 29 : 54.6
NKeRqNoDITHgZzY, wyZYrDCawY ... 95 23 62 73 72 61 59 64 92 19 39 100 20 100 88 68 45 68 51 -5  2 65 30 65 68 97 87 33 50 99 57 44 21 18 48 98 85 38 94  2 62 32  2 14 63 21 87 40 95 69 40 -4 34 76 98 33 : 54.6
azFd, huMYswYKcwcZpuR ......... 61 94 83 98 72 -1 14 39 77 16 44 37 94 36 81 61 93 30  6 64 36 97 92 41 73 49 81 79 33 30  6 99 56 94 96 27 99  9 -3  1 63 78 75 56 45 87 48 38 17 91 33 58 13 56 -1 91 : 54.3
sQSdaNjvp, xqNh ............... 90 98 59 80  5 57 97 31 59 64 60 78 52 81 53 82 70 75 96 11 36 90 15  2 85 67 91  0 44 76 13 65  0 78 44 42 66 72 79 56 35 70 33 92 51 91  0 52 98 -5 68 33 16 15 73  0 : 54.3
czfkLojPPrxI, XPCC ............ 66 34 35 98 97 25 32 12 18 39 63 89 33 77 53 13 34 12 82 97  3 60 83 62 83 98 93 50 45 99 22 42 65 95 40 93 51  3 36  0 80 -1 95 44 81 79 62 46 97 75 43 31 34 25 98 16 : 54.2
oBY, VsDE ..................... 92  2 97 -1 100 53 95 76 64 57 82 15 19 72 21 56 60 62 81 35 27  6 27 -1 61 87  9 49 50 51  5 73 59 33 78 58 91 -2 65 55 60 79  1 84 50 60 71 41 21 83 81 53 94 40 89 87 : 53.8
rKhYNmodYCguIHe, vHu .......... 91 88 35 96 18 88 67 75 70 37  2 96 17 65 -2 100 94 82 57 64 -4 10  1 -1 13 73 64 93 28 43 22 51 30 94 46 86 81 44 60 82 86 99 77 35 95  6 66 88 93 54 84 21 -4 16 25 14 : 53.8
TPbYspp, WllNK ................ 81 44 82 73 78 32 38 66 17 39 11  6 89 20 70 94 25  1 23 78 86 46 83 19 66 34 13 43 73 14 43 53 63 56 58 72 93 27 37 41 71 85 53 91 36 54 84 98 60  6 75 78 90 90 -4 55 : 53.7
OhTfCf, FGKJaJUX .............. 48 14 90 61 68 78 67 73 44 39 92 44 25 47 64 23  3 90 43  8 98 86 -3 98 -1 62 84 48 36 89 87 15  3 76 81 76 85 80 80 28 18 72  3 80 50 73  2 91 94 51 -2 91 68  0 89 -1 : 53.7
ZMVblGuXwfRLY, eR ............. 37 47 59 90 75 69 79 17 64 44 100 61 -1 62 71 81 16 28 96 54 73 19 49 17 96 15 52 82 24 48  7 66 27 -3 88  1 -2 98 55 99 41 86 59 78 79 29 58 26 95 85 86 67  3 34 89 30 : 53.7
KoFeG, KMxUhyp ................ 53  0 60 71 20 -3 19 74 16 96 85 47 98 56 95 65 73 21 98 76 14 86 72 19 31 92 90  4 70 60 60 55 98 19 25 17 53 81 96 74 76 81 21 -1 68 47 69 40 73 67 16 19 84 19 75 14 : 53.6
GMaGtIt, bJJsZFRR ............. 27 85 100 -4 85  1 29 -5 63  7 33 26 55 24 25 52 21 41 81 58 -5 56 96 52 100 83 -5 70 58 100 61 90 84 60 17 100 99 84 100 93 22 32 19 82 62 81 66 88 53 46 45 53 33 73  4 32 : 53.4
hDRo, Lbm ..................... 69  7 77 19 84 -3 90 78 47 61 97 96 16 68 84 43 71 31 70 82 78 25 32 31 86 74 58 50 67 20 97 35 64 73 92 47  2 81 25 54 73 53 49 20 20 32 69 96 -5 70  3 78 26 40 41 44 : 53.3
ybpmdhpW, sTLiOg ..............  0 94 36 80 30 85 89 67 78 79 70 27 42 78 33 14 88 37 21 64 14 50 -2 42 84  8 83 57 67 79 78 72 -2 45 83 65 62 71 32 71 81 33 -3 55 10 68 74 29 36 100 98 55 49 28 28 64 : 53.1
fXv, orcmKtJJHa ............... 42 49 38 56 96 89 81 79 78 37 79 63 79 53 28 95 41 36 17 69 100 76 54  0 66 55 43 100 88 36  4 30 90 47 91 11 35 72 22 45 40  0  7 51 90 40 45 63  7 99 63 38  0 16 75 71 : 53.1
AsZ, YlpN ..................... -1 99 100 90 37 63  7  2 66  4 99  0 14 67 62 40 75 43 95  0 50 25 57 37 18 53 85 22 96 82 51 100 80 82 15 48 76 28 55 73 69 85 79 88 52 40 59 26 14 85 64 69  9 20 38 65 : 52.8
