EGNB, TyTeDk ... 25 52 21 41 81 58 -5 56 96 52 100 83 -5 70 58 100 61 90 84 60 17 100 99 84 100 93 : 64.3
en, hnYPbTRA ... 57 98 83 -2 76 100 95 67 22 91 30 35 79 68 76 73 26 79 64 60 27 59 98 50 76 20 : 61.8
aKClnReIeVN, CQSTSRx  94 96 -4 82 40 99 71 48 85 45 62 29 55 18 44 14 39 37 67 99 88 49 96 48 93 63 : 59.9
hDRo, Lbm ...... 69  7 77 19 84 -3 90 78 47 61 97 96 16 68 84 43 71 31 70 82 78 25 32 31 86 74 : 58.2
RJTwfkLvbLY, WrAETngTIScwaSV  91 65 42 51 31 48 85 16 73 95 86 77 75 42 98 44 32 76 83 79 -2  0 51 47 67 38 : 57.3
Tzc, qs ........ 22 76 64 31 65 -4 46 -1 73 37 90 91 72 34 49 74 97 48 24 73 42 47 86 60 92 97 : 57.1
oCujCc, YM ..... 21 98 29 93 47 76 91 85 14 76 23 77 69  5 51 27 92 91 33 99 22 32 39 63 62 70 : 57.1
cthtkWJ, JFYIQaKaIxSqnIt  10 33 48 26 48 16 93 14 75 37 71 31 97 22 58 68 97 88 71 47 45 52 62 48 99 94 : 55.8
NcBuagxKA, ATdHgX  53 53 44 54 40 75 89 90 96 87 88 77 -2 41 -1 79 79 -1 52 86 20 19 50 81 35 27 : 54.3
VrZnCMUEd, IVFiZtvHACdKL  47 100 62 59  0 58 69 23  1 59 97 74 100  1 79 91 30 27 25 50 58 65 66 59 89 21 : 54.2
uVvHVushkWmCqd, puNTkTV  41 29 38 78 89 84 37 92 33 36 53 89 31 32  0 31 24 99 98 58 90 26 42 25 92 62 : 54.2
RazSeKVnAzm, RBBEfzY  10 -2 96 29 61 45 39 75 66 84 46 73 34 11 100 82 24 86 54 62  8 50 88 90  1 92 : 54.0
ulvLYvD, CijdOAECogAJjg  14 79 43 90 99 51 92 93 36 26 35 99 35 66 100 42 -2 41 30 61 70 60 39 17 91 -5 : 53.9
