DztN, aByv ................................ 32 81  6 61 96  0 46 99 92 38 79  2 -4 87 83 58 80 64 19 36 11 80 28  9 98 -5 89  9 45 77 58  8 58 69 74 85  1 19  9 24 62 93 31 96 80 46 53 91  9 78 26 58 89 60 72 86 92 92 26 36 69 89 81 58 90 54 74 96 78 88 51 72 81 88 99 92 33 51 82 79 : 58.5
qw, gjckPUyt .............................. 36 75 57 56 100  4 92 95 35 18 74 79 67 19 88 88 74 27 16 63 27 56 82 76 17 93 58 66 16 63  8 89 38 -4 44 69  6 36 95 78 91 68 89 58 93 76 77 98 34 98 61 99 85 74  0 33 67 63 30 14 25 44  2 100 45 52 -5 88 19 95 98  9 63 86 72 87 93 48 84 27 : 57.7
Bzcmt, UFdKDNJ ............................ 65 100 85 90 17 35 26 89  1 27 11 98 62 41  7 11 89 100 75  0 23 56 71 92 19  7 62 48 73 99 57 69 25 74 90 79 40 15 68 46 80 10 76 73 56 14 89 76 13 63 81 74 50 84 65 74 96 59 22 100 57 10 100 13 15 90 98 60  4 65 38 15 80 45 93 67 64 81 42 82 : 56.5
bZG, QuRYYnmTXqFAx ........................ 57 -5 93 100 30 33 28 12 65 94 99 79 82 -5 11 33 62 63  6 98 17 60 31 74 79 91 98 97  8 40 20 -4 40 44 27 75 83 60 93 79 85 17 89 66 49 -1 31 11 99 42 40 48  1 76 53 85 98 50 81 37 95 32 70 35 82 -4 41 64 94 65 74 78 88 62 76 36 98  6 84 96 : 56.0
mTxtDS, unWpCg ............................ 75 42 64 21 12 100 72 65 100 46 79 56 35 60 96 43 78 86 84  5 24 90  6 42 -1 85 81 70 76 84 66 51 25 30  3 75 61  7 71 60 58 81 47 98 72 42 72 49 59 87 59 15 77 70 94 81 55 74 50 62 89 16 12 46 83 53 20 75 65 22 67 22  2 13 51 79 93 22 28 83 : 55.8
Gq, SsFQjN ................................ 100 22 48 82 85 25 47 65 48 40 77 63 66 55 83 68 84 16 16  8 10 91 25 38 61 -1 56  5 51 49 41 82 76 94 63 93 50 42 57 -3 87 65 97 52 52 80 52 67 27 73 80 74 95  5 43 55 41 31 65 97 85  6  5 93 31 73 85 87 46 73 89 64 38 86 16 21 97 -1 93 55 : 55.7
fj, ODypy ................................. 90 61 68 78 67 73 44 39 92 44 25 47 64 23  3 90 43  8 98 86 -3 98 -1 62 84 48 36 89 87 15  3 76 81 76 85 80 80 28 18 72  3 80 50 73  2 91 94 51 -2 91 68  0 89 -1 99 -2 52 35 92 70 87 100 77 68  2 61 47 87 20 -4 90 60 81 40 32 88 62 25 70 65 : 55.6
qEdCnjemnUNBjd, nLNSs ..................... 78 52 84 83 83 72 47 32 -5 95 38 45 34 86 70  9 52 75 85 43 94 83 51 90 74 93 60 99 61 87 68 38 39 83 52 53 54 -2 90 87 98 60 31 63 45  0  3 -4 80 19 44  0  1 100 95 80 92 54  4 84 41  3 53 11 91  4 69 76 39 90 62 36 49 24 30 99 29 38 26 41 : 54.7
yNuceNw, tQKoiIxmZRh ...................... 91 76 18 19 81  4 90 22 79 -4  8 71 -4 79 86  1 32 34 86 27 87 51  3 14 81 40 79 89 63 66 57 85 41 80  3 53 90 98 80 100 25 93 70 59 72 88 65 35 21 82 99 39 32  1 59 44 46 69 32 40 34 94 24 80 74 32 33 95 61 44 94 18 37 96 82 40 83 78  6 35 : 54.6
yk, IERXGOGki ............................. 37 84 38 76 94 61 71 51 95 57 38 33 75 49  0 11 67 100 71 -4 16 77 95 30 78 56 24 72 86  5 70 22 95  7 29 14 -1  0 71 99 94 40 64 -5 94 -5 11 61 26 13 94 47 96 88 82 -1 43 37 76 60 48 45 88 74 89 16 93 93 53 95 92 79 34 87 79 60 13 21 52 44 : 54.0
wEuoiAJJDgZP, qlQWDcYW .................... 11 55 36 65 81 100 41 75 10 99 23 62 52 80 84 99 -3 67 44 51 68 28 -4 10 81 91 55 19 36 65 14 52 52 56 16 32 87 94  6 -3 93 66 96 76 46  5 74 80 77 17 62 76 82 64 92 63 54 46 13 22 42 65  5 99 52 59 63 38 52  0 72 76 72 67 51 49 78 57 28 86 : 53.8
wx, ZDPsbJJsZF ............................ 85 97 31 23 76  1 19  7 88 44 39 43 68 92 27 85 100 -4 85  1 29 -5 63  7 33 26 55 24 25 52 21 41 81 58 -5 56 96 52 100 83 -5 70 58 100 61 90 84 60 17 100 99 84 100 93 22 32 19 82 62 81 66 88 53 46 45 53 33 73  4 32 55 37 33 44 36 100 65 52 91 88 : 53.8
LYFmJPP, hIyoTDPpKZGZUd ................... 31 88 24 86  5 72 98 58 86 71  6 12 93 80 87 24 71 10 20  3 40  6 14 87 34 96 53 51 26 -3  6 62 90 35 47 100 39 76 89 24 78 100 73 71 79 92 26 81  1 51 16 46 94 35 64 28 63 48 84 94 50 95 55 72 62 33 71  0 40 92 61 18 91 66 20 -4 57 51 82 63 : 53.7
JxVvr, LVEORo ............................. 76 22 100 76 67 94 -4  7  0 11  5 78 56 73 94  0 63 49 50 65 21 100 96 76 62  9 60 93 64 11 60 39 70 91 46 36 84 79 80 16 96 16 25 51 94 18 56 57 72 37 21 98 37 49  0 30 63 65 22 58  7 13 28 83  3 80 50 92 58 62 39 85 83 69 35 77 92 23 65 96 : 53.5
UOWGNZ, iEqyK ............................. 78 55 15 31 59 37 74 80 26 70 80 90  7 19 67 57 33 83 30  5 67 18 75 69 36 61 58  0 32 32 44 10 18 64 78 83  0 83 94 63 52 74 52 97 98 50 53 30 64 14 72 31 69 79 -1 37 39 94 42 77 25 91 18 81 87 27 63 18 10 56 87 99 61 70 95 90 52 80 51 15 : 53.5
UNfrVhheJWC, slKguXwmf .................... 26 73 40 48 64 16 74 44 50 58 24 100  1 59 99 48 72 31 65 79 31 82 33 20 99 15 95 31 89 91 19 46 63 64 100 59 12 -1 34 67 62 63 98 100 21 23 79 98 91 43  3 21 25 41 78 55 93 72 91 81 63 41 27 57 36 58 47 53 62 86 51 23 48 81 22  0  3 32 30 99 : 53.5
xOzuD, Rw ................................. 39 83 31 35 72  1 89 39 33 100 72 27 71 56 60 53 81 95 90 85 47 88 90 59 84 20 77 -1 44 59 -5 89 41 31 55 45 69 75 15 33 74 92 98 76 79 57 28 59 52 50 43 30 37 65 94 52 16 -4 56 65 93 88 53 33 18 39  9 18 14 29 57 93 52 54 -5 63 42 60 21 99 : 53.5
Nn, HNOkyWsCWnYI .......................... 69 26 19 75 100 88 71 62  7 14 85 26 78  5 33 74 96 84 58 64  1 23 55 29  1 61 97 34 63 95 21 31 52 77 37 52 96 40 45  3 59 30 66 68 72 -2 41 67 87 30 31 19 58 91 85 96 83 82 29 45 76 56  8 27 64 82 10 60 21 61 68 11 22 65 84 99 68 56 66 87 : 53.4
zAhR, bYBSbGuTQVDcyqY ..................... 71 90 95 30 57 39 88 40 73 82 29 38 94 48 95 40 13 13 85 30 87 89 10 69 80  2 79 59 92 29 67 62 51 93 97  7 31 10 85 35 97 13 78 90 98 -2 61 43 48 45 78 34 65 93 34 76 26 12 35 17 79 33 11 61 25 39 73 93 55 89 59 51  1 36 73 -1 71 33 47 18 : 53.4
dzQGTvzx, BsQcDaFa ........................ 53 96 96 59 76 68 77 -1 39 96 89 32 67 85 61 64 33 -2  9 17 26  6 -2 93 41 55 70 78 40 82 51 98 77 46 89 52 13 65 88 89 60 77 53 59 61 13 22 25 48 37 80  6 48 83 -2 94 69 -1 -3  8 86 86 37 95 31 25 78 82 22 66 70 87 42 22 77 34 72 -1 97 52 : 53.3
KqemwMeEJSUe, kLtMstfTP ................... 11 67  7 40 48 59 99 46 15 18 82 52 14 98 89 17 82 73 56 41 43 76  4 49 28 90 82 38 51 39 48 99  6 61 70 91 51 68 68 71 17 50 54 36 79 42 59 92 14 46 32 95 21 73 75 54 63 88 24 45 27 77 43 70 69 44 92 19 12 59 95 66 40 81  2 50 22 66 41 74 : 53.2
wBZyiMnPeJspbC, SDGnFKKUBUQetZ ............ 95 85 95 78 71 50 -1 47 91 17 67 72 -3 74 61 40 61 39 68 20 18 46 71  1 86 97  0 45 26 34  1 52 18 28 61 94 83 98 72 -1 14 39 77 16 44 37 94 36 81 61 93 30  6 64 36 97 92 41 73 49 81 79 33 30  6 99 56 94 96 27 99  9 -3  1 63 78 75 56 45 87 : 53.1
nI, eUQDS ................................. 62 70  2 64 38 97 55 64 95 15 88 41 96 78 26 41 85 86 17 54 96 73 12 13 64 51 11 17 14 55 85 81 56 18 44 99 14 30 94 40 82 82 87  3 91 44 50 76 61 72 61 56 77 78  1 72 28 17 94 47  4  4 59 65 27 35 96 78 -4 89 18 84 -4 36 18 19 85 73 100 45 : 53.1
IP, koByNKuYdYAp .......................... 32 91 33 26 24  9 66 27 35 34 99 40  4 98  3 30 42 50 95 59 86 73 73 56 87 74 94 15 98  4 66 29 -5 30 92 56 44 58 15 10 97 13 55 33 42 96 68 89 45 95 80 30 67 52 91 53 58 84 -1 55 19 70 90 51 31 81 39 81 70 59 22 99 77 83 31 51 78 -2 39 22 : 53.1
fUfPSgZzyEh, GR ........................... 88 40 -5 71 61 71 53 74 100 72 69 36 85 12 44 11 77 28 19 62 51 74 15 68 41 10 92 57 79 41 70 66 87 70 68 79 72 20 52 -3 24 20 39 40 69 14 56 45 79 80 38 61 85 91 29 57  0 52 14 10 99 89 82 11 91 81 95 62  1 78 65 62 29 35  1 29 86 94  5 64 : 53.0
tN, djMDZVY ............................... 57 28 48 23 86 81 86 29 70 93  1 71 45 47 69 34 -5 -3 52 61 75 21 49 88 96 67 59 19  5 81 32 67 40 85 21 25 97 38 60 98 63 98 68  7 44 68 46 77 -4 -3 37  3 55 17 96 82 90 86 32 26 66 69 98 38 85 50 68  7 93 27  4 55 57 78 99  0 45 44 82 79 : 52.8
PrZrODipmCq, eWheuIqOb .................... 17 76 20  9 26 94 27 14 92 91 95 45 26 47 40 75 84 78 93 42 75 77 85 -4 22 98 46 89 80 40 45 -3 15 71 43 79 96 75 98 87 97 18 63 54 -3 35 29 86 12 21 60 93 29 44 20 57 73 -2 45 53 43 95 87 95 97 29 73 19 36 70  5 64 20 74 18 22 40 84  7 57 : 52.8
rlqBKkF, RxwxCFUy ......................... 44 14 39 37 67 99 88 49 96 48 93 63 76 92 58 94 25 52 15 26 65 93 25 36 72 41 86 33  1 72 88 50 17 26 92 89 56  6 69 51 59 62 45 67 53  3 60 83 92  7 40 56 31 70 23  2 42 40 72 49 43 91 -2 65 16 22 86 77 33 54 60 23 47 36 95 -1 76 87 13 99 : 52.7
ToTogqqyARPaF, wd ......................... 30 91 83 19 88 59 82 90 69 84  3 97 54 16 55 87 38 100  9 26 40 88 92 40 37 18 12 96 78 72 21  7 95 35 31 82 25 44 -3 25 59 37 21 45 90 81 31 28 80 78 91 52 65 82 97  1 32 40 -4  9 44 54 22 38 20 90 19 50 66 54 80 24 96  1 74 86 87 37 45 99 : 52.7
fWJpYdybzMsT, qekfFNbNS ...................  6 14 18 69 12 32 83 13 92 91 81 98 14 74 89 92 14 25 31 59 51 58 77 96 85 31 56 77 95 92 96 32  5 45  0 22 82 88 72 73 78 52 -3 23 57 91 14 77 47 83 67 -3 40 75 24 57  6 85 33 32 76 60 70 12  4  1 71 17 95 42 96 -2 25 98 27 88 14 78 96 67 : 52.6
CBQ, Bdergphaf ............................ 88  3 18 46 81 86 52 26 11 90 -2 22 45 61 73 89 64 27 86  9  2 19 28 59 70 68  4 14 57 84 68 77 18 92 22 -1  3 79 62 19 100 97 78 44 89 51 65 52 83 50 66 90 74 25 49 75 99 90 95 55 -1 94 31 22 85 90 58 19 -5 20 76 100 48 53 76 37  3 40 20 91 : 52.5
CvskOfevZzLqDw, XtVvnHMqFjmyEA ............ 82 88 44 39 60 61 96 53 69 88 67 91 -4 82 98 99 18 43 40 88 64 -2 26 54  7 -3 63 67 -4 18 29 83 37 78 21 28 70 49 12 39 68 84 29 69 65 59 68 14 33 39 34 -3 42 65 88 86 99 50 84 100 -1 13  8 73 22 67  0 98 15 49 68 88 32 28 88 28 92 87 80 57 : 52.5
WoB, kRQRmsisZ ............................ 93 16 18 64 75 47 45 63 43 84 -1 24  6 24  9 95 74 69 66  0 92 82 76 95 68 36 52 51 78 96 71 -3 44 20 98 18 -2 42 13 79 58 49  2 69 79 16 63 84 16 61 89  8 74 96 34 41 63 91 98 72 87 68 74 30 19 71 85 22 45 29  0  2 84  7 76 94 60 71 77  8 : 52.4
VycV, WCbHDGyCei .......................... 28 64 72 53 28 75 82 28 39 34 54 99 72 25 86 50  3 52 83  5 39  4 52 85 13 99 24 30 31 96 85 65 59 88 49 19 94 30 52 33 69 37 63 72 67 48 53  2 31 68 44 75 77 27 92 95 25 15 56 94 10 40 58  1 59  6 57 53 73  8 17 74 50 85 77 49 64 62 56 100 : 52.3
eFTMUZjplqT, tYjW ......................... 86  2 82 47 31 87  9 56 55 26 22 45 86 50 30 12 43 22 55 19 79 88 31 78 56 98 51 53 72 55 32 57 94 13 35 57 -1 49 44 91 81 71 67 98 21 -4 41 -5 55 -5 19 33 89 87 42 76 10 99 60 87 85 97 44 79 41 10 35 77 65 84 68 77 86 34 74  6 68 46 38 54 : 52.3
fBsIihkPAGcoGbn, sBPgApVqoeVxJi ........... 53 27 67 83 91 88 67  5 -3 96 31 24  4 81  2 82 36 54 100 12 33 53  0 38 80 80 96  1 63 89 58 47 48 25 30 38 12 28 48 14 24 10 75 65 96 83 78 63 68  3 80 32 61 86 75 72 97 -4 78 92 17 68 38 70 98 -1  7 41 33 60 93 94  1 67 90 -3 81 67 65 81 : 52.3
yuUv, HzkjgaQxChp ......................... 38 58 47 53 -3 76 -3 84 51 -1 59 97 98 78 68 75 100  6 53 39 97 48 86 75 20 -1 63  4 95 86 17 64 75 -5 17  3 76 19 93 27 55 83 23 52 60 23 59 91 34 11 62 31 64 79 37 89 83 -1 24  3 90 46 73 65 78 21 -1 54 45 97 12 31 80 72 15 71 100 79 94 66 : 52.3
ejP, RKUHYo ............................... 97 70 34 64 75 26 87 57 75 20 48 59 80 68 -5 29 60  5 61 91  5 75 24 31 97 11 77 34 91 -4 66 87 -3 -1 82  4 62 68 66 36 19 13 100 31 86 26 65 77 36 57 100 79 32 23  9 28 72 18 99 62 51 64 80 85 100 61 94 62 28 59 29 85  4 29 15 21 92 85 30 60 : 52.2
mhPUhk, aNswuu ............................  4 25 71 100 75 60 97 11 76  8 29 72 61 95 73 66 72 76 60 59 46 77 19 12 22 43 92 76 84 31 62 93 94 32 18 68 97 14 85 -1 59 45 76 20 39 49 91 10 56 50 74 33 59 24 50 12 72 73 93 87 35 54  6 28 18 29 28 46 81 12 50 39 62 26 96  0  6 86 47 99 : 52.2
YveAVLOekXIx, SnzzijoCgFMFLZD ............. 79 61 40 46 57 78 31 85 16 -4 96 69 19 11 43 41 66 75 -2 32 -2 78 71 21 38 29 46 40 32 81 73 42 42 12 94 30 21 56 15 42 89 42 42  7 58 91 85 23 97 15 93 100 98 95 53 35 55 -2  6 92 85 84 66 58 27 91 93 54 46 39 27 34 87  1 79 44 97 95 -1 93 : 52.2
