rwF, kGGIskySy  58 100 61 90 84 60 17 100 99 84 100 93 22 32 19 82 62 81 66 88 53 46 45 53 : 66.5
en, kvBFhOhnYPbTRA  57 98 83 -2 76 100 95 67 22 91 30 35 79 68 76 73 26 79 64 60 27 59 98 50 : 63.0
OeziCsPGBi, lijUsYYaUyI  42 56 14 96 44 95 95 66 73 51 46 85 22 28 11 93 45 84 31 99 57 36 95 97 : 60.9
YcjLFZXaaEPKcZd, JnCMKzDSZod  70 70 76  1 31 86 47 75 49  5 52 11 86 68 58 69 91 49 25 85 66 85 92 64 : 58.8
aKClnReIeVN, QSTSRx  94 96 -4 82 40 99 71 48 85 45 62 29 55 18 44 14 39 37 67 99 88 49 96 48 : 58.4
VvHV, uNTkTVN . 80 85 100 61 94 62 28 59 29 85  4 29 15 21 92 85 30 60 41 29 38 78 89 84 : 57.4
mMDPxMbBCCYo, nJzdtWtIACDZu  67 41  4 25 100 40 71 69 58 91 21 98 29 93 47 76 91 85 14 76 23 77 69  5 : 57.1
BNvhJLs, DTsaiFMbRQSZEo  52 39 48 99 75 63 99 67  2 27 95 23 63 26 34 94 67 24 67 57 88 98 -1 53 : 56.6
aawYgSz, DSTeHrbYsHVpOk  44 99 14 30 94 40 82 82 87  3 91 44 50 76 61 72 61 56 77 78  1 72 28 17 : 56.6
hDRo, Lbm ..... 69  7 77 19 84 -3 90 78 47 61 97 96 16 68 84 43 71 31 70 82 78 25 32 31 : 56.4
RiShtfHHyiOxv, gAc  11 78 66 85 85  8 19 48 48 65 20 93 60 93 88 35 20 49 71 33 30 92 87 63 : 56.1
ZnCMUEdVajU, CdKLyp   1 59 97 74 100  1 79 91 30 27 25 50 58 65 66 59 89 21 75 -5 11 100 94 63 : 55.4
