AmykEIoITXICU, wv .... 89 87 42 76 10 99 60 87 85 97 44 79 41 10 35 77 65 84 68 77 86 34 74  6 68 46 38 54 47 95 93 67 81 34 74 97 64 33 : 63.2
nYNAHsJKKyKSWi, ZwuaNQqzQFoP  57 45 66 90 76 86 74 83 13  5 57 83 28 90 94 48 23 46 50 97 29  7 68 97 99 64 13  2 94 96 -4 82 40 99 71 48 85 45 : 59.1
CYoCujCcDO, yhgDiu ... 47 76 91 85 14 76 23 77 69  5 51 27 92 91 33 99 22 32 39 63 62 70  2 64 38 97 55 64 95 15 88 41 96 78 26 41 85 86 : 58.3
hDRo, Lbm ............ 69  7 77 19 84 -3 90 78 47 61 97 96 16 68 84 43 71 31 70 82 78 25 32 31 86 74 58 50 67 20 97 35 64 73 92 47  2 81 : 57.9
SdaNjvpxBS, BmapfHZKqxqNhrO  97 31 59 64 60 78 52 81 53 82 70 75 96 11 36 90 15  2 85 67 91  0 44 76 13 65  0 78 44 42 66 72 79 56 35 70 33 92 : 56.8
VrYcjLF, zDSZ ........ 31 76 85 42 52 91 60 57 95 85 55 76 99  7  6 25 67 48 78 24 70 70 76  1 31 86 47 75 49  5 52 11 86 68 58 69 91 49 : 56.7
KArEI, KvSIIJ ........ 44 45 83 88 39  7 73 81 15 49 91 81 34 65 55 66 72 67 64 35 76 96 99 47 50  8 96 68 80 81 13 24 25 27 43 69 72 16 : 56.4
cseAsDkalQWFJmz, VfTZYuTajeYtWq  46 97  4 56 69 77 94 73 76 97 99 62 40 57 67 10 89 64 87  3 61 34 20 95 67 30 33 58 62 62 52 40 58 93 27 58 -4 20 : 56.1
hqiB, XkTFKNVNDP ..... 69 86 18 82 93 78 75 38 24 36  0 54 65 26 90 28 64 87 19 23 36  4 77 29 97 20 37 70 100 52 69 100 69 92 82 61 -5 88 : 56.1
jyZ, bETwnnyv ........ 91 82 13 40  5  0 40 86 92 69 22 76 64 31 65 -4 46 -1 73 37 90 91 72 34 49 74 97 48 24 73 42 47 86 60 92 97 97 32 : 56.1
IrWBh, lpNiNI ........ 99  0 14 67 62 40 75 43 95  0 50 25 57 37 18 53 85 22 96 82 51 100 80 82 15 48 76 28 55 73 69 85 79 88 52 40 59 26 : 55.9
nQxOQvAegKDu, KjCYpzNsqut  69 93 75 17 66 62 66 33 19 62 48 34 95 82 99 97 36 94  5 74 20 32 98  9 89 88 46 45  5 77 48  5 69 54 60 66 15 25 : 54.7
GlXkQcsxc, umUEHlTS .. 100  8 87 71 70 15 22 35 51 93 29 29 74 59 87 95 63 20 45 92 66 77 62 24 81 57 38 55 68 13 37 67 58 23 37 27 75 65 : 54.6
RIybpmdhpW, pNzCsTLi .  0 94 36 80 30 85 89 67 78 79 70 27 42 78 33 14 88 37 21 64 14 50 -2 42 84  8 83 57 67 79 78 72 -2 45 83 65 62 71 : 54.4
PuyVdcid, vsIEjFjXV .. 94 73 13 12 40 76 14 66 -3 55 86 92 18 23 84 -4 30 64 82 38 18 34 71 44 50 68 76 53 99 80 30 92 84 80 35 23 88 86 : 54.3
GjyirtbrnXrCLJ, eTAWhwLnNbI  52 69 55 97 76 52  6 53 57 77 70 88 58 99 73 43 60 13 24 47  2 30 38 65 15 46 70 -3 69 78  7 53 78 99 49 53 50 92 : 54.2
dUxUO, pmZIfWGtRQ .... 98 76 14 86 72 19 31 92 90  4 70 60 60 55 98 19 25 17 53 81 96 74 76 81 21 -1 68 47 69 40 73 67 16 19 84 19 75 14 : 54.2
BfzNfCBQmjTrPxI, der . 73 89 64 27 86  9  2 19 28 59 70 68  4 14 57 84 68 77 18 92 22 -1  3 79 62 19 100 97 78 44 89 51 65 52 83 50 66 90 : 54.1
Ya, ZROAOcVMMxU ...... 40 85 21 25 97 38 60 98 63 98 68  7 44 68 46 77 -4 -3 37  3 55 17 96 82 90 86 32 26 66 69 98 38 85 50 68  7 93 27 : 54.0
