wmBtcZ, PrYqgjckPUytR ................. 74 79 67 19 88 88 74 27 16 63 27 56 82 76 17 93 58 66 16 63  8 89 38 -4 44 69  6 36 95 78 91 68 89 58 93 76 77 98 34 98 61 99 85 74  0 33 67 63 30 14 25 44  2 100 45 52 -5 88 19 95 98  9 63 86 72 87 93 48 84 27 77 76 : 58.3
ztNicbcvToF, ByvO ..................... 80 64 19 36 11 80 28  9 98 -5 89  9 45 77 58  8 58 69 74 85  1 19  9 24 62 93 31 96 80 46 53 91  9 78 26 58 89 60 72 86 92 92 26 36 69 89 81 58 90 54 74 96 78 88 51 72 81 88 99 92 33 51 82 79 60 39 68 49 30 40 66 22 : 58.3
dCnjem, HtDnLNSsTQ .................... 60 14 67 77 65 92 37 38 94 36 22 70 78 52 84 83 83 72 47 32 -5 95 38 45 34 86 70  9 52 75 85 43 94 83 51 90 74 93 60 99 61 87 68 38 39 83 52 53 54 -2 90 87 98 60 31 63 45  0  3 -4 80 19 44  0  1 100 95 80 92 54  4 84 : 57.4
ZWBQDjTjAXJsHq, CRDbLVTus .............  3 86 91 35 28  7 75 70 12 84 74  2 33 92 71 65 75 42 64 21 12 100 72 65 100 46 79 56 35 60 96 43 78 86 84  5 24 90  6 42 -1 85 81 70 76 84 66 51 25 30  3 75 61  7 71 60 58 81 47 98 72 42 72 49 59 87 59 15 77 70 94 81 : 57.1
plqTzqCLBuftL, YcxOtYjWjSokWSp ........ 55 19 79 88 31 78 56 98 51 53 72 55 32 57 94 13 35 57 -1 49 44 91 81 71 67 98 21 -4 41 -5 55 -5 19 33 89 87 42 76 10 99 60 87 85 97 44 79 41 10 35 77 65 84 68 77 86 34 74  6 68 46 38 54 47 95 93 67 81 34 74 97 64 33 : 56.7
zAhR, bYBSbGuTQVDcyqY ................. 71 90 95 30 57 39 88 40 73 82 29 38 94 48 95 40 13 13 85 30 87 89 10 69 80  2 79 59 92 29 67 62 51 93 97  7 31 10 85 35 97 13 78 90 98 -2 61 43 48 45 78 34 65 93 34 76 26 12 35 17 79 33 11 61 25 39 73 93 55 89 59 51 : 55.5
fj, ODypy ............................. 90 61 68 78 67 73 44 39 92 44 25 47 64 23  3 90 43  8 98 86 -3 98 -1 62 84 48 36 89 87 15  3 76 81 76 85 80 80 28 18 72  3 80 50 73  2 91 94 51 -2 91 68  0 89 -1 99 -2 52 35 92 70 87 100 77 68  2 61 47 87 20 -4 90 60 : 55.4
TsEtDfbJpjyZ, Bb ...................... 91 82 13 40  5  0 40 86 92 69 22 76 64 31 65 -4 46 -1 73 37 90 91 72 34 49 74 97 48 24 73 42 47 86 60 92 97 97 32  8 88 32 35 95 27 72 60 28 49 96  1 18 11 23 95 50  3 68 78 57 98 83 -2 76 100 95 67 22 91 30 35 79 68 : 55.1
nl, NCD ............................... 85 25 47 65 48 40 77 63 66 55 83 68 84 16 16  8 10 91 25 38 61 -1 56  5 51 49 41 82 76 94 63 93 50 42 57 -3 87 65 97 52 52 80 52 67 27 73 80 74 95  5 43 55 41 31 65 97 85  6  5 93 31 73 85 87 46 73 89 64 38 86 16 21 : 55.0
XmKzsWyezBz, rA .......................  4 71 98 61 32  4 65 100 85 90 17 35 26 89  1 27 11 98 62 41  7 11 89 100 75  0 23 56 71 92 19  7 62 48 73 99 57 69 25 74 90 79 40 15 68 46 80 10 76 73 56 14 89 76 13 63 81 74 50 84 65 74 96 59 22 100 57 10 100 13 15 90 : 54.9
CXgoovga, DthVgw ...................... 65 100 73 14 26 76  1 45 47  4 95 85 72  3 15 38 21 67 -5 89 41 17 81 14 61 67 85 66 61 30 -4 57 62 74 76 93 49  9 69 27 18 63 44 95 71 64 65 98 31 97 12 77 13 98 23 79 96 39 76 89  1 77 45 100 82 53 18 63 67 92 21 90 : 54.5
KSfJQTpfRrefd, gjEDfvYTlZWiZD .........  4 76 24 70 35 -1  6  0 61 85 43 32 82  7 58 74  9 87 91 58 24 23 93  7 15 48 92  6 64 11 98 -1 92 53 74 59 57 85 64 50 69 38 87 82 51 76 55 97 62 78 54 91 32 79 30 52 26 21 96 95 69 19 100 93 77 -1 83 66 90 46 15 58 : 54.2
aKClnReIeVN, LCQSTSRx ................. 94 96 -4 82 40 99 71 48 85 45 62 29 55 18 44 14 39 37 67 99 88 49 96 48 93 63 76 92 58 94 25 52 15 26 65 93 25 36 72 41 86 33  1 72 88 50 17 26 92 89 56  6 69 51 59 62 45 67 53  3 60 83 92  7 40 56 31 70 23  2 42 40 : 54.1
OOlWMR, qpPvyUrb ......................  3 61 99 57 86 22 56 12 61 23 17 92 81 77 47 36 98 82 69 78 78  3 16 79 74 62 16 42 100 16 83 35 82  7 23 67 35 10 84 27 38 32 50 50 40 -4 18 69 84 92 46 93 26 99 72 -1 92 93 78 18  8 60 90 95 72 12 93 38 28 77 71 71 : 54.1
YkriTtNtoLWkHF, MScr .................. 100 22 92 10 100 89 78 97 27  6 47 17 39  8 62 89 91 17 44 90 13 51 33 65 65 75  0 80 34 88 97 33  9 88 48 40  3 58 37 35 69 15 57 39 61 50 27 51 72 76 41 16 58 79 87 55 85 18 66 19  5 62 89 51 81 69 96 89 58 64 55 58 : 54.1
xxZzBfzNfCBQmj, YKeevunGbT ............ 81 86 52 26 11 90 -2 22 45 61 73 89 64 27 86  9  2 19 28 59 70 68  4 14 57 84 68 77 18 92 22 -1  3 79 62 19 100 97 78 44 89 51 65 52 83 50 66 90 74 25 49 75 99 90 95 55 -1 94 31 22 85 90 58 19 -5 20 76 100 48 53 76 37 : 54.1
RnLNTjbXcur, CCXWGcWU ................. 77 -2 55 93 62 41 47 53 27 96 62 -2 91 62 21 49 11 43 92 48 89 77 85 49 10 61 -5 27  9 74 93 18 78 79 10 71 20 63 55 52 90 16 87  6 84 39 61 26 88 52 80 76 61 64 56  2 56 88 67 71 94 59 94 -3 37 35 73 94 29 60 77 18 : 53.9
OPCrMAScCnI, mVQ ...................... 62 70  2 64 38 97 55 64 95 15 88 41 96 78 26 41 85 86 17 54 96 73 12 13 64 51 11 17 14 55 85 81 56 18 44 99 14 30 94 40 82 82 87  3 91 44 50 76 61 72 61 56 77 78  1 72 28 17 94 47  4  4 59 65 27 35 96 78 -4 89 18 84 : 53.8
EP, iabbSupMDbN ....................... 45 20 84 90 57 68 53  5 75 34 84 57  2 23 22 59 54 86 75 58 70  6 29 28 94 78 42 49 38 56 96 89 81 79 78 37 79 63 79 53 28 95 41 36 17 69 100 76 54  0 66 55 43 100 88 36  4 30 90 47 91 11 35 72 22 45 40  0  7 51 90 40 : 53.5
SJnTzkUDckVwar, uNgZ .................. 74 11 90  0 59 75 45  0 72 23 76 33 78 85 91 100 69 86 58 38 28 99 95 29 27 98 67 62 75 25 80 80 41 69 85  0 75 61  5 46 89 12 85 98 -4 75 97 -4 92 86 40 20 85 66 54 43 63 52  4 37 82 15 16 55 16 32 60 96 24 -4 42 12 : 53.4
TGLTquIMrAI, KVPLYDPwdDqH ............. 16 81 61 94 52 49 14 63 -5 90 51 19 40 63 100 88 62 43 38 99  3  8 22 59 16 71 77 92 95 25 94 43 37 86 68 20 67 87 15 67 76 71 91 47 65 17 66 27 65 36 25  0 49 84 64 71 86 72 94 81 29 14 55 71 -1 22 23 71 40 43 69 47 : 53.3
ejP, WUZvgtAsRKUHYo ................... 97 70 34 64 75 26 87 57 75 20 48 59 80 68 -5 29 60  5 61 91  5 75 24 31 97 11 77 34 91 -4 66 87 -3 -1 82  4 62 68 66 36 19 13 100 31 86 26 65 77 36 57 100 79 32 23  9 28 72 18 99 62 51 64 80 85 100 61 94 62 28 59 29 85 : 53.3
oKWSCWKAb, wSEx ....................... 92 36 60 56 87 36 -1 97 30 73 90 73 12 27 69 55 65 73 99 42 86 89 54 54 65 14 88 58 51 76 91 74 43 83 61 29 18 65 57 86 70 46 58 13  4 27 -1 74 31 -2 15 48 18  0  1 89 20 95 78  2 70 100 81 44 82 73 78 32 38 66 17 39 : 53.0
Xw, aSxreF ............................ 44 40 67 30 87  4 65 25 37 47 59 90 75 69 79 17 64 44 100 61 -1 62 71 81 16 28 96 54 73 19 49 17 96 15 52 82 24 48  7 66 27 -3 88  1 -2 98 55 99 41 86 59 78 79 29 58 26 95 85 86 67  3 34 89 30 86 72 12 41 52 56 38 84 : 52.9
vHvPpaTnErczmS, GHVcDmmweKfTNnp ....... 64 -2 35 88 97 17 -3 74 35 77 97 12 94 24 84 20 100 42 91 36 90  3  9 -5 99 18 68 88 24 98 98 20 -5 64 39 97 87 41 70 53 17 99 70 42 22 86 99 53 27 16 95 48 24  3 80 22 27 48 42 88 45 71 39 78 35 83 74 53 23 76  5 77 : 52.8
wx, ZDPsbJJsZF ........................ 85 97 31 23 76  1 19  7 88 44 39 43 68 92 27 85 100 -4 85  1 29 -5 63  7 33 26 55 24 25 52 21 41 81 58 -5 56 96 52 100 83 -5 70 58 100 61 90 84 60 17 100 99 84 100 93 22 32 19 82 62 81 66 88 53 46 45 53 33 73  4 32 55 37 : 52.7
ozliKkcaKtNLmka, nTcHSzz .............. 70 93  1 71 45 47 69 34 -5 -3 52 61 75 21 49 88 96 67 59 19  5 81 32 67 40 85 21 25 97 38 60 98 63 98 68  7 44 68 46 77 -4 -3 37  3 55 17 96 82 90 86 32 26 66 69 98 38 85 50 68  7 93 27  4 55 57 78 99  0 45 44 82 79 : 52.6
ZnGIocsvRuD, Biijwd ................... 76 91 57 47  6 18 66 31 39 84 34 12 10 20 24 94 51 77  8 72 44 82 33 15 49 83 44  9 71 88 88 47 78 77 25 15 100 97 83 38 80 48 56 21 73 11 46 55 94 92 59 37 73 97 57 53 79  0 67 82 19 87 28 28 63 90 48 62 12 30 31 24 : 52.6
PxCifeNGgz, qMxLZI ....................  5 83 93 74 81 76 43 57  3 43 39 77 53 64 16 65 82 38 41 97 23 17  2 99 56 72 49 41 50 37 43 93 19 35 66 -1 43 40 93 83 89 31 59 41 26  6 37 40 49 84 36  3  0 75  1 93 78 56 66 60 98  8 52 48 80 49 84 54 95 77 36 83 : 52.6
vkTnz, vGERydySoEFd ................... 68 96  5 -5 -5 85 33 76  3 89  2 97 75 39 12 85  3 21 76 79 58 48 80 27 98 78 59 94 97 92  1 96 14 11 23 14 28 93 22 68 81 61 64 55 -1 81 71 40 33 79 18 96 58 29 55 87 39 13 80 67  4 87 63 23 29 91 75 62 83 -4 29 95 : 52.5
DstNLrxypisNKnC, WqMQAZF .............. 14 47 30 63 99 23 20 31 32  1 98 91 60 17 54 17 94 88 44 77 42 43  9 100 69 86 18 82 93 78 75 38 24 36  0 54 65 26 90 28 64 87 19 23 36  4 77 29 97 20 37 70 100 52 69 100 69 92 82 61 -5 88 31 56 23 36  9 19 99 30 53 94 : 52.5
oWIigwn, PmVAOBK ...................... 98 83 82 61 58 -2 11 31 32 79 52 42 40 91 56 80 93 74 56 33 74  4 37 55 50  6 60 56 100 47 87 97 61 68 89 50 -3 -1 87 34 10 38  7 55 60 69 66 84 74 54 48 79 95 16 34 45 28 25 32 27 77 18 56 69 91 76 18 19 81  4 90 22 : 52.4
xkyDKBKzrRkq, yy ......................  8 96 51 66 15 99 68 26 44 61 92  7 22 93 64 62  5 20 65 57 69 81 44 86 50 61 69 32 49 44 64 62 39 14 27 59 12 100 90 61 93  7 -1 14 -1 69  7 42 94 77 -2 94 57 80 79 39 40 79 76 94 22 39 88 98 91 14 88  2 46 77 -5 38 : 52.3
swhxysQMqkyOi, cgrwjgqJ ............... 100 12 67 47 67 78 100 82 56 65 24  8 95  7 22 22 72 34 10 94 12 44 68 82 82 15 46 54 95 51 16 20 68 88 73 66 97 -2 80 53 100  3 98 94 47 51 16 18 90 63 43 33  6 42 46 20 62 97  5 56 79 27 82 46 46 86 44 43 89 23 27 14 : 52.3
NVwPWXlaz, HoJVtFnmRAlxa ..............  7 72 12 46 40 100 13 53 47 32 54 42 62 41 37 52 48 13 52 11 56 79 39 58 18 82 86 -2 95 13 71 33 90 88 10 62 87 61 14 65 98 74  6 91 14 49 75 99 99 26 41 86  4 11 44 60 99 29 95 19 79 65 89 100 84 -2 61 -4 64  7 66 94 : 52.2
kwyQ, dQyTExAiWM ...................... 75 62 36 27 84 63 50 96 95 -3 88 -5 81 -5 28 13 86 54 45 57 96 35 91 89 57 76 57  5  8 84  1 15 45 75 47 60 69 -4 56 95 -2 43 21 10 76 54 28 93 39 79 49 67 45 39 55 34 14 44 44 60 27 82 80  3 88 58 68 88 59 55 82 94 : 52.2
