bBCCYoCujC, uHOGyhg ....... 58 91 21 98 29 93 47 76 91 85 14 76 23 77 69  5 51 27 92 91 33 99 22 32 39 63 62 70  2 64 38 97 55 64 95 15 88 41 96 78 26 41 85 86 17 54 96 73 : 59.3
oDLfCfxs, kJzBmapfH ....... 99 57 17 83 42 62 94 73 35 64 14 84 16 78 54 82 90 98 59 80  5 57 97 31 59 64 60 78 52 81 53 82 70 75 96 11 36 90 15  2 85 67 91  0 44 76 13 65 : 59.1
knyFoF, FkQcARRNiinjC ..... 95 -1 76 87 13 99 99 59 87 61 60  9 100  2 87 71 88 29 93 91 100  8 44 85 16  8 70  7 37 17 49 31 53 56 49 72 55 79 62 41 39 53 87 38 92 73 40 79 : 57.2
EP, iabbSupMDbN ........... 45 20 84 90 57 68 53  5 75 34 84 57  2 23 22 59 54 86 75 58 70  6 29 28 94 78 42 49 38 56 96 89 81 79 78 37 79 63 79 53 28 95 41 36 17 69 100 76 : 57.0
ZrODipmCqJgfL, Obqn ....... 92 91 95 45 26 47 40 75 84 78 93 42 75 77 85 -4 22 98 46 89 80 40 45 -3 15 71 43 79 96 75 98 87 97 18 63 54 -3 35 29 86 12 21 60 93 29 44 20 57 : 57.0
vN, Nra ................... 47 50 14 68 55 83 29 68 53 71 76 62 47 46 90 20 82 43 38 92 79 47 89 22 23 63 83 68 78 71 92 56 21  5 23 81 93 89 48 77 91 56 39 37 33 60 62 15 : 57.0
tDSZsbwfJDq, qvuYunWpCgHIp  78 86 84  5 24 90  6 42 -1 85 81 70 76 84 66 51 25 30  3 75 61  7 71 60 58 81 47 98 72 42 72 49 59 87 59 15 77 70 94 81 55 74 50 62 89 16 12 46 : 56.8
VN, zCCRxwxCF ............. 94 96 -4 82 40 99 71 48 85 45 62 29 55 18 44 14 39 37 67 99 88 49 96 48 93 63 76 92 58 94 25 52 15 26 65 93 25 36 72 41 86 33  1 72 88 50 17 26 : 56.2
hDRo, Lbm ................. 69  7 77 19 84 -3 90 78 47 61 97 96 16 68 84 43 71 31 70 82 78 25 32 31 86 74 58 50 67 20 97 35 64 73 92 47  2 81 25 54 73 53 49 20 20 32 69 96 : 56.0
SeKVnAzmr, rRBBEfzYkzJ .... 96 29 61 45 39 75 66 84 46 73 34 11 100 82 24 86 54 62  8 50 88 90  1 92 26 54 77 -1 83 18  3  4 52 69 55 97 76 52  6 53 57 77 70 88 58 99 73 43 : 55.9
hdvMadMnZ, kZAmMxdNKBcAaaV  72 38 26 68 48 68 68 61 59 82 37 41 55 39 68 91  0  0 98 32 72 10 34  5 55 74 99 94 39 63 30 43  1 93 42 54 60  9 46 51 96 89 97 83 59 96 73 64 : 55.9
NBjdhe, QLaNpfRRy ......... 83 72 47 32 -5 95 38 45 34 86 70  9 52 75 85 43 94 83 51 90 74 93 60 99 61 87 68 38 39 83 52 53 54 -2 90 87 98 60 31 63 45  0  3 -4 80 19 44  0 : 55.3
oNGxPvYPcJLcse, njeqmkVfT . 73 67 72 21 87 44 58 -1 38 -5 66 40 89 97 47 85 -3 -4 79  6 60 27 24 94 46 97  4 56 69 77 94 73 76 97 99 62 40 57 67 10 89 64 87  3 61 34 20 95 : 55.0
AZiTdHzKoF, bJnb .......... 74 47 71 19 53  0 60 71 20 -3 19 74 16 96 85 47 98 56 95 65 73 21 98 76 14 86 72 19 31 92 90  4 70 60 60 55 98 19 25 17 53 81 96 74 76 81 21 -1 : 54.7
YbJEiHKDy, PlfeWo ......... 15 79 73 86 27 94 56 97 48 24 -1 14 49 43 86 84 82 16 31 30 27 50 93 97 55 91 57 25 23 40 68 75 19 72 92 83 65 47 79 12 76  9 64 56 57 49 39 70 : 54.6
iShtfHHyiOx, EjqEqoARJjgAcg  26 76 11 78 66 85 85  8 19 48 48 65 20 93 60 93 88 35 20 49 71 33 30 92 87 63 31 -4  1 76 47 32 84 95 41 81 80 25 94 30  4 41 26 62 65 91 86 84 : 54.6
OrsDYlnUIo, XcewEQo ....... 52 82 24 48  7 66 27 -3 88  1 -2 98 55 99 41 86 59 78 79 29 58 26 95 85 86 67  3 34 89 30 86 72 12 41 52 56 38 84 90 25 16 93 55 76 17 27 93 82 : 54.2
lSklZbdiaYlxf, mNnAvPzleWok  63 68 20 83 47 71 68 91 53 64 26 48 41 60 65 76 88 77 25 31 63 84 35 65 40 99 35 50  6 94 35  1 62 60 89 40 30 57 31 88 52 94 68 24 85 32  0 -2 : 53.8
ZtSZriTOxtXgI, xhfCYIyEyHXfg  90 42 12 100 79 60 99 72  5 86 12 81 29 73 18 99 51 48 86 90  3 87 73 90 48 47  3 71 97 73  7 86 14 56 12 24 15 42 -5 57 59 12 37 94 17 61 92 73 : 53.7
MFTpAmy, pjtdGrrOSarHns ... 94 13 35 57 -1 49 44 91 81 71 67 98 21 -4 41 -5 55 -5 19 33 89 87 42 76 10 99 60 87 85 97 44 79 41 10 35 77 65 84 68 77 86 34 74  6 68 46 38 54 : 53.6
HXyqs, WMB ................ 75 19 62 65 48  1 96 22 88 94 90 23 60 53 39 96 47 12 46  1 81 23 84 53 94 48 91 23 84 54 63 59 78 56 55 58 62 51 11 81 44  0  4  3 91 80 30 69 : 53.5
kQcsxczGgqQGwQX, aumUEHlTSiHk  45 92 66 77 62 24 81 57 38 55 68 13 37 67 58 23 37 27 75 65 68 57 89 28 91 95 19 78 89 87 29 65  4 26 73 71 55 54 59 24  8 26 74 50 98 31  4 35 : 53.2
VlBTDSdzZefdY, MoKIpuEn ... 74 64 36 77 53  6 37 71 40 91 92 96 64 42 95 71 93  7 50 100 54  4 29 16 86 12  7 53 83 10 97 88 79 65 97 63 76 33 33 15 23 57 42 18 -2 37 94 22 : 53.1
LIziywh, yRnTMyAyXbenHN ...  5 20 65 57 69 81 44 86 50 61 69 32 49 44 64 62 39 14 27 59 12 100 90 61 93  7 -1 14 -1 69  7 42 94 77 -2 94 57 80 79 39 40 79 76 94 22 39 88 98 : 53.0
