toFeGkbV, xUqsabp ........................ 97 48 24 73 42 47 86 60 92 97 97 32  8 88 32 35 95 27 72 60 28 49 96  1 18 11 23 95 50  3 68 78 57 98 83 -2 76 100 95 67 22 91 30 35 79 68 76 73 26 79 64 60 27 59 98 50 76 20 77 57 29 44 67 17 73 81 52 48 80 46 47  2 36 82 74 46 81 49 : 56.8
ZfbZGELu, XqF ............................ 28 12 65 94 99 79 82 -5 11 33 62 63  6 98 17 60 31 74 79 91 98 97  8 40 20 -4 40 44 27 75 83 60 93 79 85 17 89 66 49 -1 31 11 99 42 40 48  1 76 53 85 98 50 81 37 95 32 70 35 82 -4 41 64 94 65 74 78 88 62 76 36 98  6 84 96 53 23 75 91 : 56.5
kdawmXAqEdC, vHYIGyJmQNtMH ............... 12 40 10 20 76 67 74 39 60 14 67 77 65 92 37 38 94 36 22 70 78 52 84 83 83 72 47 32 -5 95 38 45 34 86 70  9 52 75 85 43 94 83 51 90 74 93 60 99 61 87 68 38 39 83 52 53 54 -2 90 87 98 60 31 63 45  0  3 -4 80 19 44  0  1 100 95 80 92 54 : 56.2
kTnzzMSTCiMuA, dySoEFdb .................. 76 79 58 48 80 27 98 78 59 94 97 92  1 96 14 11 23 14 28 93 22 68 81 61 64 55 -1 81 71 40 33 79 18 96 58 29 55 87 39 13 80 67  4 87 63 23 29 91 75 62 83 -4 29 95 62 25 82 99 37 84 38 76 94 61 71 51 95 57 38 33 75 49  0 11 67 100 71 -4 : 56.0
sWyez, lPEBSrAapUF ....................... 81 66 32 32  4 71 98 61 32  4 65 100 85 90 17 35 26 89  1 27 11 98 62 41  7 11 89 100 75  0 23 56 71 92 19  7 62 48 73 99 57 69 25 74 90 79 40 15 68 46 80 10 76 73 56 14 89 76 13 63 81 74 50 84 65 74 96 59 22 100 57 10 100 13 15 90 98 60 : 55.4
FJbQBkYnVdLFG, zBcks ..................... 98  9 63 86 72 87 93 48 84 27 77 76 57 93 50 62 25 48 24 93 67 86 68 74 12 44 57 12 32 81  6 61 96  0 46 99 92 38 79  2 -4 87 83 58 80 64 19 36 11 80 28  9 98 -5 89  9 45 77 58  8 58 69 74 85  1 19  9 24 62 93 31 96 80 46 53 91  9 78 : 54.3
vrMpl, SFlmSYwWilD ....................... 96  1 63 89 58 47 48 25 30 38 12 28 48 14 24 10 75 65 96 83 78 63 68  3 80 32 61 86 75 72 97 -4 78 92 17 68 38 70 98 -1  7 41 33 60 93 94  1 67 90 -3 81 67 65 81 75 77 12 35 94 19  7 90 52 16  7 74 89 51 43 12 87 87 59 51 78 83 44 85 : 54.2
bXcur, WGcWUkdqwqb ....................... 77 -2 55 93 62 41 47 53 27 96 62 -2 91 62 21 49 11 43 92 48 89 77 85 49 10 61 -5 27  9 74 93 18 78 79 10 71 20 63 55 52 90 16 87  6 84 39 61 26 88 52 80 76 61 64 56  2 56 88 67 71 94 59 94 -3 37 35 73 94 29 60 77 18 81 63 30 96 34 22 : 53.9
MGRMnkBVTsUuk, WXUTGVhM .................. 72 53 71 40 16 84 95 91 14 39 66 10 60 49 74 59 93 64 47 37 69 67 11 92 43 45 83 32 35 94 59  6 46 61 83 99 76 77 15 96 48 13 37  7 99 10 71 92  6 49 60  6 47 76 30 96 20 12 27 92 37 17 29 14 84 12 44 59 20 65 54 73 83 97 85 81 38 88 : 53.9
VRYouruKmKyH, qIZih ...................... 32 92 97 64 33 25 55 80 42 97 77 34 11 -2 45 24 31 88 24 86  5 72 98 58 86 71  6 12 93 80 87 24 71 10 20  3 40  6 14 87 34 96 53 51 26 -3  6 62 90 35 47 100 39 76 89 24 78 100 73 71 79 92 26 81  1 51 16 46 94 35 64 28 63 48 84 94 50 95 : 53.5
FxOHVvGlK, uPE ........................... -4 98 67 67 32 52 90 34 11 89 100 35 96 90 71 17 35 27 79 28 95 72 53 -4 51 93 -2 32 -1 52 98  0 81 65 -2 12 16 19 83 64 39 83 31 35 72  1 89 39 33 100 72 27 71 56 60 53 81 95 90 85 47 88 90 59 84 20 77 -1 44 59 -5 89 41 31 55 45 69 75 : 53.5
xxZzBfzNfCBQmj, iYKeevunGbT .............. 81 86 52 26 11 90 -2 22 45 61 73 89 64 27 86  9  2 19 28 59 70 68  4 14 57 84 68 77 18 92 22 -1  3 79 62 19 100 97 78 44 89 51 65 52 83 50 66 90 74 25 49 75 99 90 95 55 -1 94 31 22 85 90 58 19 -5 20 76 100 48 53 76 37  3 40 20 91 95 18 : 53.3
wxIASfIfMrwh, AmJ ........................ 39  6 25 74 38 10 12 21 26 71 60  7  7 46 59  8 98 12 95 71 36 24 88 88 90 43 99 57 17 83 42 62 94 73 35 64 14 84 16 78 54 82 90 98 59 80  5 57 97 31 59 64 60 78 52 81 53 82 70 75 96 11 36 90 15  2 85 67 91  0 44 76 13 65  0 78 44 42 : 53.3
ftLMFTpAmy, SpjtdGrrOSar ................. 94 13 35 57 -1 49 44 91 81 71 67 98 21 -4 41 -5 55 -5 19 33 89 87 42 76 10 99 60 87 85 97 44 79 41 10 35 77 65 84 68 77 86 34 74  6 68 46 38 54 47 95 93 67 81 34 74 97 64 33  9 49 61 58 59  1 74 25 83 70 40 82 46 25 48 51 37 47 -4  6 : 52.9
iqeVqUU, aEorOqK ......................... 82 10 26 32 34 16 49 35 10 76 81 60 20 -3 32 80 79 37 70 90 85 63 48 63 30 35 51 28 65 100 64 46 41 21  9  7 74 95 79 89 71 59 80 96 61 43 75 39 86 44 60 -4 38 40 65 -1 80 47 32 77 78 27 54 19 53 69 63 26 95 41 47 65 -1 26 92 97 75 98 : 52.8
BOVWX, fZdUZ ............................. 94 24 84 20 100 42 91 36 90  3  9 -5 99 18 68 88 24 98 98 20 -5 64 39 97 87 41 70 53 17 99 70 42 22 86 99 53 27 16 95 48 24  3 80 22 27 48 42 88 45 71 39 78 35 83 74 53 23 76  5 77 74 80 50 27 65 81 86 23 -4 80  2 57 14 88 10 46 67 57 : 52.8
prjE, pEmNnAv ............................ 77 50  9 34 15 80 14 54  7 83 96 35 96 46 29 86 30 96  6 50 12 87 54 73 -3 25 58 38 78  8 54 54 63 68 20 83 47 71 68 91 53 64 26 48 41 60 65 76 88 77 25 31 63 84 35 65 40 99 35 50  6 94 35  1 62 60 89 40 30 57 31 88 52 94 68 24 85 32 : 52.8
lWlEdzQGTvzxLq, YBsQc .................... 76 68 77 -1 39 96 89 32 67 85 61 64 33 -2  9 17 26  6 -2 93 41 55 70 78 40 82 51 98 77 46 89 52 13 65 88 89 60 77 53 59 61 13 22 25 48 37 80  6 48 83 -2 94 69 -1 -3  8 86 86 37 95 31 25 78 82 22 66 70 87 42 22 77 34 72 -1 97 52 73 76 : 52.7
kMLOhvsiHu, OhRFdj ....................... 74 91 83 61 42 72 43 11 90 18 77 -5 69 19 68 65 66 68 35 94 52 48  9 59 98 96 10 58 -2 83 68 77 73 83 37 46 86 11 94 75 35 70  2 35 94  1 -1 92  0 39 85 57 92 25 16 15 20 63 79 55 77 78 31 49 92  0 27 78 16 20 84 88 22 91 54 47 23 58 : 52.7
cRPC, AvRDXfoewg ......................... 90 67 88 64 54 97 13 100 83 82 72 70 83 25 -5  9 31 -5 62 45 80 44 85 15 72 99 66 94  4 12 77 99 84 64 62 70 60  6 69 42 19 40 11  1 -3 43 48 65 75 41  9 54 91 99  0 62 23 72 88 32 89 64 62 -1 27 55 74 92 67 74 33 17 45 81 56 47 23  3 : 52.7
kFnMQahAflPRIN, CCRxwxCFUyrxbKg .......... 72 41 86 33  1 72 88 50 17 26 92 89 56  6 69 51 59 62 45 67 53  3 60 83 92  7 40 56 31 70 23  2 42 40 72 49 43 91 -2 65 16 22 86 77 33 54 60 23 47 36 95 -1 76 87 13 99 99 59 87 61 60  9 100  2 87 71 88 29 93 91 100  8 44 85 16  8 70  7 : 52.6
YDz, VJ .................................. 13 52 55 84 53 -3 79 100 35 11 88 71 100 81 60 47 29 83 61 11 69 78 65  7 41 88 91 19 11 10 68 29 67 54 45 20 56 23 19 22 72 38 98 71 50 58 50 84 72 42 26 73 19 97 11 98 10 33 48 26 48 16 93 14 75 37 71 31 97 22 58 68 97 88 71 47 45 52 : 52.5
YrPI, niSwfrDPvlYTiOl .................... 64 90 99 17 70 40 24 81 16 25 50 45 20 61 49 37 32 89 91 28 -2 44 98 64 94 71 53 85 23 57 51 18 79 49 72 80 95 -5 61 42 58 42 92  9  2 72 83 71 92 74 -1 95 49 28 90 75 -1 43 59 59 31  9  8 41 64 85 21 90 86 13 31 75 60 54 89 68 25 -3 : 52.5
stzhhamy, MCDztiCCRIm .................... 52 74 52 97 98 50 53 30 64 14 72 31 69 79 -1 37 39 94 42 77 25 91 18 81 87 27 63 18 10 56 87 99 61 70 95 90 52 80 51 15 25 23 51 100 33 56 36 77 49  9 85  6 32 34 92 50 67 86 73  8 73 91  6 66 93 33 55 44 44  6 64 74 66 15 -1 -2  2 72 : 52.5
bVQf, UdvckIDbG .......................... -1 55 19 70 90 51 31 81 39 81 70 59 22 99 77 83 31 51 78 -2 39 22 98 50 89 97 34  5 49 97 20 54 51 44 55 72 -5 92 85 71 -2 54 29 25 52 37 39 14 93 16 18 64 75 47 45 63 43 84 -1 24  6 24  9 95 74 69 66  0 92 82 76 95 68 36 52 51 78 96 : 52.4
MDPmYbhpUk, EfNeVAEZ ..................... 86 26 65 77 36 57 100 79 32 23  9 28 72 18 99 62 51 64 80 85 100 61 94 62 28 59 29 85  4 29 15 21 92 85 30 60 41 29 38 78 89 84 37 92 33 36 53 89 31 32  0 31 24 99 98 58 90 26 42 25 92 62 83 84 78 12 43 18 46 12 -4 67 -5 70 58 66  5 43 : 52.4
NDYMUwiDsLDB, EplQbALTbWE ................ 95 54 27 89  8 97 26 70 98 42 37 59 28 80 53 79 48 68 51  6 86 97 71 12 59 47 59 19 54 13 21 80 73 53 69 12 81 26 88 78 -1 24 68 65 35 52 43 89 19 25 26 37 21 28 54 12 81 44 68 66 95 94 78 99 78 78 10 90 35 -3 68 39 59 67  3 25 19 83 : 52.4
gXbSMALikmISFtP, EhkKfPcvZS .............. 61 80 10 95 79 15 -3 98 33 17 98 63 69 12 22 39 74 13 45 15 62 -1 100 22 48 82 85 25 47 65 48 40 77 63 66 55 83 68 84 16 16  8 10 91 25 38 61 -1 56  5 51 49 41 82 76 94 63 93 50 42 57 -3 87 65 97 52 52 80 52 67 27 73 80 74 95  5 43 55 : 52.3
SJnTzkUDckVwar, uNgZ ..................... 74 11 90  0 59 75 45  0 72 23 76 33 78 85 91 100 69 86 58 38 28 99 95 29 27 98 67 62 75 25 80 80 41 69 85  0 75 61  5 46 89 12 85 98 -4 75 97 -4 92 86 40 20 85 66 54 43 63 52  4 37 82 15 16 55 16 32 60 96 24 -4 42 12 46 26  9 79 32 38 : 52.3
kUspdQI, iA .............................. 43 19 90 59 79 24 70 70 54 88 25 56 91 83 46 23 49 59 34 59 27  3 27  6 13 68 10 99 49 42 28 97 99 17 88 77 78 57 78 31 45 34 92 35 48 37 96 -4 27 61 61 92 -5 19 -3 13 93 44 44 73 92  3 69 16 25 88 98 34 45  1 70 95 40 93 61 93 29 88 : 52.0
swNCFBywliBt, XcEavOwi ................... 42  7 88 44 48 50 79 37 98  0 87 40 80  2 92 96 31 12  8 78  2 91 76 67 69 97 53 83 14 -1 89 62 11  2  5 96 89 15 64 86 21 82 25 32 15 16 27 51 65 72 60 72 63 36 38 63 32 97 45 84 27 33 77 75 72 87 70 60 34 65 45 60 46  1 23 67 54 55 : 51.7
zQSiYpxaKxyaj, HbouiNaNNBjNiYS ........... 37 46 39 89 99  0 58 88  2 37  0 81 37 62 21 30 71 75 40 42 15 88 22 36 11 20 68 82 42 72 91 85 49 29 -1 80 34 63 67 41 31 -2 54 73 98  6 35 68 86 80 10 33 67 69  0  9 94 74 96 36 77 86 52 57 47 56 36 12 50 34 91 86 70 44 91 67 87 25 : 51.7
sQ, bHLfj ................................ 17 47 -4 43 64 33 16 33 73 75 74 31 100 12 67 47 67 78 100 82 56 65 24  8 95  7 22 22 72 34 10 94 12 44 68 82 82 15 46 54 95 51 16 20 68 88 73 66 97 -2 80 53 100  3 98 94 47 51 16 18 90 63 43 33  6 42 46 20 62 97  5 56 79 27 82 46 46 86 : 51.6
xTnhcVfjjWH, QavuypAWVRV ................. 88 35 72 49 51 40 100 48 23 83 30 15 79 45 64 44 30 50 64 58 73  5 58 58 58 73 96 59 85 90 86 -2 56 89 85 38 28 84 92 57 98 53  3 76 -3 73 52 65 22 47 22 26 58 85 90 47 89 85  5  0 74 22  3 29 11 93 72 44  2 95 32  0 47 41  7 50 13 64 : 51.6
HbaJyew, fvDYiTgLkidTzkc ................. 79 62 24 35  1 81  9 97 99 62 14 71 30 68 -2  0 59 85  9 56 38 81 92 60 82 97 93 36 29 66 30 39 59 59  6 98 39 20 94 38 13 39 40 48 38 75 85 28 91 100 90 61  6  7 20 93 36 44 60 -4 42 95 73 32 86 84 29 24 35 54 99 53 24 70  1 99 45 17 : 51.6
KRBhteHhLOdlDy, pOiPkysE ................. 76 66 53 60 83 18 26 37 77 45 70 64 60 33 53 56 75 48 67 23 72 52 89 41 59 23 51 36 22  2 74 30 73 59 21 87 82 84 56 58 28 25 22 19 64 80 80 38 59 47 98 30 30 12  3 94 72 59 29 26 98 35 61 70 99 87 57 80 -3 12 69 30 74 22 55 37 33 34 : 51.6
YgZrAzlufOQ, KMm ......................... 14 77 47 83 67 -3 40 75 24 57  6 85 33 32 76 60 70 12  4  1 71 17 95 42 96 -2 25 98 27 88 14 78 96 67 92 62 -5 32 69 25 94  6 41 26 43 17 91 44 66 26 51 37 48 77 10 43  6 73 72 70 60 92 80 87 90 71 80 90  2 48 46 27 59 93 58 34 41 80 : 51.6
vZ, MaGy ................................. 56 81 -4 -5 81 32  2 34 85 41 74 65 56 96 87 37 77 -5 49 59 74 71 71 49 28 29 53 93 72 89 52 59 69 86 60 82 49 67 15 34 39 20 30 100 15 16 68 23 17 16 87 22 19 57  2 52 91 60 45 94 80 28 53 49 45 44 30 100 42 82 33 86  2 68 12 22 90 85 : 51.6
HESRXk, KHdgNntUaW ....................... 76 75 74 29 40 99 61 19 56 -5 79 95 33 93 69  0 71 69 68 87 71 70 73 47 34 46 54 62 75 21 28 50 -4 34 11 73 64 77 98 51  3 76 45 42 100 13 47 71 14 46 57 16 15 62 100 54  7 54 48 87  6  7 68 39 78 84 12 41 93 41 97 -5 48 74 74 47 18 20 : 51.6
