TfX, bNWUorcmKtJJH  94 78 42 49 38 56 96 89 81 79 78 37 79 63 79 53 28 95 41 36 17 69 100 76 54  0 66 55 43 100 88 36 : 62.3
IWoseulnD, afeCgFZqlsp  68 77 18 92 22 -1  3 79 62 19 100 97 78 44 89 51 65 52 83 50 66 90 74 25 49 75 99 90 95 55 -1 94 : 61.2
ioaIenZFd, ckvBFhOhnYP  95 67 22 91 30 35 79 68 76 73 26 79 64 60 27 59 98 50 76 20 77 57 29 44 67 17 73 81 52 48 80 46 : 58.3
IzXChkCCEdo, xj ...  3 60 83 62 83 98 93 50 45 99 22 42 65 95 40 93 51  3 36  0 80 -1 95 44 81 79 62 46 97 75 43 31 : 58.0
hDRo, Lbm ......... 69  7 77 19 84 -3 90 78 47 61 97 96 16 68 84 43 71 31 70 82 78 25 32 31 86 74 58 50 67 20 97 35 : 57.5
dCnjem, mQNtMHtDnLNSsTQ  60 14 67 77 65 92 37 38 94 36 22 70 78 52 84 83 83 72 47 32 -5 95 38 45 34 86 70  9 52 75 85 43 : 57.2
DRknQxOQvAegKDu, rRfKjCYpzNs  69 93 75 17 66 62 66 33 19 62 48 34 95 82 99 97 36 94  5 74 20 32 98  9 89 88 46 45  5 77 48  5 : 55.9
PpeVRazS, RVrRBB .. 54 73 33 23 97 94 44 20 73 37 48 86 42 97 10 -2 96 29 61 45 39 75 66 84 46 73 34 11 100 82 24 86 : 55.6
tAdNcBuagxKACn, OrvQlqqLZgEcATd  40 75 89 90 96 87 88 77 -2 41 -1 79 79 -1 52 86 20 19 50 81 35 27 96 81 75 24 60 60  8 35 45 86 : 55.5
AVGAuytVThq, VkNxuecIlXCvidF  43 91 -2 65 16 22 86 77 33 54 60 23 47 36 95 -1 76 87 13 99 99 59 87 61 60  9 100  2 87 71 88 29 : 55.4
nI, NTmVQgUoBeUQDS  62 70  2 64 38 97 55 64 95 15 88 41 96 78 26 41 85 86 17 54 96 73 12 13 64 51 11 17 14 55 85 81 : 54.6
hpW, jbR ..........  0 94 36 80 30 85 89 67 78 79 70 27 42 78 33 14 88 37 21 64 14 50 -2 42 84  8 83 57 67 79 78 72 : 54.5
xBdJCToICSq, dJasgPZh  48 44 79 25 79 -4  0 98 84 94 82 48 53 45 99 26 57 19 26 97  2 27 85 97 55 97 39 13 43 54 28 96 : 54.2
DstNLrxypisNKnC, kSIvScZWqMQAZF  14 47 30 63 99 23 20 31 32  1 98 91 60 17 54 17 94 88 44 77 42 43  9 100 69 86 18 82 93 78 75 38 : 54.2
UbbpIfLsnSdU, QlM . 48 63 30 35 51 28 65 100 64 46 41 21  9  7 74 95 79 89 71 59 80 96 61 43 75 39 86 44 60 -4 38 40 : 54.2
nekUvlgcV, DZCiUjCyiLVPz  100 34 51 74 78 82 69 35 26 32 51 -4 79 40  3 30 28 60 22 73 98 21 66 89 93 75  3 74 50 64 51 81 : 54.0
