seulnDudiOqsvO, pqYJ  65 52 83 50 66 90 74 25 49 75 99 90 95 55 -1 94 31 22 85 90 58 19 : 62.1
ArEI, yTJixMYoKvSIIJc  44 45 83 88 39  7 73 81 15 49 91 81 34 65 55 66 72 67 64 35 76 96 : 60.3
VMiQNlAfUONnaS, RluEZmNUnxl  80 74 95  5 43 55 41 31 65 97 85  6  5 93 31 73 85 87 46 73 89 64 : 60.1
rxIzXChkCCE, MnZkq  34 12 82 97  3 60 83 62 83 98 93 50 45 99 22 42 65 95 40 93 51  3 : 59.6
gXpzAx, fAtruyADQgo  51 47 67 38 54 83 84 87 63 74 83  4 57 14 89 41 67 61 36 84 70 42 : 58.9
SdUcw, mXcbT . 51 28 65 100 64 46 41 21  9  7 74 95 79 89 71 59 80 96 61 43 75 39 : 58.8
dCnjem, mQNtMHtDnLNSsTQ  60 14 67 77 65 92 37 38 94 36 22 70 78 52 84 83 83 72 47 32 -5 95 : 58.8
hDRo, Lbm .... 69  7 77 19 84 -3 90 78 47 61 97 96 16 68 84 43 71 31 70 82 78 25 : 58.6
gc, btm ...... 78 27 54 19 53 69 63 26 95 41 47 65 -1 26 92 97 75 98 68 92 73 27 : 58.4
iSzsQTSfJ, fVHxqQYTItnXgOB  22 73 24 79 65 89 82 71 67 27 65 68 38  2 77 94 59 70  8 28 70 74 : 56.9
XpDRfRQFg, JvQoxvwTseGb  59 32 79 66 98  1 24 62 21 74 84 45 75 10 90 52 75 83 62 29 24 67 : 55.1
