wmXAqEdCnjem, GyJmQNtMHtDn  60 14 67 77 65 92 37 38 94 36 22 70 78 52 84 83 83 72 47 32 -5 95 38 45 34 86 70  9 52 75 85 43 94 83 51 90 74 93 60 99 61 87 : 62.4
KzpaKCln, wAkYjUuGLCQST  23 46 50 97 29  7 68 97 99 64 13  2 94 96 -4 82 40 99 71 48 85 45 62 29 55 18 44 14 39 37 67 99 88 49 96 48 93 63 76 92 58 94 : 58.9
CYoCujCcDO, yhgDiu ..... 47 76 91 85 14 76 23 77 69  5 51 27 92 91 33 99 22 32 39 63 62 70  2 64 38 97 55 64 95 15 88 41 96 78 26 41 85 86 17 54 96 73 : 58.5
Hgz, WmamjmlhXsq ....... 14 87 34 96 53 51 26 -3  6 62 90 35 47 100 39 76 89 24 78 100 73 71 79 92 26 81  1 51 16 46 94 35 64 28 63 48 84 94 50 95 55 72 : 57.7
ot, pThOrMFRckv ........ 92 97 97 32  8 88 32 35 95 27 72 60 28 49 96  1 18 11 23 95 50  3 68 78 57 98 83 -2 76 100 95 67 22 91 30 35 79 68 76 73 26 79 : 57.3
hDRo, Lbm .............. 69  7 77 19 84 -3 90 78 47 61 97 96 16 68 84 43 71 31 70 82 78 25 32 31 86 74 58 50 67 20 97 35 64 73 92 47  2 81 25 54 73 53 : 57.2
logQFJkb, bwL .......... 99 29 95 19 79 65 89 100 84 -2 61 -4 64  7 66 94 86 78 84 31 58 58 29 56 16 76 41 57 92 16 48 16 82 42 72 60 38 60 92 21 64 84 : 57.2
hR, DcyqYZg ............ 71 90 95 30 57 39 88 40 73 82 29 38 94 48 95 40 13 13 85 30 87 89 10 69 80  2 79 59 92 29 67 62 51 93 97  7 31 10 85 35 97 13 : 57.0
xO, YpzNsqutXg ......... 71 55 96  8 33 -5 22 93 58 51 91 31 25 18 100 71 69 93 75 17 66 62 66 33 19 62 48 34 95 82 99 97 36 94  5 74 20 32 98  9 89 88 : 56.7
iJEWOPMVHivaUK, Sk ..... 18 63 44 95 71 64 65 98 31 97 12 77 13 98 23 79 96 39 76 89  1 77 45 100 82 53 18 63 67 92 21 90 55 70 11 25 66  7 54 28  3 71 : 55.9
SfwqAy, vgHTNQMRKKooKU . 41 10 35 77 65 84 68 77 86 34 74  6 68 46 38 54 47 95 93 67 81 34 74 97 64 33  9 49 61 58 59  1 74 25 83 70 40 82 46 25 48 51 : 55.5
QGwQ, wDX .............. 63 20 45 92 66 77 62 24 81 57 38 55 68 13 37 67 58 23 37 27 75 65 68 57 89 28 91 95 19 78 89 87 29 65  4 26 73 71 55 54 59 24 : 55.0
zmSl, TNnpZanklfOxgXf .. 35 88 97 17 -3 74 35 77 97 12 94 24 84 20 100 42 91 36 90  3  9 -5 99 18 68 88 24 98 98 20 -5 64 39 97 87 41 70 53 17 99 70 42 : 54.9
VFNxgY, COeCXDy ........ 40 33 86 81 13 64 68 75 47 92 93 31 57 54 97 90 43 77 14  5 16 74 90 21 -5 61 24 80 83 30 60 55 68 77 67 12 72 66 18 50 58 43 : 54.3
GIiqEsTmDakOf, SfSnGrvoRvdOE  51 86 19 22 75 59 90 94 39  5 40 73 79 93 99 66 31 79 88 94 11  6 21 28 35 16 26 81 36 88 54 19 73  4 78 48 69 67 73 39 78 44 : 54.2
vEvIGrGHGzL, sKWP ...... 61 -2 78 49 58 70 49  5 18 100 72 56 88 71 72 44 33 62 83 -1 35 13 15 58 62 75 90 93 74 39 54 66 74 63 14 31 65 100 73 14 26 76 : 54.2
inh, DCLGH ............. 82 82 87  3 91 44 50 76 61 72 61 56 77 78  1 72 28 17 94 47  4  4 59 65 27 35 96 78 -4 89 18 84 -4 36 18 19 85 73 100 45 77 92 : 54.2
IumCQsuaEo, RefjKCP .... 26 41 49 78 52  7 34 78 25 79 86 93 61 89 31 76 56 96  4 84 58 71 -4 33  2 32 16 38 88 37 91 14 84 71 97 35 83 62 44 39 73 61 : 54.0
nl, jNCD ............... 85 25 47 65 48 40 77 63 66 55 83 68 84 16 16  8 10 91 25 38 61 -1 56  5 51 49 41 82 76 94 63 93 50 42 57 -3 87 65 97 52 52 80 : 53.8
tN, djMDZVY ............ 57 28 48 23 86 81 86 29 70 93  1 71 45 47 69 34 -5 -3 52 61 75 21 49 88 96 67 59 19  5 81 32 67 40 85 21 25 97 38 60 98 63 98 : 53.7
yoeWMDCDWTyJZc, dvRoVJcMrqkgMa  19 22 72 38 98 71 50 58 50 84 72 42 26 73 19 97 11 98 10 33 48 26 48 16 93 14 75 37 71 31 97 22 58 68 97 88 71 47 45 52 62 48 : 53.7
