hDRo, Lbm ........... 69  7 77 19 84 -3 90 78 47 61 97 96 16 68 84 43 71 31 70 82 78 25 32 31 86 74 58 50 67 20 97 35 64 73 92 47 : 58.8
Cu, HOGyhgDiuYMX .... 100 40 71 69 58 91 21 98 29 93 47 76 91 85 14 76 23 77 69  5 51 27 92 91 33 99 22 32 39 63 62 70  2 64 38 97 : 58.8
KBXrw, sk ........... -5 70 58 100 61 90 84 60 17 100 99 84 100 93 22 32 19 82 62 81 66 88 53 46 45 53 33 73  4 32 55 37 33 44 36 100 : 58.5
ErgwRGlXkQcs, WjYOBQaXaaumU  74 80 76 51 100  8 87 71 70 15 22 35 51 93 29 29 74 59 87 95 63 20 45 92 66 77 62 24 81 57 38 55 68 13 37 67 : 57.5
ruBELoRwQtL, dYduDf . 13 58 96 97 26 75 88  6 34  3 93 92 73 55 89 96 12  2 47 21 42 23 58 28 72 93 90 77 42 82 83 93 40 78 89 -3 : 57.3
EdoF, jkTyaBhIQ ..... 83 62 83 98 93 50 45 99 22 42 65 95 40 93 51  3 36  0 80 -1 95 44 81 79 62 46 97 75 43 31 34 25 98 16 54 17 : 56.6
BOVWX, ZanklfOxgXfZdUZ  94 24 84 20 100 42 91 36 90  3  9 -5 99 18 68 88 24 98 98 20 -5 64 39 97 87 41 70 53 17 99 70 42 22 86 99 53 : 56.5
PNhZ, qRTiabbSupMDbNW  53  5 75 34 84 57  2 23 22 59 54 86 75 58 70  6 29 28 94 78 42 49 38 56 96 89 81 79 78 37 79 63 79 53 28 95 : 56.5
ayEvaJeJDhe, LYWim .. 68 94 76 100 79 92 78 48 19 63 88 21 31 37 31 26 76 100 72 50 11 92 48 47 77 80 17 33 59 38 41 58 32 48 58 42 : 56.4
KRIybpmdh, uQpcDApNzCsTL  74 22 97 89  0 94 36 80 30 85 89 67 78 79 70 27 42 78 33 14 88 37 21 64 14 50 -2 42 84  8 83 57 67 79 78 72 : 56.3
sEtDfbJpjyZXT, PLVcABbW   5  0 40 86 92 69 22 76 64 31 65 -4 46 -1 73 37 90 91 72 34 49 74 97 48 24 73 42 47 86 60 92 97 97 32  8 88 : 55.6
KzpaKCln, wAkYjUuGLCQST  23 46 50 97 29  7 68 97 99 64 13  2 94 96 -4 82 40 99 71 48 85 45 62 29 55 18 44 14 39 37 67 99 88 49 96 48 : 55.4
dUcwDHrIEiWQpE, MOBjrmXcbTo  75 39 86 44 60 -4 38 40 65 -1 80 47 32 77 78 27 54 19 53 69 63 26 95 41 47 65 -1 26 92 97 75 98 68 92 73 27 : 54.5
zjGBOFFsdX, ZV ...... 56 29 27 79 17 21 89 92 69 69 56 100 60 82 28 71 62 20 36 41 56 14  8 70 -4 79 30 45 34 28 67 96 63 99 74 85 : 54.1
AqIumCQsuaEoyR, OtajZLbhhRefjK  52  7 34 78 25 79 86 93 61 89 31 76 56 96  4 84 58 71 -4 33  2 32 16 38 88 37 91 14 84 71 97 35 83 62 44 39 : 53.9
MIboMrdrU, sbJf ..... 54  4 57 53 97 46 44 39 62 92 64 11 37 76 93 53 86 -4 23 97 34 67 83 18 18 99 11 77 94 77 37 80 12 100 32  9 : 53.7
fLuAgshB, gdgCtDxUBOr  75 77 85 -4 22 98 46 89 80 40 45 -3 15 71 43 79 96 75 98 87 97 18 63 54 -3 35 29 86 12 21 60 93 29 44 20 57 : 53.6
PUWNZucc, iWwIGz .... 86 21 19 58 69 93 91 52 99 -3 26 55 80 31 15 93 42 -5 25 21 70 93 56 16 24 47 62 97 82 -1 44 99 57 100 88 26 : 53.6
