jTjAXJsHqHMmTxt, eMoE ............ 33 92 71 65 75 42 64 21 12 100 72 65 100 46 79 56 35 60 96 43 78 86 84  5 24 90  6 42 -1 85 81 70 76 84 66 51 25 30  3 75 61  7 71 60 58 81 47 98 72 42 72 49 59 87 59 15 77 70 94 81 55 74 : 59.3
gLVuqw, UWBVVehPrYqgjck .......... 36 75 57 56 100  4 92 95 35 18 74 79 67 19 88 88 74 27 16 63 27 56 82 76 17 93 58 66 16 63  8 89 38 -4 44 69  6 36 95 78 91 68 89 58 93 76 77 98 34 98 61 99 85 74  0 33 67 63 30 14 25 44 : 57.3
acoDLfCfxsQSd, EYPePkJzBmap ...... 94 73 35 64 14 84 16 78 54 82 90 98 59 80  5 57 97 31 59 64 60 78 52 81 53 82 70 75 96 11 36 90 15  2 85 67 91  0 44 76 13 65  0 78 44 42 66 72 79 56 35 70 33 92 51 91  0 52 98 -5 68 33 : 57.0
BsDztNicbcv, cewBGlAzSaB ......... 79  2 -4 87 83 58 80 64 19 36 11 80 28  9 98 -5 89  9 45 77 58  8 58 69 74 85  1 19  9 24 62 93 31 96 80 46 53 91  9 78 26 58 89 60 72 86 92 92 26 36 69 89 81 58 90 54 74 96 78 88 51 72 : 56.9
bbpIfLsnSd, orOqKxPZQlMO ......... 85 63 48 63 30 35 51 28 65 100 64 46 41 21  9  7 74 95 79 89 71 59 80 96 61 43 75 39 86 44 60 -4 38 40 65 -1 80 47 32 77 78 27 54 19 53 69 63 26 95 41 47 65 -1 26 92 97 75 98 68 92 73 27 : 55.9
woZSE, jaWI ...................... 69 62 38 40 38 65  5  1 -1  7 77 81 91 81 37 45 29 -3 93 31 88 28 92 36 60 56 87 36 -1 97 30 73 90 73 12 27 69 55 65 73 99 42 86 89 54 54 65 14 88 58 51 76 91 74 43 83 61 29 18 65 57 86 : 55.1
lVqGPLYHDJhqlvp, lamdTIlzPxZWwqA . 45 95 66 29 56 81 90 79 43 24 28 -5 99 63 37 43 32 51 26 11 86 46 84  1 60 89 92 57 24 25 63 74 19 60  3  7 40 24 91 88 53 50 88 84 12 57 58 50 39 90 66 25 67 81 63 26 70 55 88 99 85 82 : 55.1
PqIzUinYNAH, wuaNQ ............... 28 79 89  2 53 -3 37 83 58 39 63 55 97 91  3 25 78 63 57 45 66 90 76 86 74 83 13  5 57 83 28 90 94 48 23 46 50 97 29  7 68 97 99 64 13  2 94 96 -4 82 40 99 71 48 85 45 62 29 55 18 44 14 : 55.0
gwRGlXkQcsx, OBQaXaaumUEH ........ 76 51 100  8 87 71 70 15 22 35 51 93 29 29 74 59 87 95 63 20 45 92 66 77 62 24 81 57 38 55 68 13 37 67 58 23 37 27 75 65 68 57 89 28 91 95 19 78 89 87 29 65  4 26 73 71 55 54 59 24  8 26 : 54.8
DgEv, iijwdchuSPPPBqv ............ 66 31 39 84 34 12 10 20 24 94 51 77  8 72 44 82 33 15 49 83 44  9 71 88 88 47 78 77 25 15 100 97 83 38 80 48 56 21 73 11 46 55 94 92 59 37 73 97 57 53 79  0 67 82 19 87 28 28 63 90 48 62 : 54.7
wvJGfEZOaYC, oPWmFARWjGnH ........ 72 14 69 55 24 89 67 57 20 15 73 77 38 58 69 14 60 86 11 75 74 34 48 14 90 61 68 78 67 73 44 39 92 44 25 47 64 23  3 90 43  8 98 86 -3 98 -1 62 84 48 36 89 87 15  3 76 81 76 85 80 80 28 : 54.5
MHEPY, hKtglTZZbYAa .............. 90 98 80 100 25 93 70 59 72 88 65 35 21 82 99 39 32  1 59 44 46 69 32 40 34 94 24 80 74 32 33 95 61 44 94 18 37 96 82 40 83 78  6 35 92  5 79 55 11 69 -1 95 37 36 34  2 62 64 14 35 27 84 : 54.5
LYFmJPP, TDPpKZGZUd .............. 31 88 24 86  5 72 98 58 86 71  6 12 93 80 87 24 71 10 20  3 40  6 14 87 34 96 53 51 26 -3  6 62 90 35 47 100 39 76 89 24 78 100 73 71 79 92 26 81  1 51 16 46 94 35 64 28 63 48 84 94 50 95 : 54.3
MnkBVTs, hMoEE ................... 29 59 90 91  6 21 72 53 71 40 16 84 95 91 14 39 66 10 60 49 74 59 93 64 47 37 69 67 11 92 43 45 83 32 35 94 59  6 46 61 83 99 76 77 15 96 48 13 37  7 99 10 71 92  6 49 60  6 47 76 30 96 : 54.3
tUckwx, jIKlpDpoYZDPsbJ .......... 85 97 31 23 76  1 19  7 88 44 39 43 68 92 27 85 100 -4 85  1 29 -5 63  7 33 26 55 24 25 52 21 41 81 58 -5 56 96 52 100 83 -5 70 58 100 61 90 84 60 17 100 99 84 100 93 22 32 19 82 62 81 66 88 : 54.2
seAsDk, YuTajeYtWqv .............. 38 -5 66 40 89 97 47 85 -3 -4 79  6 60 27 24 94 46 97  4 56 69 77 94 73 76 97 99 62 40 57 67 10 89 64 87  3 61 34 20 95 67 30 33 58 62 62 52 40 58 93 27 58 -4 20 30 77 17 61 70 94 49 68 : 53.9
nI, eUQDS ........................ 62 70  2 64 38 97 55 64 95 15 88 41 96 78 26 41 85 86 17 54 96 73 12 13 64 51 11 17 14 55 85 81 56 18 44 99 14 30 94 40 82 82 87  3 91 44 50 76 61 72 61 56 77 78  1 72 28 17 94 47  4  4 : 53.7
MSTCi, oEFdbfQtvv ................ 75 39 12 85  3 21 76 79 58 48 80 27 98 78 59 94 97 92  1 96 14 11 23 14 28 93 22 68 81 61 64 55 -1 81 71 40 33 79 18 96 58 29 55 87 39 13 80 67  4 87 63 23 29 91 75 62 83 -4 29 95 62 25 : 53.6
FnvoVMiQ, sFQjNCDRluEZmN ......... 41 82 76 94 63 93 50 42 57 -3 87 65 97 52 52 80 52 67 27 73 80 74 95  5 43 55 41 31 65 97 85  6  5 93 31 73 85 87 46 73 89 64 38 86 16 21 97 -1 93 55  3 -1 28 -2 41  3 58 87 39 55  9 23 : 53.5
iikM, OlGXksNcPn ................. 32 89 91 28 -2 44 98 64 94 71 53 85 23 57 51 18 79 49 72 80 95 -5 61 42 58 42 92  9  2 72 83 71 92 74 -1 95 49 28 90 75 -1 43 59 59 31  9  8 41 64 85 21 90 86 13 31 75 60 54 89 68 25 -3 : 53.3
jyZ, nyv ......................... 91 82 13 40  5  0 40 86 92 69 22 76 64 31 65 -4 46 -1 73 37 90 91 72 34 49 74 97 48 24 73 42 47 86 60 92 97 97 32  8 88 32 35 95 27 72 60 28 49 96  1 18 11 23 95 50  3 68 78 57 98 83 -2 : 53.3
bpmd, LiOgJ ......................  4 36 74 22 97 89  0 94 36 80 30 85 89 67 78 79 70 27 42 78 33 14 88 37 21 64 14 50 -2 42 84  8 83 57 67 79 78 72 -2 45 83 65 62 71 32 71 81 33 -3 55 10 68 74 29 36 100 98 55 49 28 28 64 : 53.2
XKUHNHIjxOqazFd, CFkfWzVhuMY ..... 61 94 83 98 72 -1 14 39 77 16 44 37 94 36 81 61 93 30  6 64 36 97 92 41 73 49 81 79 33 30  6 99 56 94 96 27 99  9 -3  1 63 78 75 56 45 87 48 38 17 91 33 58 13 56 -1 91  4 11 69 42 46 81 : 53.1
nGBYNzZwq, EX .................... 74 62 16 42 100 16 83 35 82  7 23 67 35 10 84 27 38 32 50 50 40 -4 18 69 84 92 46 93 26 99 72 -1 92 93 78 18  8 60 90 95 72 12 93 38 28 77 71 71 40 52 53 86 54 76 54 37 99 32 29 24 62 32 : 53.1
hALBl, lNKgmxkHTlubJ ............. 25  1 23 78 86 46 83 19 66 34 13 43 73 14 43 53 63 56 58 72 93 27 37 41 71 85 53 91 36 54 84 98 60  6 75 78 90 90 -4 55 55 46 -2 28 97 78 12 91 33 75 62 58  1 30 -2  3 46 88 100 87 42 83 : 52.9
liBtkh, xH ....................... 48 50 79 37 98  0 87 40 80  2 92 96 31 12  8 78  2 91 76 67 69 97 53 83 14 -1 89 62 11  2  5 96 89 15 64 86 21 82 25 32 15 16 27 51 65 72 60 72 63 36 38 63 32 97 45 84 27 33 77 75 72 87 : 52.8
qoT, ADVkNxuecI .................. 88 50 17 26 92 89 56  6 69 51 59 62 45 67 53  3 60 83 92  7 40 56 31 70 23  2 42 40 72 49 43 91 -2 65 16 22 86 77 33 54 60 23 47 36 95 -1 76 87 13 99 99 59 87 61 60  9 100  2 87 71 88 29 : 52.8
SeljKo, BPUqVoXwiBzQ ............. 46 40 32 81 73 42 42 12 94 30 21 56 15 42 89 42 42  7 58 91 85 23 97 15 93 100 98 95 53 35 55 -2  6 92 85 84 66 58 27 91 93 54 46 39 27 34 87  1 79 44 97 95 -1 93  9 23 19 38 17 77 78  3 : 52.6
RzVCmff, uuielVFk ................ 95 54 23 13 100 38 14 -4 73 71 40 87 56 21  0 94 40 48  3 77 92  1 86 62 94 50 44 29 95 -3 88 90 89 43 34 14 86 54 15 90 56 60 76 11 12  7 36 58 93 77 66 84 83 52 45 76 33 94 36 59 23 24 : 52.5
wphQ, gOEVNQlSiccs ............... 28 80 53 79 48 68 51  6 86 97 71 12 59 47 59 19 54 13 21 80 73 53 69 12 81 26 88 78 -1 24 68 65 35 52 43 89 19 25 26 37 21 28 54 12 81 44 68 66 95 94 78 99 78 78 10 90 35 -3 68 39 59 67 : 52.5
KeRqNoD, WLqwyZYrDCawYy .......... 81 83 19  2  9 -2 58 71 61 90 34 22 81 19 95 23 62 73 72 61 59 64 92 19 39 100 20 100 88 68 45 68 51 -5  2 65 30 65 68 97 87 33 50 99 57 44 21 18 48 98 85 38 94  2 62 32  2 14 63 21 87 40 : 52.3
