AmykEIoITXICU, wv ..... 89 87 42 76 10 99 60 87 85 97 44 79 41 10 35 77 65 84 68 77 86 34 74  6 68 46 38 54 47 95 93 67 81 34 74 97 64 33  9 49 : 61.5
rwF, yTeDkGGIskySy .... 58 100 61 90 84 60 17 100 99 84 100 93 22 32 19 82 62 81 66 88 53 46 45 53 33 73  4 32 55 37 33 44 36 100 65 52 91 88 51 15 : 60.1
SfIfMrwhDZjaco, xflHAmJJVgE   7 46 59  8 98 12 95 71 36 24 88 88 90 43 99 57 17 83 42 62 94 73 35 64 14 84 16 78 54 82 90 98 59 80  5 57 97 31 59 64 : 59.0
qQFCp, JQI ............  3 86 47 95 51 37 29 16 68  6 18 84 23 81 92 75 94 48 89 94 58 18  0 30 55 88 63 51 29 84 64 69 69 42 64 51 84 98 73 84 : 57.8
JTwfkLvbLYUcVLW, TngTIScwaSVq  86 77 75 42 98 44 32 76 83 79 -2  0 51 47 67 38 54 83 84 87 63 74 83  4 57 14 89 41 67 61 36 84 70 42 25 99 17 94 74  0 : 57.4
hDRo, Lbm ............. 69  7 77 19 84 -3 90 78 47 61 97 96 16 68 84 43 71 31 70 82 78 25 32 31 86 74 58 50 67 20 97 35 64 73 92 47  2 81 25 54 : 57.0
cuEPNhZCN, upMD ....... 84 57  2 23 22 59 54 86 75 58 70  6 29 28 94 78 42 49 38 56 96 89 81 79 78 37 79 63 79 53 28 95 41 36 17 69 100 76 54  0 : 56.5
XTTzctoFe, bWbETwnnyvdxU  73 37 90 91 72 34 49 74 97 48 24 73 42 47 86 60 92 97 97 32  8 88 32 35 95 27 72 60 28 49 96  1 18 11 23 95 50  3 68 78 : 56.3
emnUNBjdheVNKoh, tDnLNSsTQLaNp  70  9 52 75 85 43 94 83 51 90 74 93 60 99 61 87 68 38 39 83 52 53 54 -2 90 87 98 60 31 63 45  0  3 -4 80 19 44  0  1 100 : 55.7
Qc, iHkt .............. 64  9 74 80 76 51 100  8 87 71 70 15 22 35 51 93 29 29 74 59 87 95 63 20 45 92 66 77 62 24 81 57 38 55 68 13 37 67 58 23 : 55.6
nDLEYz, YBSbGuTQV ..... 61  5 48 52 19  2 71 90 95 30 57 39 88 40 73 82 29 38 94 48 95 40 13 13 85 30 87 89 10 69 80  2 79 59 92 29 67 62 51 93 : 55.2
zmSl, TNnpZanklfOxgXf . 35 88 97 17 -3 74 35 77 97 12 94 24 84 20 100 42 91 36 90  3  9 -5 99 18 68 88 24 98 98 20 -5 64 39 97 87 41 70 53 17 99 : 54.8
DPmYbhpUktQmau, NeVAEZI   9 28 72 18 99 62 51 64 80 85 100 61 94 62 28 59 29 85  4 29 15 21 92 85 30 60 41 29 38 78 89 84 37 92 33 36 53 89 31 32 : 54.6
BRUVyJNdxqDdiY, ojTzBiFJSp  70 94 49 68 35 69 32 54 78 24 93 29 50 91 64 88 48 57 81 31 -4 70 56 28 27 57 86 95 65 34 55 34 59  3 34 26 77 -3 85 86 : 54.4
Vaj, LypsxeSKGN ....... 69 23  1 59 97 74 100  1 79 91 30 27 25 50 58 65 66 59 89 21 75 -5 11 100 94 63 99 56 54 30 13 54 58 51 44 86 24 43 92 35 : 54.0
MrdrUd, nOeAIsbJfcKVp . 57 53 97 46 44 39 62 92 64 11 37 76 93 53 86 -4 23 97 34 67 83 18 18 99 11 77 94 77 37 80 12 100 32  9 77  7 85 70 -2 48 : 54.0
Ucw, bToV ............. 51 28 65 100 64 46 41 21  9  7 74 95 79 89 71 59 80 96 61 43 75 39 86 44 60 -4 38 40 65 -1 80 47 32 77 78 27 54 19 53 69 : 53.9
FNx, XDyA ............. 80 17  1 81 40 33 86 81 13 64 68 75 47 92 93 31 57 54 97 90 43 77 14  5 16 74 90 21 -5 61 24 80 83 30 60 55 68 77 67 12 : 53.8
ca, JdjMD ............. 87 71 24 38 91 82 57 28 48 23 86 81 86 29 70 93  1 71 45 47 69 34 -5 -3 52 61 75 21 49 88 96 67 59 19  5 81 32 67 40 85 : 53.8
DqqGqnlI, OKSxgoxISsF . 47 65 48 40 77 63 66 55 83 68 84 16 16  8 10 91 25 38 61 -1 56  5 51 49 41 82 76 94 63 93 50 42 57 -3 87 65 97 52 52 80 : 53.7
