bBCCYoCujC, uHOGyhg ..... 58 91 21 98 29 93 47 76 91 85 14 76 23 77 69  5 51 27 92 91 33 99 22 32 39 63 62 70  2 64 38 97 55 64 95 15 88 41 96 78 26 41 85 86 : 59.2
MEGNBJKBXrwFf, yCFQTyTeD  61 90 84 60 17 100 99 84 100 93 22 32 19 82 62 81 66 88 53 46 45 53 33 73  4 32 55 37 33 44 36 100 65 52 91 88 51 15 71 51  8 98 14 64 : 58.0
aKClnReIeVN, CQSTSRx .... 94 96 -4 82 40 99 71 48 85 45 62 29 55 18 44 14 39 37 67 99 88 49 96 48 93 63 76 92 58 94 25 52 15 26 65 93 25 36 72 41 86 33  1 72 : 57.2
XTTzctoFe, bWbETwnnyvdxU  73 37 90 91 72 34 49 74 97 48 24 73 42 47 86 60 92 97 97 32  8 88 32 35 95 27 72 60 28 49 96  1 18 11 23 95 50  3 68 78 57 98 83 -2 : 56.5
QzhdvMadMnZzl, dNKBcAa .. 48 68 68 61 59 82 37 41 55 39 68 91  0  0 98 32 72 10 34  5 55 74 99 94 39 63 30 43  1 93 42 54 60  9 46 51 96 89 97 83 59 96 73 64 : 56.3
hDRo, Lbm ............... 69  7 77 19 84 -3 90 78 47 61 97 96 16 68 84 43 71 31 70 82 78 25 32 31 86 74 58 50 67 20 97 35 64 73 92 47  2 81 25 54 73 53 49 20 : 56.2
gwRGlXkQcsx, OBQaXaaumUEH  76 51 100  8 87 71 70 15 22 35 51 93 29 29 74 59 87 95 63 20 45 92 66 77 62 24 81 57 38 55 68 13 37 67 58 23 37 27 75 65 68 57 89 28 : 55.5
xKeIMcFo, cBx ...........  9 -5 17 73 50  9 38 73 74 89 88 100 98 83 82 61 58 -2 11 31 32 79 52 42 40 91 56 80 93 74 56 33 74  4 37 55 50  6 60 56 100 47 87 97 : 55.4
QWFJm, tWqvZFQFOhJH ..... 24 94 46 97  4 56 69 77 94 73 76 97 99 62 40 57 67 10 89 64 87  3 61 34 20 95 67 30 33 58 62 62 52 40 58 93 27 58 -4 20 30 77 17 61 : 55.4
TwfkLvb, gTIScwaSVqs .... 11  8 -5 49 91 65 42 51 31 48 85 16 73 95 86 77 75 42 98 44 32 76 83 79 -2  0 51 47 67 38 54 83 84 87 63 74 83  4 57 14 89 41 67 61 : 54.9
yNuceNw, oiIxmZRh ....... 91 76 18 19 81  4 90 22 79 -4  8 71 -4 79 86  1 32 34 86 27 87 51  3 14 81 40 79 89 63 66 57 85 41 80  3 53 90 98 80 100 25 93 70 59 : 54.6
qGkny, idFkQcARRNiin .... 33 54 60 23 47 36 95 -1 76 87 13 99 99 59 87 61 60  9 100  2 87 71 88 29 93 91 100  8 44 85 16  8 70  7 37 17 49 31 53 56 49 72 55 79 : 54.4
TRfOUDHhqSY, FZEpKgrVA .. 83 99 39 14 77 70 63 85 35 11 26 78 100 -4  1 32 10 57 26 98 98 46 47 26 57 27 74 42 65 44 14 79 43 90 99 51 92 93 36 26 35 99 35 66 : 54.2
QMqkyO, jgqJbHLfjJ ...... 74 31 100 12 67 47 67 78 100 82 56 65 24  8 95  7 22 22 72 34 10 94 12 44 68 82 82 15 46 54 95 51 16 20 68 88 73 66 97 -2 80 53 100  3 : 54.0
KBWXfPrZrODip, ofrMbKLKxeWhe   8 45 29 51 62 57 17 76 20  9 26 94 27 14 92 91 95 45 26 47 40 75 84 78 93 42 75 77 85 -4 22 98 46 89 80 40 45 -3 15 71 43 79 96 75 : 53.9
DqqGqnlI, OKSxgoxISsF ... 47 65 48 40 77 63 66 55 83 68 84 16 16  8 10 91 25 38 61 -1 56  5 51 49 41 82 76 94 63 93 50 42 57 -3 87 65 97 52 52 80 52 67 27 73 : 53.8
bbpIfLsnSd, orOqKxPZQlMO  85 63 48 63 30 35 51 28 65 100 64 46 41 21  9  7 74 95 79 89 71 59 80 96 61 43 75 39 86 44 60 -4 38 40 65 -1 80 47 32 77 78 27 54 19 : 53.6
mAEMDnzPk, TuFIScRaGCubBYr  88 58 68 88 59 55 82 94 30 35  4  5 20 69 -3 65 79 84 63 56 22 17 95 74 66 70 65 24 83 44 64 -3 33 64 16 97 50 30 16 85 70 57 21 95 : 53.5
Lt, lxlozM .............. 24 98 98 20 -5 64 39 97 87 41 70 53 17 99 70 42 22 86 99 53 27 16 95 48 24  3 80 22 27 48 42 88 45 71 39 78 35 83 74 53 23 76  5 77 : 53.5
kayCULAiUJmGYa, YJcuj ... 40 85 21 25 97 38 60 98 63 98 68  7 44 68 46 77 -4 -3 37  3 55 17 96 82 90 86 32 26 66 69 98 38 85 50 68  7 93 27  4 55 57 78 99  0 : 53.3
hPUhkqPNWvPKDd, BDGaNswuuB  60 59 46 77 19 12 22 43 92 76 84 31 62 93 94 32 18 68 97 14 85 -1 59 45 76 20 39 49 91 10 56 50 74 33 59 24 50 12 72 73 93 87 35 54 : 53.3
vfdfmUK, bMf ............ 43 63 97 89 83 27 89 44 99 80 83 35 44 27 78 22 28 56 39 81 -1 22 86 76  0 97 56 52 67 26 41  9 95 37 30  3 -5 18 84 99 -3 98 65 78 : 53.1
