fxsQSdaN, fHZKqxq .......... 14 84 16 78 54 82 90 98 59 80  5 57 97 31 59 64 60 78 52 81 53 82 70 75 96 11 36 90 15  2 85 67 91  0 44 76 13 65  0 78 44 42 66 72 79 56 35 70 33 92 : 57.5
nyFo, jCH .................. 47 36 95 -1 76 87 13 99 99 59 87 61 60  9 100  2 87 71 88 29 93 91 100  8 44 85 16  8 70  7 37 17 49 31 53 56 49 72 55 79 62 41 39 53 87 38 92 73 40 79 : 56.6
zctoFeGkbVZgotg, ETwnnyvdxUqsa  97 32  8 88 32 35 95 27 72 60 28 49 96  1 18 11 23 95 50  3 68 78 57 98 83 -2 76 100 95 67 22 91 30 35 79 68 76 73 26 79 64 60 27 59 98 50 76 20 77 57 : 56.1
QPoeOFqQFCpFAOZ, wTDnIXvgBEkcF  68  6 18 84 23 81 92 75 94 48 89 94 58 18  0 30 55 88 63 51 29 84 64 69 69 42 64 51 84 98 73 84 35 96 67 64 77 91 38 -4 38 58 21 -5 82 26 30 68 46 24 : 56.0
sXs, pqDUxzvX .............. 96 28 43 85 74 60 99 96 -5 80 23 83 90 89 75 87 80 36 96 86 38 73  0  7 36 29 55 -2 60 58 41 55 17 15 40 96  6 70 17  6 49 78 94 39 98 100 57 77 35 52 : 55.9
cseAsDkalQWFJmz, VfTZYuTajeYtWq  46 97  4 56 69 77 94 73 76 97 99 62 40 57 67 10 89 64 87  3 61 34 20 95 67 30 33 58 62 62 52 40 58 93 27 58 -4 20 30 77 17 61 70 94 49 68 35 69 32 54 : 55.8
FhxzXokQyC, HMhV ...........  4 -1 78 98 44 76 43 55  8 10 57 92 47 50 14 68 55 83 29 68 53 71 76 62 47 46 90 20 82 43 38 92 79 47 89 22 23 63 83 68 78 71 92 56 21  5 23 81 93 89 : 55.6
JhhGNpe, RAlxaeozKcStjX .... 37 52 48 13 52 11 56 79 39 58 18 82 86 -2 95 13 71 33 90 88 10 62 87 61 14 65 98 74  6 91 14 49 75 99 99 26 41 86  4 11 44 60 99 29 95 19 79 65 89 100 : 55.4
hDRo, Lbm .................. 69  7 77 19 84 -3 90 78 47 61 97 96 16 68 84 43 71 31 70 82 78 25 32 31 86 74 58 50 67 20 97 35 64 73 92 47  2 81 25 54 73 53 49 20 20 32 69 96 -5 70 : 55.1
Lt, kKlxlozM ............... 24 98 98 20 -5 64 39 97 87 41 70 53 17 99 70 42 22 86 99 53 27 16 95 48 24  3 80 22 27 48 42 88 45 71 39 78 35 83 74 53 23 76  5 77 74 80 50 27 65 81 : 54.6
JeJDhell, Bn ............... 79 92 78 48 19 63 88 21 31 37 31 26 76 100 72 50 11 92 48 47 77 80 17 33 59 38 41 58 32 48 58 42 39 67 95 96 61 83 16 97 19 84 23 26 10 100 81 58 17 61 : 54.5
pmCqJgfLuA, ngdgCt ......... 26 47 40 75 84 78 93 42 75 77 85 -4 22 98 46 89 80 40 45 -3 15 71 43 79 96 75 98 87 97 18 63 54 -3 35 29 86 12 21 60 93 29 44 20 57 73 -2 45 53 43 95 : 54.4
MFTpAmy, pjtdGrrOSarHns .... 94 13 35 57 -1 49 44 91 81 71 67 98 21 -4 41 -5 55 -5 19 33 89 87 42 76 10 99 60 87 85 97 44 79 41 10 35 77 65 84 68 77 86 34 74  6 68 46 38 54 47 95 : 54.3
zSqfzmQ, RtiBJJ ............ 88 90 89 43 34 14 86 54 15 90 56 60 76 11 12  7 36 58 93 77 66 84 83 52 45 76 33 94 36 59 23 24 48 11 72 14 30 57 -1 82 46 60 73 54  3 90 98 76 47 90 : 54.3
AnrGHNxH, qOUpiHar ......... 84 97 59 86 16 24  1 28 100 30 51 76 99 42  9 37 12 54 76 -3 69  4 62 98 93 82 69 28 53 17 36 68 13 100 85 66 23 17 99 54 52 81 61 50 54 75 18 72 29 100 : 54.1
bvQr, TmdDwHsALPK .......... 81 34 76  5 89 95 20 76 97 60 16 94 63 21 30 97 33 79 92 13 62 74 31 -1 59 74 19 81 80 70 48 61  3 55 -3 98 82 22 -1 78 88 53 71 82 79 32 79 11 43 -4 : 53.9
FnMQ, xbKgD ................ 88 49 96 48 93 63 76 92 58 94 25 52 15 26 65 93 25 36 72 41 86 33  1 72 88 50 17 26 92 89 56  6 69 51 59 62 45 67 53  3 60 83 92  7 40 56 31 70 23  2 : 53.9
vTQZWBQDjTjAXJ, MUEndCRDbLV  42  9 57 58 82  3  3 86 91 35 28  7 75 70 12 84 74  2 33 92 71 65 75 42 64 21 12 100 72 65 100 46 79 56 35 60 96 43 78 86 84  5 24 90  6 42 -1 85 81 70 : 53.9
gUSzHXyqsUwg, UmEwYTgKqldnL  96 22 88 94 90 23 60 53 39 96 47 12 46  1 81 23 84 53 94 48 91 23 84 54 63 59 78 56 55 58 62 51 11 81 44  0  4  3 91 80 30 69 97  7 75  3 35 59 93 28 : 53.9
IdxInbkVEQ, GoVcJnJMqYs .... 11 -4 71 87 45 33 41 76 23 98 68 67 76 75 74 29 40 99 61 19 56 -5 79 95 33 93 69  0 71 69 68 87 71 70 73 47 34 46 54 62 75 21 28 50 -4 34 11 73 64 77 : 53.8
tpQo, DHrVWJH .............. 17 57 69 89 43 91 83  0 -5 11 57 20 100 44 95 35 91 73 83 34 73 17 20 91  4 27 42 100 72 93 66 94 81 67  8 23 57 96 61 89 38 17 41 38 98 35  4 14 39 93 : 53.7
iqeVqUU, aEorOqK ........... 82 10 26 32 34 16 49 35 10 76 81 60 20 -3 32 80 79 37 70 90 85 63 48 63 30 35 51 28 65 100 64 46 41 21  9  7 74 95 79 89 71 59 80 96 61 43 75 39 86 44 : 53.3
aKdVrZnCMUE, ZtvHAC ........ 20 62 47 100 62 59  0 58 69 23  1 59 97 74 100  1 79 91 30 27 25 50 58 65 66 59 89 21 75 -5 11 100 94 63 99 56 54 30 13 54 58 51 44 86 24 43 92 35 34 54 : 53.1
UinYN, uaNQqzQF ............ 31 43 33 18 28 79 89  2 53 -3 37 83 58 39 63 55 97 91  3 25 78 63 57 45 66 90 76 86 74 83 13  5 57 83 28 90 94 48 23 46 50 97 29  7 68 97 99 64 13  2 : 53.1
iShtfHHyiOx, cg ............ 26 76 11 78 66 85 85  8 19 48 48 65 20 93 60 93 88 35 20 49 71 33 30 92 87 63 31 -4  1 76 47 32 84 95 41 81 80 25 94 30  4 41 26 62 65 91 86 84 25  6 : 53.0
