yRmfnOwmgLsV, USdAubriF ........... 54 36 79 42 59 92 14 46 32 95 21 73 75 54 63 88 24 45 27 77 43 70 69 44 92 19 12 59 95 66 40 81  2 50 22 66 41 74 43 79 68 69 83 74 55 45 62 84 95 94 92 69 95 61 13 86 85 62 76  6 27 16 92 66 : 58.4
bc, AzSaByvOpjmzT ................. 92 38 79  2 -4 87 83 58 80 64 19 36 11 80 28  9 98 -5 89  9 45 77 58  8 58 69 74 85  1 19  9 24 62 93 31 96 80 46 53 91  9 78 26 58 89 60 72 86 92 92 26 36 69 89 81 58 90 54 74 96 78 88 51 72 : 57.1
wmBtcZ, PrYqgjckPUytR ............. 74 79 67 19 88 88 74 27 16 63 27 56 82 76 17 93 58 66 16 63  8 89 38 -4 44 69  6 36 95 78 91 68 89 58 93 76 77 98 34 98 61 99 85 74  0 33 67 63 30 14 25 44  2 100 45 52 -5 88 19 95 98  9 63 86 : 56.8
ceNwFcPjFi, QKoiIxmZRhjEv ......... -4 79 86  1 32 34 86 27 87 51  3 14 81 40 79 89 63 66 57 85 41 80  3 53 90 98 80 100 25 93 70 59 72 88 65 35 21 82 99 39 32  1 59 44 46 69 32 40 34 94 24 80 74 32 33 95 61 44 94 18 37 96 82 40 : 56.4
PCrMAS, XSNTmVQg .................. 92 91 33 99 22 32 39 63 62 70  2 64 38 97 55 64 95 15 88 41 96 78 26 41 85 86 17 54 96 73 12 13 64 51 11 17 14 55 85 81 56 18 44 99 14 30 94 40 82 82 87  3 91 44 50 76 61 72 61 56 77 78  1 72 : 56.3
qdnAyOEESXR, py ...................  4 -4 83 16 78 50 87 72 76 96 70 85 73 11 75  7 14 74 52  4 72 92 66 22 75 11 -3 13 92 45 84 27 79 98 80 56 48 99 59 55 94 60 39 67 76 45  5 21 18 94 62 22 86 28 49 60 44 83 78 67 60 94 100 38 : 56.0
TzqCLBuftLMFTp, WSpjtd ............ 51 53 72 55 32 57 94 13 35 57 -1 49 44 91 81 71 67 98 21 -4 41 -5 55 -5 19 33 89 87 42 76 10 99 60 87 85 97 44 79 41 10 35 77 65 84 68 77 86 34 74  6 68 46 38 54 47 95 93 67 81 34 74 97 64 33 : 55.9
rVhheJWCg, eMn .................... 40 48 64 16 74 44 50 58 24 100  1 59 99 48 72 31 65 79 31 82 33 20 99 15 95 31 89 91 19 46 63 64 100 59 12 -1 34 67 62 63 98 100 21 23 79 98 91 43  3 21 25 41 78 55 93 72 91 81 63 41 27 57 36 58 : 55.3
STCi, Qtvvu ....................... 75 39 12 85  3 21 76 79 58 48 80 27 98 78 59 94 97 92  1 96 14 11 23 14 28 93 22 68 81 61 64 55 -1 81 71 40 33 79 18 96 58 29 55 87 39 13 80 67  4 87 63 23 29 91 75 62 83 -4 29 95 62 25 82 99 : 54.7
VUKfwhRCVzzVvO, ednkAZyM .......... 28 93 97 92 30 78 74 -4 78 15 38 32 98 11 31 26 72 37 96 28 43 85 74 60 99 96 -5 80 23 83 90 89 75 87 80 36 96 86 38 73  0  7 36 29 55 -2 60 58 41 55 17 15 40 96  6 70 17  6 49 78 94 39 98 100 : 54.7
elUBkouClV, kqrAadxyi ............. 87 61 47 74 34 91 75 57 30 87 47 79 26 32 38 34  1 32 15 96 71 67 22 62  9 46 62 96 63 48 78 82 41 24 55 80 14 30 68 81 48 14 59 79 84 29 45 90 66 65 11 36 63 38 -2 77 90 97 73 84 45 82 65 17 : 54.6
EGNB, TyTeDk ...................... 25 52 21 41 81 58 -5 56 96 52 100 83 -5 70 58 100 61 90 84 60 17 100 99 84 100 93 22 32 19 82 62 81 66 88 53 46 45 53 33 73  4 32 55 37 33 44 36 100 65 52 91 88 51 15 71 51  8 98 14 64  5  7 44  2 : 54.6
XKxkyDKBK, oEBA ................... 84 88 86 70 85 84 82 89 44 -5  8 96 51 66 15 99 68 26 44 61 92  7 22 93 64 62  5 20 65 57 69 81 44 86 50 61 69 32 49 44 64 62 39 14 27 59 12 100 90 61 93  7 -1 14 -1 69  7 42 94 77 -2 94 57 80 : 54.2
LRPUmhPUhkq, yZraPEGIPaBDGaN ...... 71 100 75 60 97 11 76  8 29 72 61 95 73 66 72 76 60 59 46 77 19 12 22 43 92 76 84 31 62 93 94 32 18 68 97 14 85 -1 59 45 76 20 39 49 91 10 56 50 74 33 59 24 50 12 72 73 93 87 35 54  6 28 18 29 : 54.2
ePyiFhxzXokQyC, Pw ................  4 -1 78 98 44 76 43 55  8 10 57 92 47 50 14 68 55 83 29 68 53 71 76 62 47 46 90 20 82 43 38 92 79 47 89 22 23 63 83 68 78 71 92 56 21  5 23 81 93 89 48 77 91 56 39 37 33 60 62 15  2 32 38 87 : 54.0
PY, EElFFZrVMals .................. 72  3 15 38 21 67 -5 89 41 17 81 14 61 67 85 66 61 30 -4 57 62 74 76 93 49  9 69 27 18 63 44 95 71 64 65 98 31 97 12 77 13 98 23 79 96 39 76 89  1 77 45 100 82 53 18 63 67 92 21 90 55 70 11 25 : 54.0
LrxypisNKnCsuIa, qMQAZFgzDq ....... 32  1 98 91 60 17 54 17 94 88 44 77 42 43  9 100 69 86 18 82 93 78 75 38 24 36  0 54 65 26 90 28 64 87 19 23 36  4 77 29 97 20 37 70 100 52 69 100 69 92 82 61 -5 88 31 56 23 36  9 19 99 30 53 94 : 53.9
bpI, qKxPZQlMOB ................... 10 76 81 60 20 -3 32 80 79 37 70 90 85 63 48 63 30 35 51 28 65 100 64 46 41 21  9  7 74 95 79 89 71 59 80 96 61 43 75 39 86 44 60 -4 38 40 65 -1 80 47 32 77 78 27 54 19 53 69 63 26 95 41 47 65 : 53.9
giZTR, KPFZEpKg ................... 70 98  1 83 51 95 83  4 15 18 -4 80 80 11 53 33 71 73 83 99 39 14 77 70 63 85 35 11 26 78 100 -4  1 32 10 57 26 98 98 46 47 26 57 27 74 42 65 44 14 79 43 90 99 51 92 93 36 26 35 99 35 66 100 42 : 53.8
RSQFRnLNTjbXcu, UdgUVTYCCXW ....... 42 28 77 -2 55 93 62 41 47 53 27 96 62 -2 91 62 21 49 11 43 92 48 89 77 85 49 10 61 -5 27  9 74 93 18 78 79 10 71 20 63 55 52 90 16 87  6 84 39 61 26 88 52 80 76 61 64 56  2 56 88 67 71 94 59 : 53.7
lMV, TlubJnyOa .................... 86 46 83 19 66 34 13 43 73 14 43 53 63 56 58 72 93 27 37 41 71 85 53 91 36 54 84 98 60  6 75 78 90 90 -4 55 55 46 -2 28 97 78 12 91 33 75 62 58  1 30 -2  3 46 88 100 87 42 83 84 33 21 91 10 42 : 53.7
TwszSxpmbuxjfg, wFtBFsakbClKBt .... 49 31 43 45 58 92  0 50 46 75 51 54 10  6 48 91 98 89 15 61 92 11 65 42 98 60 95 52 47 24 80 27 61 23 78 50 14 83 -1 98 57 87 83 72 99 30 63 96 50  9 88 74 25 52 15 55 11  9  6 95 70 91 21 62 : 53.6
lQ, hJ ............................ 47 85 -3 -4 79  6 60 27 24 94 46 97  4 56 69 77 94 73 76 97 99 62 40 57 67 10 89 64 87  3 61 34 20 95 67 30 33 58 62 62 52 40 58 93 27 58 -4 20 30 77 17 61 70 94 49 68 35 69 32 54 78 24 93 29 : 53.6
cNMOD, NoobNdVpmGd ................ 58 81 47 98 72 42 72 49 59 87 59 15 77 70 94 81 55 74 50 62 89 16 12 46 83 53 20 75 65 22 67 22  2 13 51 79 93 22 28 83  9 18 -3 17 94 96 29 80 70 85 41 90 32 91 35 46 43 92 20  7 13 92 66 20 : 53.5
cZdGsj, zOPT ...................... 60 49 74 59 93 64 47 37 69 67 11 92 43 45 83 32 35 94 59  6 46 61 83 99 76 77 15 96 48 13 37  7 99 10 71 92  6 49 60  6 47 76 30 96 20 12 27 92 37 17 29 14 84 12 44 59 20 65 54 73 83 97 85 81 : 53.5
vToEL, ZoiKkKlx ................... 68 88 24 98 98 20 -5 64 39 97 87 41 70 53 17 99 70 42 22 86 99 53 27 16 95 48 24  3 80 22 27 48 42 88 45 71 39 78 35 83 74 53 23 76  5 77 74 80 50 27 65 81 86 23 -4 80  2 57 14 88 10 46 67 57 : 53.3
OhvsiHu, BKK ...................... 74 91 83 61 42 72 43 11 90 18 77 -5 69 19 68 65 66 68 35 94 52 48  9 59 98 96 10 58 -2 83 68 77 73 83 37 46 86 11 94 75 35 70  2 35 94  1 -1 92  0 39 85 57 92 25 16 15 20 63 79 55 77 78 31 49 : 53.3
rlqBKkF, RxwxCFUy ................. 44 14 39 37 67 99 88 49 96 48 93 63 76 92 58 94 25 52 15 26 65 93 25 36 72 41 86 33  1 72 88 50 17 26 92 89 56  6 69 51 59 62 45 67 53  3 60 83 92  7 40 56 31 70 23  2 42 40 72 49 43 91 -2 65 : 53.1
IIeSmHBoBr, lz .................... 24 72 86  5 70 22 95  7 29 14 -1  0 71 99 94 40 64 -5 94 -5 11 61 26 13 94 47 96 88 82 -1 43 37 76 60 48 45 88 74 89 16 93 93 53 95 92 79 34 87 79 60 13 21 52 44 39 45 22 66 64  3 71 39 77 78 : 52.6
Xw, xreF .......................... 44 40 67 30 87  4 65 25 37 47 59 90 75 69 79 17 64 44 100 61 -1 62 71 81 16 28 96 54 73 19 49 17 96 15 52 82 24 48  7 66 27 -3 88  1 -2 98 55 99 41 86 59 78 79 29 58 26 95 85 86 67  3 34 89 30 : 52.6
ZPEJOyoeW, bCwdvRoVJcMr ........... 61 11 69 78 65  7 41 88 91 19 11 10 68 29 67 54 45 20 56 23 19 22 72 38 98 71 50 58 50 84 72 42 26 73 19 97 11 98 10 33 48 26 48 16 93 14 75 37 71 31 97 22 58 68 97 88 71 47 45 52 62 48 99 94 : 52.5
mISFtPJqYRQwDq, ZSdCbiWEYzF ....... 74 13 45 15 62 -1 100 22 48 82 85 25 47 65 48 40 77 63 66 55 83 68 84 16 16  8 10 91 25 38 61 -1 56  5 51 49 41 82 76 94 63 93 50 42 57 -3 87 65 97 52 52 80 52 67 27 73 80 74 95  5 43 55 41 31 : 52.5
