oDLfCfxs, JzBmapfH ....... 99 57 17 83 42 62 94 73 35 64 14 84 16 78 54 82 90 98 59 80  5 57 97 31 59 64 60 78 52 81 53 82 70 75 96 11 36 90 15  2 85 67 91  0 44 76 : 60.0
eOFqQFCp, Qj .............  3 86 47 95 51 37 29 16 68  6 18 84 23 81 92 75 94 48 89 94 58 18  0 30 55 88 63 51 29 84 64 69 69 42 64 51 84 98 73 84 35 96 67 64 77 91 : 59.6
Cu, HOGyhgDiuYMX ......... 100 40 71 69 58 91 21 98 29 93 47 76 91 85 14 76 23 77 69  5 51 27 92 91 33 99 22 32 39 63 62 70  2 64 38 97 55 64 95 15 88 41 96 78 26 41 : 59.0
SWiKzpaKClnR, kYjUuGLC ... 50 97 29  7 68 97 99 64 13  2 94 96 -4 82 40 99 71 48 85 45 62 29 55 18 44 14 39 37 67 99 88 49 96 48 93 63 76 92 58 94 25 52 15 26 65 93 : 58.2
Ficcj, jEvLXKpShKt ....... 86 27 87 51  3 14 81 40 79 89 63 66 57 85 41 80  3 53 90 98 80 100 25 93 70 59 72 88 65 35 21 82 99 39 32  1 59 44 46 69 32 40 34 94 24 80 : 58.2
ncuE, pM ................. 83 42 45 20 84 90 57 68 53  5 75 34 84 57  2 23 22 59 54 86 75 58 70  6 29 28 94 78 42 49 38 56 96 89 81 79 78 37 79 63 79 53 28 95 41 36 : 56.5
zctoFeGkbVZgotg, ETwnnyvdxUqsa  97 32  8 88 32 35 95 27 72 60 28 49 96  1 18 11 23 95 50  3 68 78 57 98 83 -2 76 100 95 67 22 91 30 35 79 68 76 73 26 79 64 60 27 59 98 50 : 56.0
nOiQFgjhh, jonNJn ........ 18 69 84 92 46 93 26 99 72 -1 92 93 78 18  8 60 90 95 72 12 93 38 28 77 71 71 40 52 53 86 54 76 54 37 99 32 29 24 62 32 60 54 24 37  3 69 : 55.9
VlshRVHgzyj, tWmamj ...... 53 51 26 -3  6 62 90 35 47 100 39 76 89 24 78 100 73 71 79 92 26 81  1 51 16 46 94 35 64 28 63 48 84 94 50 95 55 72 62 33 71  0 40 92 61 18 : 55.8
ytVThqGknyFo, lXCvidFkQcAR  47 36 95 -1 76 87 13 99 99 59 87 61 60  9 100  2 87 71 88 29 93 91 100  8 44 85 16  8 70  7 37 17 49 31 53 56 49 72 55 79 62 41 39 53 87 38 : 55.3
aGtItU, RyC .............. 100 -4 85  1 29 -5 63  7 33 26 55 24 25 52 21 41 81 58 -5 56 96 52 100 83 -5 70 58 100 61 90 84 60 17 100 99 84 100 93 22 32 19 82 62 81 66 88 : 55.2
hDRo, Lbm ................ 69  7 77 19 84 -3 90 78 47 61 97 96 16 68 84 43 71 31 70 82 78 25 32 31 86 74 58 50 67 20 97 35 64 73 92 47  2 81 25 54 73 53 49 20 20 32 : 54.9
UmhPUhkqPNWvP, PaBDGaNswu  61 95 73 66 72 76 60 59 46 77 19 12 22 43 92 76 84 31 62 93 94 32 18 68 97 14 85 -1 59 45 76 20 39 49 91 10 56 50 74 33 59 24 50 12 72 73 : 54.7
Lt, lxlozM ............... 24 98 98 20 -5 64 39 97 87 41 70 53 17 99 70 42 22 86 99 53 27 16 95 48 24  3 80 22 27 48 42 88 45 71 39 78 35 83 74 53 23 76  5 77 74 80 : 54.5
AaCAu, lTqodskEfN ........ 97 11 77 34 91 -4 66 87 -3 -1 82  4 62 68 66 36 19 13 100 31 86 26 65 77 36 57 100 79 32 23  9 28 72 18 99 62 51 64 80 85 100 61 94 62 28 59 : 54.1
NxH, arAPvyQ ............. 84 97 59 86 16 24  1 28 100 30 51 76 99 42  9 37 12 54 76 -3 69  4 62 98 93 82 69 28 53 17 36 68 13 100 85 66 23 17 99 54 52 81 61 50 54 75 : 54.1
TzqCLBuftLMFTp, WSpjtd ... 51 53 72 55 32 57 94 13 35 57 -1 49 44 91 81 71 67 98 21 -4 41 -5 55 -5 19 33 89 87 42 76 10 99 60 87 85 97 44 79 41 10 35 77 65 84 68 77 : 54.0
pmCqJgfLuA, qObqngdgCt ... 26 47 40 75 84 78 93 42 75 77 85 -4 22 98 46 89 80 40 45 -3 15 71 43 79 96 75 98 87 97 18 63 54 -3 35 29 86 12 21 60 93 29 44 20 57 73 -2 : 54.0
yOin, JKKTB .............. 67 47 67 78 100 82 56 65 24  8 95  7 22 22 72 34 10 94 12 44 68 82 82 15 46 54 95 51 16 20 68 88 73 66 97 -2 80 53 100  3 98 94 47 51 16 18 : 54.0
fL, jrm .................. 20 -3 32 80 79 37 70 90 85 63 48 63 30 35 51 28 65 100 64 46 41 21  9  7 74 95 79 89 71 59 80 96 61 43 75 39 86 44 60 -4 38 40 65 -1 80 47 : 53.8
HXyqs, WMB ............... 75 19 62 65 48  1 96 22 88 94 90 23 60 53 39 96 47 12 46  1 81 23 84 53 94 48 91 23 84 54 63 59 78 56 55 58 62 51 11 81 44  0  4  3 91 80 : 53.7
QxOQvAegKDu, zNsqutX ..... 69 93 75 17 66 62 66 33 19 62 48 34 95 82 99 97 36 94  5 74 20 32 98  9 89 88 46 45  5 77 48  5 69 54 60 66 15 25 31 72 92 10 37 12 97 35 : 53.5
MiQNlAf, UnxlY ........... 57 -3 87 65 97 52 52 80 52 67 27 73 80 74 95  5 43 55 41 31 65 97 85  6  5 93 31 73 85 87 46 73 89 64 38 86 16 21 97 -1 93 55  3 -1 28 -2 : 53.5
